# Accelerometer Data File
# Started @Thu Mar 25 14:27:25 GMT 2021
#
#
# sensor Vendor: Bosch
# sensor Name: BMA254
# sensor Resolution: 0.009576807m/sec^2; Max Range: 39.2; Min Delay: 10000 microseconds
# The sensor's attributes are the result hardware and the Android capabilities.
# It means that the Android may not utilize all features provided by the hardware.
#
# Some devices and Android versions save battery too much so the device may go to sleep.
# It just happens after couple of minutes from turning off the scree and it is easy to find it out.
#
# The following file provides the data from accelerometer in the m/s^2 format.
# The diff value is just a time delta between the samples
#
#
# data format:
# so we have 4 columns with values separated by the " "
# X Y Z time_from_previous_sample(ms)

# sensor speed set to:NORMAL
# units set to: m/sec^2
# gravity NOT filtered out
# Accuracy: HIGH
1.438 -0.629 9.722 0
1.532 -0.648 9.662 200
1.482 -0.715 9.744 199
1.381 -0.545 9.842 201
1.321 -0.579 9.859 199
1.233 -0.533 9.876 201
1.151 -0.608 9.89 200
1.036 -0.517 9.923 199
1.115 -0.507 9.873 201
1.039 -0.44 9.919 200
1.132 -0.325 9.878 200
1.237 -0.344 9.816 201
1.187 -0.27 9.844 200
1.314 -0.351 9.78 198
1.362 -0.387 9.727 200
1.266 -0.378 9.775 200
1.297 -0.454 9.737 200
1.292 -0.459 9.751 200
1.199 -0.545 9.782 200
1.201 -0.627 9.77 202
1.201 -0.658 9.682 201
0.885 -1.051 9.284 198
0.064 -1.769 9.136 199
-0.952 -3.265 8.688 200
-1.723 -5.015 7.905 202
-1.85 -6.634 7.168 199
-1.577 -7.773 5.947 199
-1.168 -9.069 5.001 201
-1.374 -9.145 4.228 199
-2.327 -9.334 4.151 200
-2.746 -9.289 4.213 201
-3.354 -8.14 4.671 200
-4.343 -7.07 6.138 202
-4.632 -5.31 6.979 198
-4.587 -3.866 8.066 199
-4.079 -3.512 8.872 201
-3.021 -3.416 8.71 199
-2.018 -3.713 9.232 201
-0.277 -3.502 9.198 200
1.819 -4.015 8.113 199
2.408 -6.083 6.651 201
1.493 -5.037 8.307 199
0.495 -4.168 9.078 200
-0.395 -1.975 9.459 201
2.078 -0.833 10.163 199
4.01 -4.141 5.896 200
1.611 -3.825 6.521 201
0.78 -3.457 7.623 199
-1.319 -1.151 8.516 201
-0.538 2.446 11.116 199
3.201 1.043 9.21 201
2.473 0.076 8.346 199
0.529 -0.502 9.454 200
0.136 -0.177 8.93 202
0.742 -0.395 9.282 199
3.275 -0.893 8.224 199
3.608 -3.129 7.354 202
0.66 -4.24 8.319 199
-1.412 -2.956 8.499 201
-2.305 -2.229 9.44 198
0.742 0.263 9.378 200
4.527 -0.191 7.173 200
3.799 -2.588 7.005 201
0.148 -2.121 8.188 200
-0.988 -1.869 8.468 200
-1.855 -0.509 9.595 200
1.984 -0.129 8.738 199
5.269 -2.446 6.873 200
2.03 -2.978 7.034 200
-1.201 -3.615 7.098 200
-2.662 -1.632 8.034 201
-1.151 0.265 8.695 200
3.62 -0.404 7.151 199
4.419 -2.329 7.259 200
0.021 -2.573 7.441 201
-0.581 -2.135 7.74 199
-1.922 -0.995 8.41 202
0.926 -1.048 8.171 199
4.589 -3.15 6.902 199
0.33 -3.79 7.824 201
-3.21 -3.801 7.546 199
-4.249 -1.209 8.157 201
-3.778 0.002 9.327 200
1.522 -0.857 7.493 199
3.909 -3.495 7.046 200
0.806 -5.183 7.22 201
-1.47 -3.79 6.763 199
-3.55 -2.116 7.596 200
-1.563 -0.088 8.437 201
3.354 -0.495 6.306 200
2.949 -3.177 6.816 202
0.074 -4.223 7.062 197
-0.423 -3.284 7.532 200
-2.063 -1.731 9.109 201
1.359 -1.412 8.652 201
4.802 -2.738 7.486 198
1.113 -5.023 7.541 202
-2.363 -4.642 7.065 199
-4.537 -2.64 8.396 200
-3.792 -1.388 9.265 199
1.065 -1.041 7.735 201
4.663 -3.181 7.007 199
1.936 -4.084 6.402 202
-1.951 -2.999 5.983 199
-3.033 -0.916 7.22 201
-2.995 0.758 8.738 199
1.9 0.349 7.709 200
4.515 -2.281 7.101 200
0.859 -3.416 7.383 201
-0.727 -2.588 5.987 200
-1.216 -0.684 6.521 199
-0.694 1.302 8.142 199
3.102 0.067 6.754 201
2.715 -3.04 7.443 201
-1.47 -4.735 7.201 199
-1.994 -4.525 5.975 199
-2.71 -2.521 6.607 203
0.141 -0.222 6.761 198
4.508 -0.797 6.248 200
3.335 -2.738 6.706 199
-0.392 -3.524 6.936 200
-2.451 -3.1 6.035 202
-4.041 -1.304 7.034 198
-1.546 -0.28 7.259 202
2.729 -1.707 6.509 198
1.948 -3.955 7.39 202
-1.783 -4.278 6.852 198
-3.055 -3.945 6.955 201
-3.205 -2.753 7.661 201
-0.107 -2.027 7.395 198
4.553 -3.746 6.88 200
2.066 -3.811 8.078 200
-1.237 -3.919 7.613 200
-2.303 -2.056 8.707 200
-2.382 -0.778 9.497 200
1.098 -1.558 7.936 202
3.557 -2.633 7.874 199
0.665 -4.343 7.977 201
-3.232 -3.593 7.378 198
-3.983 -1.58 8.188 200
-3.332 -0.395 8.789 200
0.986 -0.591 7.261 202
4.187 -2.885 6.833 200
0.825 -4.067 6.727 198
-2.738 -4.048 6.054 201
-5.305 -2.226 7.287 199
-4.711 -0.672 8.334 200
-0.308 -1.62 7.544 200
3.397 -2.806 7.843 201
1.838 -3.672 7.448 199
-0.938 -4.11 7.508 200
-2.396 -2.161 8.137 201
-2.449 -0.744 8.698 199
1.438 -1.297 8.238 200
4.321 -2.425 6.88 201
2.861 -4.331 7.469 201
-0.893 -4.659 6.385 198
-2.492 -3.457 7.094 202
-2.24 -1.695 8.252 199
0.814 -1.977 6.897 199
5.03 -2.659 6.856 200
5.252 -4.987 6.291 200
3.83 -5.623 7.146 200
1.596 -3.663 8.518 202
0.821 -1.453 9.751 198
1.319 0.026 9.842 201
3.418 -0.517 8.487 199
4.793 -2.238 6.907 200
1.326 -3.967 6.847 200
-2.238 -3.193 6.552 202
-4.168 -1.472 7.56 198
-3.581 0.414 8.166 200
0.632 0.196 8.015 201
4.276 -1.328 8.329 199
2.729 -1.541 8.36 202
-0.577 -1.4 8.051 198
-3.136 0.093 7.773 201
-1.999 2.094 7.991 200
-0.184 1.007 7.058 199
-1.716 2.942 6.476 200
-2.195 3.27 6.727 200
-2.571 3.67 6.596 200
-0.96 3.548 6.045 202
1.13 0.713 6.888 198
-0.215 2.032 5.224 200
-4.094 3.083 4.414 200
-7.908 5.54 4.807 201
-7.603 6.734 5.188 199
-2.882 5.176 6.739 201
-0.131 3.766 7.503 200
1.223 3.229 8.576 199
-0.131 3.667 7.924 201
-4.074 5.068 6.124 200
-6.263 5.868 5.741 201
-4.412 5.99 5.348 198
-0.555 5.288 5.401 201
0.474 3.758 5.343 199
-0.399 4.206 4.45 200
-3.924 4.699 3.488 200
-7.175 5.825 3.055 200
-7.235 5.899 4.656 200
-3.778 4.592 6.074 200
-1.23 4.367 7.101 201
-1.043 3.931 7.594 201
-1.903 4.678 5.77 198
-4.168 5.736 3.435 200
-5.504 6.452 2.545 200
-4.635 5.954 3.311 200
-2.023 5.329 5.975 207
-0.79 4.273 8.841 194
0.469 3.16 9.835 200
-0.169 3.383 8.834 199
-2.482 5.305 5.877 201
-4.175 6.349 2.796 200
-4.17 6.854 2.319 201
-0.469 7.402 2.542 199
2.731 5.827 5.102 200
1.944 5.068 6.447 200
-0.806 4.793 3.766 200
-5.449 4.548 2.688 200
-8.398 4.639 2.413 199
-5.863 4.367 4.474 201
-1.28 3.581 7.149 199
2.272 2.997 8.662 200
3.181 2.719 8.348 200
0.787 3.62 5.181 201
-3.691 4.857 4.048 200
-6.438 5.03 3.545 199
-5.224 5.53 4.223 201
-1.237 4.814 5.872 200
1.857 4.266 7.065 199
0.823 4.661 6.22 200
-2.138 5.348 5.386 200
-5.073 4.606 5.918 201
-6.576 4.089 6.61 199
-4.616 4.139 7.795 201
-2.93 2.851 8.659 199
-2.607 3.349 8.93 201
-2.379 3.888 8.829 200
-2.825 3.581 8.925 199
-2.43 4.125 8.784 201
-1.865 4.338 8.53 201
-1.414 3.866 8.401 203
1.175 0.873 8.372 197
3.179 -1.972 7.472 199
2.798 -5.001 7.735 199
0.237 -5.975 8.075 200
-2.351 -3.488 8.214 200
-3.687 -1.216 9.277 200
-2.367 0.78 9.205 202
1.831 -0.928 8.717 199
2.717 -3.552 7.975 201
0.083 -4.541 7.879 199
-3.253 -4.972 7.019 199
-4.886 -2.387 7.398 200
-4.048 -0.418 8.137 200
-0.112 -1.154 7.857 200
3.387 -1.843 8.286 201
2.99 -3.339 7.881 200
0.62 -4.017 8.037 199
-1.663 -2.3 8.31 200
-2.537 -0.169 9.411 201
-0.83 0.325 9.217 201
2.161 -0.062 8.621 199
3.105 -2.214 7.9 199
1.431 -3.126 7.608 201
-1.326 -1.546 8.13 200
-3.119 0.493 9.028 199
-2.796 1.843 9.543 201
0.165 1.297 9.354 201
2.794 -1.156 8.647 199
1.687 -3.38 8.382 200
-1.144 -3.009 8.528 200
-1.295 -1.309 8.461 199
-1.582 -0.088 8.578 200
1.814 0.907 7.922 200
5.346 -1.158 7.275 204
2.516 -3.062 7.058 197
-0.636 -2.971 7.331 201
-1.826 -2.202 8.025 200
-2.145 -0.325 8.413 198
0.691 -0.169 8.489 201
4.302 -1.288 7.769 199
2.643 -2.518 7.977 201
-0.378 -2.154 8.358 200
-1.132 -0.136 8.676 200
-1.357 1.168 9.598 199
0.304 1.244 9.215 200
3.706 -0.237 8.628 200
0.174 -2.995 8.913 200
-3.155 -3.722 8.717 202
-2.82 -2.81 8.303 199
-3.313 -1.156 8.865 200
0.981 -0.158 8.149 199
4.661 -0.79 7.96 200
4.089 -2.681 7.917 200
2.104 -3.215 8.372 202
-0.756 -2.343 8.801 199
-2.755 0.363 9.634 199
-2.135 1.623 10.024 201
0.811 -0.538 8.769 199
3.521 -2.887 7.007 200
2.463 -5.48 6.907 202
-1.158 -5.197 6.615 199
-2.319 -2.049 7.534 200
-2.758 -0.143 8.944 200
0.715 -0.158 7.984 199
4.481 -1.302 7.824 201
3.703 -4.132 7.311 200
1.462 -4.733 7.876 199
-2.506 -3.239 8.173 200
-3.9 -1.161 9.107 201
-2.832 0.629 9.212 199
0.134 -0.148 8.532 200
3.172 -2.205 7.795 200
2.839 -3.787 7.886 200
-0.756 -3.605 7.912 201
-0.96 -1.601 8.149 201
-0.998 0.627 9.279 198
0.294 0.737 8.659 200
4.213 -1.017 8.166 200
3.234 -3.665 7.908 200
0.514 -4.244 8.331 200
-2.37 -3.215 8.372 202
-3.466 -0.89 9.095 198
-3.062 1.338 9.234 201
0.275 0.05 8.269 200
3.102 -2.008 7.587 199
2.092 -3.521 7.872 200
-1.055 -3.605 8.283 200
-2.475 -0.924 9.478 202
-2.846 0.718 10.412 198
-1.259 0.77 10.194 201
2.554 -0.395 9.33 199
2.652 -3.813 7.783 201
-0.198 -3.818 8.288 200
-3.234 -2.937 7.714 199
-4.517 -1.738 8.434 202
-3.629 0.301 8.88 198
-0.028 -1.211 8.147 200
2.911 -2.98 7.433 200
1.625 -4.826 7.694 200
-1.63 -5.894 8.042 200
-4.259 -3.383 7.398 201
-4.52 -2.173 8.465 202
-2.152 -1.264 7.953 198
1.359 -1.647 7.364 199
2.731 -4.211 7.618 200
0.275 -4.424 7.943 200
-3.857 -3.383 7.208 201
-5.291 -1.182 8.202 199
-4.419 0.486 8.667 202
-0.924 -0.189 7.745 198
2.789 -2.444 7.912 202
2.748 -4.764 7.759 198
0.778 -5.128 7.63 200
-0.584 -2.559 9.227 200
-0.447 -1.455 9.634 202
0.837 -0.536 9.279 199
2.466 -2.425 8.379 200
0.624 -4.702 7.855 199
-2.966 -4.055 7.486 200
-3.189 -2.712 7.321 200
-3.756 0.026 8.489 200
-1.496 0.131 8.147 201
2.585 -1.003 8.233 201
0.749 -3.397 8.075 199
-0.96 -3.581 8.018 199
-4.027 -1.601 7.486 200
-5.396 0.715 8.087 201
-3.799 2.367 8.341 199
-0.553 0.778 8.133 202
3.011 -1.845 7.802 199
1.896 -3.969 7.867 200
-1.158 -3.143 7.958 199
-2.521 -0.95 8.762 200
-2.667 0.584 9.507 200
-0.201 0.703 9.088 202
3.801 -1.326 8.14 199
3.435 -3.514 7.11 200
0.778 -3.011 7.587 200
-1.065 -0.957 8.018 199
-2.566 0.713 9.385 200
-1.209 2.14 9.581 202
2.197 -0.038 8.549 198
3.49 -2.777 7.35 202
2.013 -4.718 7.8 198
-1.429 -4.225 7.122 201
-2.755 -1.541 8.164 199
-2.791 0.198 9.275 202
0.083 0.316 7.972 198
3.272 -2.073 8.264 202
1.695 -5.202 8.37 198
-1.017 -4.613 8.497 200
-2.794 -2.078 9.521 201
-3.272 -0.112 10.201 199
-1.17 1.233 9.572 200
2.049 -1.115 8.801 200
1.838 -3.813 8.281 202
0.215 -4.314 8.164 198
-0.749 -2.99 8.137 201
-1.29 -1.386 8.418 199
0.591 -1.383 8.018 200
2.801 -3.28 7.0 200
1.812 -5.116 7.551 201
-1.134 -4.419 6.991 200
-3.318 -1.912 7.587 199
-3.842 -0.158 9.105 203
-1.754 -0.239 8.638 197
1.091 -2.956 8.173 201
0.201 -4.467 7.934 199
-2.801 -3.928 6.342 201
-3.351 -2.226 6.785 199
-2.552 -0.756 8.295 202
0.258 -1.699 7.709 198
1.429 -2.942 8.674 200
-1.738 -2.987 8.022 200
-3.842 -1.57 7.256 200
-4.367 -0.227 8.54 201
-1.651 0.196 8.595 201
2.415 -2.023 7.524 199
0.232 -2.822 8.396 200
-0.938 -4.754 6.782 199
-2.537 -6.246 5.173 200
-5.343 -5.341 6.876 200
-3.306 -7.146 6.287 202
-4.453 -6.332 6.907 198
-5.669 -5.343 8.813 200
-4.857 -5.274 8.171 200
-4.821 -4.292 8.508 200
-3.797 -3.244 9.09 200
-2.355 -2.181 8.585 200
-2.262 -2.245 9.548 201
-1.501 -1.812 9.406 202
-0.835 -1.57 9.315 198
-0.342 -1.582 9.514 199
0.577 -0.814 9.112 201
0.979 -0.77 9.674 199
1.23 -1.254 9.674 202
1.192 -1.776 9.988 199
1.242 -2.025 9.842 201
1.51 -1.738 9.694 198
1.759 -1.017 9.787 200
1.917 -0.373 9.684 200
2.018 0.105 9.658 200
2.09 0.114 9.533 201
2.188 -0.174 9.49 201
2.248 -0.186 9.531 198
2.334 -0.16 9.56 200

# Completed @Thu Mar 25 14:28:56 GMT 2021
