# Accelerometer Data File
# Started @Tue Mar 30 14:45:43 GMT+01:00 2021
#
#
# sensor Vendor: Bosch
# sensor Name: BMA254
# sensor Resolution: 0.009576807m/sec^2; Max Range: 39.2; Min Delay: 10000 microseconds
# The sensor's attributes are the result hardware and the Android capabilities.
# It means that the Android may not utilize all features provided by the hardware.
#
# Some devices and Android versions save battery too much so the device may go to sleep.
# It just happens after couple of minutes from turning off the scree and it is easy to find it out.
#
# The following file provides the data from accelerometer in the m/s^2 format.
# The diff value is just a time delta between the samples
#
#
# data format:
# so we have 4 columns with values separated by the " "
# X Y Z time_from_previous_sample(ms)

# sensor speed set to:FASTEST
# units set to: m/sec^2
# gravity NOT filtered out
# Accuracy: HIGH
-0.239 0.857 10.132 10
0.095 0.287 10.359 10
0.998 -0.617 10.228 10
1.929 -1.302 9.931 10
2.94 -1.501 9.346 10
4.297 -1.158 8.379 10
5.087 -0.481 7.771 10
5.554 0.32 7.151 10
5.578 0.986 6.756 10
5.137 1.144 7.196 9
4.975 1.029 7.589 10
5.135 0.79 7.994 11
5.513 0.658 8.085 10
5.973 0.49 7.527 9
6.155 0.596 7.017 10
6.402 0.368 6.397 10
6.43 0.033 6.09 11
6.787 -0.948 5.954 10
7.39 -2.188 5.899 9
7.929 -3.095 5.954 10
8.473 -3.892 6.081 10
8.724 -4.041 6.234 10
8.461 -3.722 6.394 11
7.747 -3.373 6.366 9
7.029 -3.134 6.265 10
6.402 -2.887 5.877 10
6.124 -2.832 5.509 10
6.296 -2.808 5.329 11
6.325 -2.892 5.125 9
6.263 -2.983 5.209 11
6.282 -3.332 5.181 10
6.916 -3.493 5.066 10
7.694 -3.545 4.975 10
8.578 -3.414 4.802 10
9.299 -3.04 4.635 10
9.021 -2.935 4.903 10
8.923 -2.964 5.384 10
8.719 -3.177 5.947 10
9.165 -3.67 6.095 10
10.022 -4.232 5.892 10
10.699 -4.661 5.475 10
10.874 -4.96 5.418 10
10.4 -4.979 5.774 10
9.5 -4.716 6.6 10
8.511 -4.608 7.278 10
8.025 -4.63 7.596 10
7.489 -4.671 7.716 10
7.35 -4.845 7.369 10
7.309 -4.805 7.065 10
6.258 -4.738 6.88 10
5.257 -4.651 6.895 10
4.18 -4.699 6.411 10
3.576 -5.073 5.26 10
3.983 -5.473 3.988 10
4.199 -6.232 2.846 10
4.491 -6.856 2.202 10
3.414 -7.096 2.887 10
1.654 -7.462 4.153 10
0.086 -7.469 5.291 9
-1.575 -7.896 6.438 10
-2.351 -8.441 7.029 10
-2.343 -9.097 6.708 10
-2.533 -9.586 6.461 11
-2.628 -9.655 6.205 9
-3.509 -9.323 6.517 10
-4.867 -8.461 7.501 10
-6.028 -7.766 8.41 10
-7.345 -6.732 9.56 11
-7.876 -6.1 10.141 9
-8.032 -5.403 10.601 10
-8.303 -4.855 11.334 10
-8.418 -4.647 11.827 10
-8.887 -4.347 12.773 11
-9.356 -4.405 13.498 9
-8.973 -3.505 13.673 10
-7.934 -2.231 13.63 10
-6.54 -1.048 13.134 10
-5.319 0.28 12.828 11
-5.43 0.864 13.251 10
-6.196 1.074 13.893 10
-7.026 1.13 14.709 10
-7.685 1.039 15.337 10
-7.618 1.058 15.641 10
-7.211 1.881 15.856 10
-6.739 2.861 15.897 10
-6.234 4.137 15.739 10
-5.861 5.238 15.452 10
-5.458 5.288 15.114 10
-4.57 4.927 14.362 10
-3.715 4.268 13.809 10
-2.621 3.617 12.514 13
-1.896 3.213 11.358 7
-1.726 3.339 10.479 10
-1.788 3.282 9.624 10
-2.09 3.217 9.512 9
-2.791 3.26 9.658 10
-3.385 2.829 10.041 10
-3.746 2.583 10.4 10
-4.096 2.561 10.69 10
-4.046 2.432 10.721 10
-3.677 2.822 10.292 10
-2.633 3.366 9.191 10
-1.601 3.684 8.159 10
-0.895 3.94 7.541 10
-0.545 4.031 7.283 10
-2.001 3.876 8.439 10
-3.49 3.677 9.488 10
-4.654 3.541 10.122 10
-5.418 3.533 10.201 10
-4.79 3.83 9.545 10
-4.129 4.17 8.997 10
-3.289 4.754 8.583 10
-2.849 5.209 8.724 11
-2.746 5.442 9.119 9
-2.669 5.571 9.399 10
-2.772 5.456 9.545 10
-2.944 5.145 9.318 10
-3.04 4.845 8.829 11
-3.318 4.936 8.271 9
-3.308 5.238 7.984 10
-3.229 5.736 8.07 10
-3.066 6.15 8.662 10
-3.189 6.246 9.6 11
-3.598 6.131 10.268 9
-4.039 5.647 10.668 10
-4.563 5.248 10.563 10
-4.587 4.707 10.259 10
-4.144 4.168 9.768 11
-3.67 3.998 9.545 9
-2.485 4.108 9.143 10
-1.307 4.39 8.777 10
-0.399 4.314 8.619 10
0.483 3.845 8.506 11
0.656 3.095 8.573 9
0.998 1.838 8.516 10
1.015 0.96 8.372 11
1.055 0.474 8.183 9
1.127 -0.337 8.063 10
1.029 -0.641 8.068 10
1.108 -1.493 8.36 10
1.496 -2.066 8.564 10
1.853 -2.312 8.698 10
1.769 -2.26 8.983 11
1.637 -1.68 9.045 9
0.541 -1.58 9.485 10
-0.244 -1.781 9.921 10
-0.588 -2.281 10.206 10
-0.083 -2.327 9.974 11
1.845 -1.723 9.05 9
3.464 -0.818 8.13 10
5.578 -0.32 6.794 10
6.842 -0.277 5.975 10
7.651 -1.209 5.676 11
8.058 -2.384 6.009 9
7.97 -3.153 6.758 11
7.4 -4.031 7.855 9
6.517 -4.386 8.834 10
5.896 -4.398 8.904 11
5.568 -4.271 8.166 9
5.722 -4.034 7.082 10
6.136 -3.869 5.501 10
6.603 -3.892 4.58 10
6.777 -4.055 4.465 11
6.739 -4.29 4.953 9
6.44 -4.453 5.937 10
6.55 -4.283 6.229 10
7.455 -3.883 5.995 10
8.573 -3.411 5.157 10
9.756 -3.1 4.223 10
10.615 -3.031 3.6 10
10.201 -3.418 3.775 10
9.478 -3.912 4.144 10
8.69 -4.244 4.608 10
8.018 -4.539 4.917 13
8.432 -4.637 4.45 7
9.155 -4.63 3.79 11
9.761 -4.661 2.858 9
10.251 -4.73 2.082 11
9.545 -4.898 1.922 10
8.379 -5.154 1.774 9
7.331 -5.372 1.896 10
6.047 -5.585 2.013 10
5.353 -5.669 2.02 11
5.099 -5.528 2.224 9
4.9 -5.628 2.377 10
4.608 -6.301 2.466 30
3.399 -7.419 2.676 10
1.721 -8.585 2.71 10
-0.011 -9.509 2.794 10
-1.769 -10.038 3.675 10
-2.157 -10.481 4.419 10
-2.056 -11.013 5.133 11
-1.781 -11.978 5.386 9
-1.154 -12.77 4.912 10
-2.806 -13.256 5.063 10
-6.528 -12.753 6.485 11
-10.426 -11.817 8.367 10
-14.362 -9.962 10.658 9
-16.472 -8.054 12.339 10
-15.459 -7.869 12.866 11
-13.692 -8.173 13.014 9
-11.887 -9.397 12.753 10
-10.414 -9.799 12.552 10
-10.45 -8.092 12.964 10
-11.24 -5.896 13.754 10
-11.733 -3.184 14.887 10
-11.894 -1.292 15.959 11
-11.037 -1.249 16.297 10
-9.471 -1.386 16.689 10
-8.202 -2.039 16.74 10
-6.742 -2.786 16.462 17
-6.16 -2.408 16.476 5
-6.287 -1.85 16.436 9
-6.653 -0.835 16.646 11
-7.211 0.272 17.185 10
-6.66 1.489 16.788 10
-5.516 2.509 16.22 10
-4.132 3.071 15.401 10
-3.217 3.296 14.947 11
-3.093 2.762 15.14 7
-3.979 2.468 14.982 12
-5.104 2.286 14.472 9
-5.76 2.442 13.599 10
-5.918 2.528 12.085 11
-5.645 2.794 10.848 10
-5.133 2.947 9.962 10
-4.874 3.119 8.98 10
-5.114 3.361 8.638 8
-5.365 3.342 8.178 10
-5.691 3.236 7.661 12
-5.762 3.112 7.24 8
-5.861 3.047 6.928 10
-5.961 3.021 6.981 12
-5.679 3.191 7.173 10
-5.082 3.569 7.242 9
-4.46 3.888 7.201 11
-3.778 4.448 7.031 8
-3.078 4.637 6.337 12
-2.693 4.618 5.765 10
-1.972 4.249 4.848 10
-1.312 3.639 4.06 9
-1.041 3.213 4.055 9
-1.323 3.229 4.596 12
-1.941 3.596 5.482 8
-3.102 4.472 6.768 11
-4.199 5.425 7.714 11
-5.008 5.786 7.867 8
-5.341 5.791 7.481 12
-5.13 5.286 6.696 10
-4.168 5.085 5.573 10
-2.176 5.614 5.099 10
-0.66 6.5 5.164 10
0.572 7.366 5.978 8
1.053 7.929 7.129 10
0.098 7.266 8.14 11
-0.44 5.889 8.451 11
-0.696 4.532 8.013 10
-1.422 2.949 7.776 10
-1.474 2.011 7.278 10
-3.244 2.379 8.221 10
-5.236 2.753 9.811 10
-6.758 3.351 11.2 10
-7.809 3.083 12.404 9
-6.464 1.692 12.368 11
-4.896 0.296 11.686 10
-2.592 -0.754 11.101 10
-0.761 -0.938 10.702 10
-0.062 -1.197 11.329 8
1.027 -2.959 11.733 12
1.381 -5.066 12.04 10
3.574 -6.643 11.027 10
5.803 -7.618 9.485 11
8.022 -6.459 7.647 11
9.093 -5.042 6.672 8
8.324 -4.153 7.017 10
7.333 -3.557 7.687 10
7.06 -4.134 7.872 10
7.936 -4.97 7.192 8
9.009 -5.959 5.951 10
10.304 -6.655 4.386 12
9.476 -6.758 4.209 8
8.406 -6.799 4.192 10
7.139 -6.687 4.735 10
5.758 -6.531 5.549 12
5.401 -6.426 5.98 10
5.633 -6.373 5.932 10
6.126 -6.033 5.556 10
6.734 -5.736 4.91 8
7.419 -5.166 4.283 12
7.647 -4.496 4.07 10
7.613 -4.113 4.185 10
7.795 -3.883 3.955 8
7.9 -3.926 3.706 10
8.609 -4.266 2.997 10
9.318 -4.606 2.288 10
9.291 -4.769 2.545 12
8.65 -5.181 3.193 10
7.515 -5.406 4.206 8
6.643 -5.679 4.893 11
6.897 -5.863 4.434 11
7.766 -5.798 3.581 10
8.894 -5.75 2.494 13
9.758 -5.655 1.733 6
9.021 -5.839 1.893 9
7.261 -6.093 2.389 12
5.243 -6.33 3.119 8
3.28 -6.725 3.349 10
2.312 -6.952 3.184 10
3.126 -7.204 1.862 10
4.084 -7.924 0.344 10
4.987 -8.487 -0.672 10
4.486 -9.205 -0.696 9
1.393 -10.019 1.412 10
-1.843 -10.364 3.718 10
-5.221 -11.245 6.052 10
-7.196 -11.971 7.393 11
-6.481 -13.318 6.361 10
-7.639 -13.915 6.402 10
-8.657 -13.974 6.414 9
-11.657 -12.409 9.284 12
-14.683 -11.123 12.421 10
-15.835 -10.589 14.484 10
-14.827 -10.783 15.346 10
-11.836 -12.603 13.35 10
-10.369 -12.969 12.196 10
-10.17 -11.925 11.982 10
-12.131 -10.153 12.971 11
-13.433 -8.121 14.336 10
-14.044 -6.449 15.653 10
-12.425 -6.576 16.175 11
-10.453 -7.204 16.972 8
-9.138 -8.092 17.393 10
-7.558 -8.173 17.583 10
-6.275 -7.75 17.154 10
-5.346 -6.825 16.45 13
-5.092 -5.291 16.18 9
-5.104 -4.563 16.141 7
-5.422 -3.155 16.546 11
-4.771 -1.575 16.134 11
-3.445 -0.605 15.289 11
-2.286 0.311 14.063 9
-1.484 0.43 12.866 10
-2.334 0.148 12.648 10
-3.734 -0.007 12.409 10
-4.967 -0.11 12.55 10
-6.028 -0.471 12.509 11
-5.846 -0.301 11.671 9
-5.114 -0.258 10.855 10
-4.036 -0.371 9.452 10
-3.131 -0.225 8.231 10
-3.418 -0.074 7.675 10
-4.273 0.373 7.244 10
-5.473 0.976 7.4 9
-6.921 1.86 7.57 9
-7.738 2.437 7.709 10
-7.697 3.102 7.522 10
-7.144 3.936 7.108 10
-6.342 4.489 6.679 10
-5.154 4.948 6.263 10
-4.256 5.023 6.047 10
-3.804 4.685 6.189 9
-3.483 4.426 6.294 10
-3.548 4.261 6.387 10
-3.746 4.429 6.438 10
-3.837 5.073 6.136 10
-3.797 5.638 5.87 10
-3.466 6.248 6.033 10
-3.002 6.526 6.239 10
-2.803 6.476 7.388 10
-3.066 6.478 8.954 11
-3.62 6.435 10.091 11
-3.888 6.406 10.546 10
-4.065 6.473 10.28 8
-3.232 6.873 8.719 10
-1.845 7.359 7.031 10
-0.744 7.831 6.026 11
0.009 7.601 5.963 9
0.215 6.986 6.78 10
-0.866 5.722 8.128 10
-1.503 4.419 9.083 15
-1.793 3.818 9.095 7
-1.546 3.488 8.389 11
-0.679 3.538 7.366 10
-0.258 3.627 6.737 10
-0.172 3.6 6.849 9
-0.866 2.997 8.082 11
-1.446 2.576 9.227 10
-1.802 2.221 10.029 10
-1.824 1.982 10.089 10
-1.711 1.838 9.651 10
-1.472 1.173 9.224 10
-1.455 0.44 9.141 10
-1.285 -0.557 9.052 10
-1.005 -1.345 9.059 10
-0.507 -2.339 9.593 10
-0.074 -3.433 9.933 10
0.205 -4.261 10.278 10
1.268 -4.97 10.307 10
2.413 -4.422 9.809 9
3.622 -3.773 9.504 11
4.534 -2.549 9.248 10
4.663 -1.446 9.308 10
4.965 -1.06 8.786 10
6.045 -1.091 7.785 10
7.422 -1.697 6.737 11
8.844 -2.712 5.911 8
9.667 -3.538 5.655 9
9.265 -4.048 6.232 10
8.767 -4.393 6.734 10
8.224 -4.328 7.015 10
7.762 -4.264 7.043 10
7.747 -4.098 6.718 9
7.544 -3.883 6.485 10
7.134 -3.9 6.488 10
6.643 -3.916 6.742 10
6.43 -3.928 6.859 11
6.502 -4.156 6.957 9
7.062 -3.79 6.246 10
7.642 -3.371 5.193 10
7.943 -2.956 4.276 10
7.955 -2.894 2.913 13
7.29 -3.665 2.274 7
6.605 -4.489 1.977 10
6.071 -5.295 1.886 10
5.827 -5.75 2.24 10
6.042 -5.489 2.626 11
6.102 -5.137 2.861 9
6.011 -4.802 2.889 10
6.05 -4.383 2.822 10
6.023 -4.209 2.576 10
6.318 -4.546 2.389 11
5.418 -5.238 2.863 10
4.388 -6.014 3.433 9
2.363 -6.806 4.465 10
0.56 -7.268 5.19 10
-0.047 -7.376 5.255 13
0.227 -7.611 4.666 7
1.498 -7.829 3.615 10
2.322 -8.746 2.698 10
1.429 -10.117 2.511 10
-0.347 -11.362 2.978 11
-3.531 -12.375 4.359 9
-6.655 -12.598 6.004 10
-7.852 -12.538 7.165 10
-8.3 -12.576 8.353 10
-7.34 -12.847 8.626 10
-6.732 -12.89 9.131 10
-8.396 -12.363 10.398 10
-10.809 -11.738 11.638 12
-13.57 -10.946 12.95 8
-15.978 -10.381 14.03 11
-14.791 -10.529 13.611 9
-13.551 -10.366 13.148 10
-11.963 -10.371 12.615 10
-11.149 -9.469 12.43 11
-11.87 -8.25 12.737 9
-12.531 -6.823 13.417 11
-12.691 -5.595 14.099 9
-12.078 -5.274 14.432 10
-11.18 -5.051 14.939 10
-10.089 -4.903 15.392 11
-9.497 -4.556 15.842 9
-8.583 -3.718 16.05 10
-7.953 -2.782 16.084 11
-7.831 -2.035 16.373 9
-6.859 -0.529 16.11 10
-6.21 0.486 16.089 10
-5.109 1.668 15.54 10
-3.806 2.595 14.46 10
-3.531 2.612 13.869 10
-3.861 2.844 13.215 11
-4.644 2.908 13.089 9
-4.857 2.875 12.026 10
-4.924 2.904 11.185 10
-4.386 2.717 10.407 10
-4.424 2.772 9.619 11
-5.032 2.925 9.768 9
-5.592 2.703 9.184 10
-5.868 2.719 8.092 10
-5.566 2.494 7.01 10
-5.374 3.081 6.088 11
-5.2 4.132 5.741 9
-5.844 5.473 6.725 10
-6.792 6.32 8.042 10
-7.63 6.356 9.198 10
-8.439 5.805 10.16 10
-8.714 4.726 10.299 10
-8.729 4.161 9.598 10
-8.58 3.289 8.468 10
-8.461 3.004 7.532 11
-7.429 2.358 6.536 9
-5.849 1.92 6.205 10
-4.431 1.788 6.303 10
-2.932 1.96 6.6 10
-2.489 2.621 6.653 13
-2.552 3.052 6.548 8
-2.904 3.526 6.533 10
-3.337 3.696 6.32 10
-3.933 3.524 6.653 10
-4.529 3.351 6.986 10
-4.709 3.596 7.393 10
-4.616 4.462 7.809 10
-4.216 5.544 7.984 10
-3.96 6.493 8.477 10
-3.948 6.289 8.655 11
-4.209 5.463 8.822 9
-4.278 4.288 8.58 17
-4.204 3.246 8.02 3
-3.462 3.356 7.472 10
-2.849 3.66 7.335 10
-2.427 4.314 7.608 19
-2.379 3.691 8.166 13
-2.882 2.609 8.863 10
-2.712 1.149 9.258 10
-2.542 -0.311 9.653 10
-1.422 -0.861 9.73 10
-0.129 -1.958 9.842 10
0.62 -2.87 9.844 12
0.667 -3.713 9.892 7
0.138 -4.189 9.974 9
-0.548 -3.816 9.399 10
-0.581 -3.541 8.372 10
0.086 -3.335 7.299 10
1.608 -3.529 6.397 11
3.117 -4.027 6.114 9
4.922 -4.031 6.174 10
7.498 -3.73 5.645 10
9.22 -3.028 4.946 10
10.261 -2.439 4.139 10
9.248 -2.87 4.055 10
7.465 -3.608 4.56 9
5.41 -4.783 5.442 11
4.036 -5.846 6.43 9
4.553 -6.035 6.54 10
5.961 -5.48 6.093 11
7.639 -4.486 5.269 9
9.461 -3.289 4.326 10
10.496 -2.341 3.648 10
9.892 -2.463 3.722 10
8.978 -2.968 4.132 12
7.92 -3.677 4.661 9
7.469 -4.158 4.797 9
8.458 -4.204 4.232 10
9.758 -3.866 3.332 11
11.051 -3.703 2.444 10
11.736 -3.768 1.948 9
11.015 -4.019 2.358 10
9.914 -4.467 2.985 11
8.82 -4.74 3.6 9
7.771 -5.056 4.134 11
7.436 -5.295 4.271 9
7.558 -4.994 4.082 12
7.345 -4.922 3.969 8
7.086 -4.807 3.938 10
6.086 -5.166 4.23 11
5.001 -6.153 4.486 9
4.252 -6.909 4.666 10
3.55 -7.443 4.563 10
3.591 -7.503 4.137 10
3.928 -6.976 3.665 14
4.285 -6.677 3.227 6
4.594 -6.6 3.071 10
4.592 -7.024 2.935 10
4.299 -7.752 2.987 10
3.682 -8.829 3.028 10
2.059 -9.959 3.177 11
0.746 -10.589 3.306 9
-1.666 -11.355 4.074 10
-3.971 -11.511 5.379 11
-5.272 -11.614 6.576 9
-6.301 -12.14 7.663 11
-6.229 -12.531 8.111 9
-6.722 -13.587 8.147 10
-9.081 -14.228 9.6 21
-11.537 -13.362 11.674 10
-13.994 -12.495 13.747 9
-13.776 -10.457 15.093 10
-11.489 -9.222 14.994 11
-9.375 -9.071 14.386 9
-7.867 -8.671 13.845 10
-9.162 -8.528 14.238 11
-10.661 -7.996 14.657 9
-10.941 -6.864 14.721 11
-10.615 -5.98 14.719 9
-8.303 -4.929 14.573 10
-6.279 -3.394 14.561 10
-5.475 -2.461 14.903 10
-5.336 -1.716 15.265 10
-6.014 -1.534 15.43 20
-6.234 -1.659 15.416 10
-6.454 -1.783 15.401 10
-5.858 -1.711 15.042 10
-5.276 -1.302 14.049 11
-4.862 -1.07 13.101 9
-4.501 -0.914 11.745 10
-4.29 -0.766 10.716 10
-4.841 -0.974 10.388 10
-5.643 -1.089 9.713 10
-6.392 -1.127 9.445 10
-6.909 -1.07 8.904 10
-6.928 -0.881 8.283 10
-6.545 -0.646 7.893 10
-6.016 -0.502 7.144 10
-5.719 -0.454 6.667 10
-5.406 -0.124 5.829 10
-5.243 0.067 5.109 10
-5.463 0.656 4.771 10
-6.052 1.441 4.927 11
-6.658 1.944 5.444 9
-7.206 2.296 6.344 10
-7.357 2.317 7.144 10
-7.139 2.142 7.45 10
-6.756 2.549 7.441 11
-6.43 3.107 7.048 9
-6.464 4.122 6.667 10
-6.428 5.255 6.447 10
-6.557 5.805 6.543 10
-6.229 6.268 6.679 11
-5.702 6.296 6.88 9
-4.778 6.263 7.086 10
-3.651 6.78 7.24 10
-2.98 7.386 7.352 10
-2.015 8.303 6.481 10
-0.73 9.212 4.489 10
0.351 9.572 2.549 10
0.72 9.727 1.374 10
0.794 9.572 1.182 10
-0.995 9.162 3.801 11
-1.596 8.547 6.605 9
-1.484 8.135 8.645 10
-0.713 7.105 10.017 10
1.134 6.282 9.533 10
1.091 5.078 9.289 10
0.454 3.433 9.138 10
-0.84 2.406 9.655 11
-2.59 1.422 10.259 9
-4.474 1.675 10.589 10
-5.765 2.37 10.826 11
-6.658 3.409 10.462 9
-7.096 4.405 10.012 10
-6.177 4.754 9.21 10
-5.176 4.175 8.992 11
-4.572 3.251 9.375 9
-4.062 1.869 10.386 10
-4.074 0.483 11.597 10
-4.252 -0.457 12.057 10
-4.429 -2.013 12.157 11
-4.513 -3.112 11.631 10
-3.708 -4.501 10.62 9
-1.762 -4.762 8.947 20
0.617 -4.35 7.173 10
2.997 -3.938 5.398 10
4.977 -3.96 4.053 10
6.215 -5.03 3.543 11
7.019 -6.157 3.493 9
7.556 -7.244 4.074 10
7.603 -7.608 4.711 10
6.971 -7.156 5.832 10
5.774 -6.143 7.671 10
4.845 -5.171 8.877 10
3.368 -4.101 10.472 10
2.923 -4.192 10.776 11
3.043 -4.843 10.362 11
4.505 -5.504 8.777 8
6.517 -6.263 6.804 10
7.625 -5.75 5.679 11
8.018 -5.2 5.195 9
7.067 -4.639 5.882 10
6.059 -4.137 6.718 11
5.286 -4.156 7.508 9
6.94 -4.364 6.076 21
8.595 -4.572 4.644 9
9.787 -4.493 3.26 10
10.374 -4.683 2.676 10
9.248 -4.721 3.672 13
7.687 -5.104 5.19 7
6.646 -5.717 6.512 10
6.258 -6.244 7.151 10
6.528 -6.706 7.194 10
7.235 -6.823 6.715 10
8.453 -6.979 5.798 11
9.624 -6.952 4.764 9
9.332 -6.811 4.766 10
8.542 -6.552 5.317 10
7.24 -6.256 6.306 13
5.451 -6.361 7.129 8
4.467 -6.646 7.513 9
4.493 -7.347 6.471 10
4.924 -8.039 4.807 10
5.841 -8.329 3.308 11
5.887 -7.896 2.48 10
4.055 -7.24 3.672 10
1.819 -6.593 5.487 9
-0.921 -6.014 7.647 10
-2.791 -6.157 9.136 10
-2.877 -6.392 8.892 11
-2.868 -7.216 7.826 9
-2.353 -7.972 6.416 10
-1.872 -8.868 4.786 10
-1.81 -9.595 3.744 11
-2.398 -9.473 3.806 10
-2.686 -10.05 4.05 9
-2.94 -10.488 4.515 10
-3.576 -10.951 5.348 11
-3.373 -12.253 5.741 10
-3.471 -12.856 5.951 9
-4.73 -13.158 6.38 16
-5.607 -13.436 6.44 4
-7.565 -11.494 7.0 11
-8.817 -9.701 7.738 10
-8.908 -8.209 8.257 10
-8.767 -6.701 9.32 10
-7.829 -6.833 10.041 10
-7.738 -6.938 11.042 10
-7.685 -6.897 12.385 10
-7.864 -6.873 13.184 10
-7.773 -6.672 14.374 10
-7.35 -6.03 15.164 19
-6.971 -5.152 15.593 11
-6.593 -4.273 16.021 10
-6.421 -3.632 15.957 9
-6.071 -3.375 15.545 10
-5.638 -3.502 15.152 10
-5.482 -3.569 14.551 11
-5.391 -3.576 14.053 10
-5.904 -3.677 13.797 9
-6.409 -3.787 13.438 10
-6.636 -3.957 13.287 10
-6.37 -4.012 13.036 10
-6.294 -3.579 12.629 10
-6.224 -3.136 12.325 10
-5.774 -2.731 11.346 10
-5.817 -2.442 10.467 10
-5.662 -2.087 9.43 10
-6.248 -1.616 8.729 10
-7.216 -1.106 8.702 10
-8.073 -0.656 8.418 10
-8.705 -0.598 8.494 11
-8.312 -0.399 7.709 9
-7.912 0.196 6.696 11
-7.623 0.852 5.942 9
-7.18 1.529 5.051 10
-6.639 1.714 4.865 10
-6.105 1.501 4.905 11
-5.588 1.302 5.257 10
-5.224 1.082 5.746 9
-5.128 1.565 6.43 11
-4.812 2.75 7.036 9
-4.479 3.921 7.331 11
-4.129 5.348 7.728 9
-3.892 6.306 7.752 10
-3.998 6.373 7.886 10
-3.763 6.296 7.838 10
-3.545 5.963 7.687 11
-2.98 5.717 7.481 10
-1.893 6.035 7.273 10
-1.146 6.497 7.247 9
-0.227 7.244 7.235 10
0.344 7.905 7.278 11
0.615 7.819 7.129 11
0.957 7.764 6.777 9
1.127 7.424 6.411 10
0.78 7.443 6.454 10
0.335 7.833 6.66 10
-0.806 7.984 7.79 10
-1.972 7.869 9.169 10
-2.621 7.395 10.139 10
-2.762 6.634 10.599 10
-1.623 5.877 9.947 10
-0.938 4.886 9.097 21
-0.253 3.895 8.248 11
-0.069 2.573 8.295 10
-0.62 0.758 9.323 10
-0.691 -0.555 10.299 10
-0.43 -1.587 10.84 10
0.069 -2.19 10.759 10
0.648 -2.097 10.089 10
0.5 -2.351 9.56 10
0.019 -2.887 9.466 10
-0.919 -3.315 9.818 10
-1.063 -3.315 10.014 10
-0.478 -2.968 10.07 8
0.861 -2.461 9.986 10
2.413 -1.872 9.691 10
3.536 -2.056 9.198 10
4.525 -2.372 8.564 10
4.757 -2.849 8.068 10
5.125 -3.385 7.343 10
5.128 -3.576 6.971 10
5.786 -3.859 6.739 10
6.787 -4.319 6.483 10
7.651 -4.718 6.457 9
8.47 -5.003 6.291 10
8.767 -5.066 6.129 10
8.602 -4.74 5.726 10
8.492 -4.625 5.102 10
8.427 -4.625 4.616 10
7.862 -4.786 4.343 10
7.153 -5.188 4.723 12
6.39 -5.379 5.327 8
6.007 -5.114 5.82 11
6.124 -4.687 6.1 9
6.746 -4.082 5.793 10
7.211 -3.584 5.343 10
7.295 -3.543 5.003 10
7.441 -3.876 4.584 10
7.345 -4.357 4.362 10
7.256 -4.989 4.572 11
7.007 -5.492 4.996 9
6.696 -5.621 5.499 10
6.275 -5.528 5.983 10
6.126 -5.2 6.203 10
6.138 -5.001 6.21 14
6.596 -5.078 5.995 7
7.163 -5.377 5.798 10
7.35 -5.894 5.76 10
6.847 -6.335 5.983 10
5.899 -6.5 6.428 10
4.886 -6.569 6.84 18
4.132 -6.397 7.067 2
4.565 -6.265 6.557 12
5.149 -6.011 5.724 10
5.798 -5.853 4.924 9
6.064 -5.77 4.113 12
5.813 -5.772 3.564 9
5.41 -5.896 3.339 10
5.317 -6.148 2.925 8
5.607 -6.325 2.523 12
5.226 -6.588 2.315 10
3.624 -7.12 2.446 10
1.714 -7.524 2.767 8
-0.471 -8.362 3.078 11
-1.968 -9.064 3.409 9
-1.716 -9.844 2.889 12
-2.358 -11.046 2.798 8
-2.724 -11.815 2.717 10
-5.322 -12.057 4.091 11
-9.303 -11.123 6.777 10
-12.392 -9.768 9.035 11
-14.262 -8.583 10.649 10
-13.9 -7.924 10.807 9
-11.937 -9.162 10.376 11
-10.718 -9.627 11.056 8
-10.718 -9.921 12.38 12
-10.429 -9.756 13.795 10
-10.591 -8.81 14.951 10
-10.01 -8.638 14.997 10
-9.255 -8.547 15.014 10
-8.791 -8.916 14.939 10
-8.482 -8.803 15.303 10
-7.879 -7.91 15.473 10
-7.448 -6.936 15.672 10
-6.641 -5.446 15.409 10
-5.619 -4.053 14.458 10
-4.891 -3.44 13.702 8
-4.501 -3.093 13.306 11
-4.486 -3.26 13.374 11
-5.078 -3.332 14.147 10
-5.384 -3.263 14.365 11
-5.353 -2.928 14.221 9
-5.035 -2.454 13.527 10
-4.462 -2.173 12.421 10
-4.472 -1.618 11.769 10
-4.797 -1.082 11.085 11
-5.41 -0.684 10.951 9
-6.095 -0.22 10.596 10
-6.483 -0.172 10.342 10
-6.703 0.098 9.959 10
-6.892 0.328 9.397 11
-7.01 0.49 9.054 9
-7.182 0.84 8.583 8
-7.206 0.986 8.274 11
-7.292 1.079 8.051 9
-7.39 1.13 7.766 10
-7.433 0.993 7.611 10
-7.627 1.108 7.467 10
-7.539 1.565 7.467 11
-7.438 2.066 7.529 11
-6.888 2.822 7.546 10
-6.186 3.327 7.551 10
-5.456 3.699 7.486 8
-4.857 3.962 7.462 12
-4.709 3.969 7.484 10
-4.651 3.962 7.589 10
-4.515 3.988 7.417 10
-4.247 4.122 7.204 9
-3.339 4.668 6.751 11
-2.341 5.228 6.215 10
-1.697 6.119 6.306 10
-1.192 6.737 6.646 10
-1.326 6.943 7.225 10
-1.647 6.912 7.891 10
-2.164 6.189 8.001 11
-2.542 5.738 7.862 9
-2.595 5.386 7.283 10
-2.461 5.272 6.617 10
-1.604 5.494 5.971 10
-0.493 5.609 5.772 10
0.292 5.626 6.014 10
0.423 5.518 6.675 10
0.023 5.286 7.541 10
-0.914 4.977 8.049 10
-1.9 4.757 8.434 10
-2.233 4.661 8.401 10
-2.114 4.568 8.197 13
-1.709 4.659 7.905 7
-1.297 4.527 7.977 10
-1.367 3.809 8.695 10
-1.889 3.088 9.583 10
-3.016 1.539 10.721 10
-3.897 -0.268 11.259 12
-4.297 -1.489 11.152 8
-4.232 -2.422 10.821 10
-3.562 -2.528 10.242 11
-2.834 -2.097 9.892 9
-2.564 -2.245 9.821 10
-2.758 -2.681 9.971 10
-3.196 -3.229 10.172 10
-3.897 -3.921 10.5 11
-4.362 -2.968 10.656 9
-4.501 -1.57 10.369 10
-4.395 -0.059 10.031 10
-2.269 0.227 8.858 11
1.228 -1.13 7.34 10
4.4 -2.932 6.265 9
6.512 -4.45 5.671 10
6.603 -4.745 5.913 9
4.46 -4.398 6.749 11
3.236 -4.616 7.098 17
4.853 -5.346 5.987 14
6.469 -6.076 4.876 8
10.007 -6.639 3.069 9
11.87 -6.284 2.14 13
11.954 -5.702 2.19 7
11.523 -4.984 2.566 10
10.251 -4.496 3.284 10
9.461 -4.12 4.015 10
9.169 -3.768 4.692 10
9.392 -3.552 5.044 9
9.983 -3.469 5.046 11
10.85 -3.624 4.644 10
11.437 -4.144 4.247 9
11.279 -5.188 4.436 11
10.752 -6.1 4.975 9
9.373 -6.988 5.758 10
7.776 -7.055 6.155 10
6.924 -6.598 5.966 10
6.366 -6.138 5.731 11
6.66 -5.702 5.252 9
6.663 -5.743 5.286 10
6.232 -5.808 5.513 10
5.506 -5.875 5.786 10
4.153 -6.126 6.177 11
3.093 -6.335 6.488 9
2.703 -6.73 6.157 10
2.499 -6.995 5.216 10
2.923 -7.077 4.158 11
3.629 -6.945 2.904 10
3.773 -6.421 2.592 9
3.73 -6.026 2.892 10
3.009 -5.822 3.907 10
2.006 -5.832 5.118 10
1.017 -6.749 5.645 10
-0.158 -8.178 5.714 10
-0.656 -9.416 5.068 10
-1.048 -11.145 4.285 10
-1.13 -12.148 3.691 11
-2.008 -12.21 4.575 10
-3.507 -12.416 6.019 9
-5.111 -12.131 7.599 10
-7.07 -12.021 9.093 11
-8.034 -12.215 9.88 10
-8.379 -12.265 10.108 10
-9.631 -11.298 11.145 9
-10.529 -10.156 12.267 10
-11.123 -8.042 13.39 10
-10.752 -6.248 14.104 10
-9.473 -5.473 14.008 11
-8.303 -4.733 13.601 10
-7.445 -5.09 12.88 10
-7.352 -5.798 13.024 10
-7.481 -6.107 13.867 10
-7.503 -6.38 15.021 15
-7.419 -5.734 16.043 7
-6.912 -4.259 16.172 10
-6.181 -3.184 15.603 10
-5.011 -2.248 14.884 10
-3.945 -2.231 14.298 11
-4.376 -2.669 14.468 9
-5.425 -2.928 14.544 10
-6.914 -3.047 14.769 10
-8.14 -2.693 14.827 10
-7.433 -1.958 13.646 10
-6.11 -1.403 12.559 10
-4.537 -1.12 10.996 10
-3.227 -1.312 9.6 10
-3.876 -1.407 9.425 10
-4.611 -1.589 9.006 10
-5.595 -1.498 9.064 10
-6.287 -1.132 8.487 10
-6.081 -0.943 7.608 10
-5.525 -0.794 6.442 8
-5.094 -0.615 5.324 10
-4.955 -0.711 4.841 10
-5.142 -0.45 4.553 10
-5.592 -0.062 4.797 10
-6.244 0.742 5.161 10
-6.931 1.731 5.691 11
-7.292 2.363 6.023 9
-7.601 3.213 6.564 11
-7.584 3.615 6.938 9
-7.134 3.792 7.115 10
-6.533 4.01 7.113 12
-5.985 4.01 6.902 10
-5.236 4.383 6.406 8
-4.838 5.032 5.901 12
-4.592 5.64 5.576 10
-4.18 6.107 5.588 10
-3.969 6.2 5.884 10
-3.663 6.016 6.749 9
-3.473 5.987 7.764 11
-3.45 6.1 8.441 10
-3.246 6.315 8.631 8
-2.949 6.708 7.843 11
-2.535 6.945 6.904 11
-1.881 7.285 6.016 10
-1.407 7.522 5.616 10
-1.086 7.704 6.349 10
-1.043 7.553 7.714 10
-1.24 7.299 9.028 10
-1.92 6.418 10.589 10
-2.681 5.458 11.468 10
-3.153 4.297 11.492 12
-3.081 3.275 11.018 7
-2.525 2.88 10.297 11
-1.29 3.047 9.493 10
-0.339 3.744 9.105 10
0.067 4.302 9.215 11
-0.509 4.213 9.301 9
-1.766 3.562 9.471 10
-3.617 1.946 9.617 10
-5.145 0.057 10.24 11
-5.688 -1.185 10.886 10
-5.975 -2.111 11.841 9
-5.396 -2.068 12.627 10
-4.797 -1.625 12.251 10
-3.584 -1.814 11.42 10
-2.626 -2.319 10.28 11
-0.873 -3.421 8.949 9
1.082 -4.596 8.192 10
2.422 -5.14 7.891 10
3.047 -5.092 7.86 10
2.877 -4.448 8.02 10
1.539 -3.643 8.298 8
1.453 -2.968 7.872 10
2.082 -2.885 7.175 12
4.438 -3.047 5.693 8
7.417 -3.423 4.204 10
8.801 -3.96 3.624 12
8.939 -4.513 3.926 8
7.352 -4.819 5.013 11
5.578 -4.984 6.045 10
4.146 -4.86 6.871 9
4.991 -4.824 6.071 12
6.471 -4.69 5.011 10
8.137 -4.697 4.005 10
9.263 -4.398 3.598 8
8.99 -3.895 4.455 10
8.082 -3.49 5.573 10
7.4 -3.153 6.32 12
7.259 -3.122 6.469 8
8.01 -3.26 5.657 10
8.851 -3.837 4.601 11
9.466 -4.347 3.916 10
9.885 -4.944 3.284 11
9.777 -5.468 3.093 8
9.351 -5.422 3.612 12
8.985 -5.303 4.022 10
8.815 -5.097 4.378 10
9.485 -5.066 4.455 10
9.315 -5.528 4.637 8
9.085 -6.064 4.929 12
7.814 -6.679 5.41 10
5.702 -7.12 6.172 10
4.651 -7.012 5.942 10
4.036 -6.888 5.382 10
4.462 -6.684 4.632 8
4.96 -6.2 3.703 10
5.181 -6.366 3.1 12
4.965 -6.548 2.827 10
3.945 -7.295 2.662 10
2.853 -8.322 2.676 8
1.69 -8.853 2.796 10
0.526 -9.385 2.916 10
0.191 -9.203 2.743 11
-0.849 -9.018 2.971 9
-1.532 -8.868 3.186 10
-2.664 -9.255 4.031 11
-4.726 -10.103 5.303 10
-6.081 -10.953 6.174 10
-7.575 -12.576 6.995 9
-8.619 -13.661 7.187 10
-8.698 -14.642 7.091 11
-10.034 -14.2 8.549 9
-11.231 -12.983 10.058 11
-12.191 -11.293 12.066 9
-11.985 -9.983 13.567 11
-10.522 -10.098 13.515 10
-8.954 -10.508 13.146 10
-7.623 -11.391 12.277 10
-8.006 -11.255 12.164 10
-8.513 -10.568 12.361 10
-9.126 -9.586 12.873 10
-9.069 -7.687 13.433 11
-7.757 -6.064 14.037 11
-6.32 -4.991 14.331 8
-5.183 -3.332 14.891 13
-4.716 -2.59 15.404 7
-5.219 -2.138 15.95 11
-5.92 -1.668 16.627 10
-6.323 -1.786 17.039 10
-6.074 -1.97 16.685 11
-5.621 -2.02 16.05 10
-4.8 -2.006 14.745 9
-4.22 -1.908 12.952 10
-4.292 -1.742 11.925 10
-5.008 -1.52 11.166 11
-5.849 -1.036 10.951 10
-6.447 -0.636 11.224 9
-6.742 0.035 10.862 10
-6.392 0.651 10.232 10
-6.066 0.749 9.074 10
-5.492 0.986 7.62 11
-5.221 0.95 6.801 8
-5.094 1.422 5.777 9
-4.989 2.068 5.276 10
-5.494 2.87 5.193 12
-6.198 3.632 5.643 8
-6.758 3.885 6.299 10
-7.127 4.079 7.161 11
-7.134 3.979 7.9 10
-6.665 4.141 7.855 10
-6.244 4.843 7.639 11
-6.014 5.604 7.218 10
-5.889 6.581 6.675 10
-6.023 6.703 6.706 10
-6.11 6.287 6.907 8
-5.997 5.906 7.611 12
-5.779 5.31 8.437 10
-5.353 5.329 9.234 10
-4.697 5.262 9.986 9
-4.24 5.159 10.235 11
-3.296 5.145 9.773 10
-2.58 5.147 9.016 10
-1.417 5.523 7.833 10
-0.095 6.169 7.433 10
0.739 6.727 7.745 10
1.266 7.436 8.808 10
1.79 7.369 10.043 10
2.157 7.031 10.496 10
3.157 5.93 10.005 10
4.467 4.678 8.762 10
4.316 3.256 7.793 10
3.409 1.733 6.914 10
1.867 0.974 6.979 10
-0.244 0.234 7.668 10
-2.003 -0.179 8.683 12
-3.007 -0.493 9.607 8
-3.572 -1.168 10.117 10
-3.567 -1.862 10.002 10
-2.841 -2.533 9.263 10
-2.865 -3.026 8.844 10
-3.327 -3.157 8.839 10
-4.498 -2.774 9.308 10
-5.956 -2.082 10.103 10
-5.861 -2.169 10.469 10
-3.517 -2.777 9.701 10
-0.464 -3.9 8.458 10
4.027 -4.884 6.89 10
7.714 -5.267 5.43 11
7.462 -4.697 5.884 9
5.841 -4.23 6.902 11
2.782 -3.902 8.245 9
0.945 -4.474 8.875 10
2.652 -5.374 7.568 10
5.729 -6.172 5.698 10
8.841 -6.684 3.833 10
10.73 -6.296 2.681 10
9.6 -6.042 3.44 10
8.504 -5.889 4.213 10
7.371 -6.021 4.982 10
7.331 -5.884 4.872 8
8.456 -5.717 4.007 10
9.61 -5.36 2.865 10
11.039 -5.173 2.099 11
11.377 -5.255 2.212 9
10.951 -5.458 3.189 10
10.462 -5.75 4.429 10
9.239 -5.846 5.571 12
8.504 -5.93 6.528 10
8.532 -5.892 6.622 9
8.497 -5.834 6.629 11
8.92 -5.803 6.358 8
8.882 -6.054 6.064 12
8.619 -6.545 5.808 10
8.42 -7.055 5.638 10
7.934 -7.821 5.255 10
7.003 -8.271 5.042 10
6.296 -8.482 4.79 10
4.527 -8.315 4.747 10
3.045 -7.891 4.917 8
2.128 -7.065 4.876 10
1.932 -6.557 4.371 10
2.798 -6.428 3.658 10
3.55 -6.964 2.887 12
3.411 -8.133 2.693 9
2.552 -8.983 2.964 11
0.799 -9.686 3.605 9
-0.837 -9.725 4.304 11
-1.563 -9.615 4.642 8
-1.824 -9.694 4.359 10
-1.192 -9.919 3.706 10
-0.835 -10.395 3.071 10
-0.646 -10.836 2.47 10
-2.868 -10.934 3.78 10
-5.956 -11.398 5.767 10
-8.769 -11.611 7.735 10
-10.941 -12.248 9.284 10
-11.166 -13.038 9.543 10
-10.034 -12.945 9.414 11
-10.352 -11.523 9.78 11
-11.312 -9.677 10.565 9
-12.926 -7.208 11.602 10
-13.989 -5.664 12.277 10
-13.601 -5.449 12.457 9
-11.683 -5.774 12.44 11
-9.112 -6.722 12.172 11
-8.465 -6.84 12.085 9
-8.286 -6.43 13.189 10
-9.636 -5.48 14.489 11
-10.251 -3.842 15.966 10
-9.605 -2.135 17.252 10
-8.492 -0.955 17.348 10
-6.148 -0.493 17.281 9
-4.539 -0.718 17.037 11
-3.385 -1.314 16.414 10
-2.564 -2.236 15.693 12
-2.973 -2.439 15.136 8
-3.119 -2.578 14.13 10
-3.189 -2.839 13.584 10
-3.576 -2.248 12.873 10
-4.285 -1.3 11.654 10
-5.257 -0.416 10.884 10
-6.481 0.363 9.9 10
-6.785 0.526 8.762 10
-6.768 0.332 8.133 10
-6.679 0.227 7.302 10
-6.339 0.225 6.684 8
-6.234 0.38 6.67 10
-6.248 0.907 6.847 10
-6.335 1.345 7.225 10
-6.751 1.841 7.843 11
-7.201 2.269 8.274 11
-7.424 2.169 8.432 8
-7.556 2.24 8.571 12
-7.357 2.255 8.47 10
-6.828 2.906 8.133 10
-6.126 4.103 7.558 10
-5.516 5.128 7.003 8
-4.481 5.92 6.519 12
-3.778 6.076 6.272 10
-3.258 5.552 6.792 10
-3.062 5.008 7.867 10
-3.289 4.697 8.87 10
-3.502 4.644 9.737 10
-3.811 4.884 10.156 10
-3.584 5.099 9.615 10
-3.086 5.468 8.865 10
-2.602 5.578 8.252 10
-2.063 5.65 7.8 9
-1.776 5.394 8.034 11
-1.759 4.984 8.477 9
-1.695 4.616 8.944 9
-1.685 4.285 9.251 10
-1.194 4.623 8.939 10
-0.567 5.303 8.37 10
0.011 5.942 7.776 10
0.196 6.696 7.407 10
-0.062 7.153 7.374 11
-0.615 6.713 7.85 11
-0.179 5.348 8.717 10
0.651 3.869 9.358 10
1.771 2.123 9.66 10
3.756 1.055 9.528 9
4.752 0.912 9.006 11
4.805 0.66 8.923 10
4.568 0.675 9.179 10
2.813 -0.098 10.223 9
1.565 -1.723 10.797 10
1.261 -3.241 10.934 11
2.173 -4.532 9.73 10
3.897 -5.157 7.92 10
5.564 -4.623 6.191 9
6.402 -4.022 5.011 10
6.023 -3.648 5.171 11
4.778 -3.62 6.078 10
3.32 -4.347 6.871 12
2.691 -5.142 7.115 9
2.358 -6.586 6.347 7
2.892 -7.685 4.831 10
3.991 -8.389 3.105 10
5.09 -9.093 1.379 10
5.767 -8.748 0.792 11
5.628 -8.226 0.962 10
4.687 -7.649 1.845 10
3.227 -7.242 3.526 10
2.408 -7.513 5.121 10
2.406 -7.96 5.959 9
2.633 -8.667 6.627 11
3.38 -9.203 6.497 12
3.799 -9.485 6.234 8
4.51 -9.679 5.568 10
4.991 -9.615 5.073 10
5.068 -9.433 4.862 10
3.849 -8.971 5.264 10
2.339 -8.597 6.069 8
-0.098 -8.413 6.895 12
-2.13 -8.346 7.436 10
-2.473 -8.896 6.945 10
-1.661 -9.835 5.521 10
0.076 -10.584 4.074 10
1.592 -11.559 2.559 12
2.523 -12.172 1.556 8
0.931 -12.785 2.576 10
-2.274 -12.885 4.458 10
-5.257 -12.761 6.409 10
-7.836 -12.576 8.319 10
-7.903 -12.299 8.705 11
-6.356 -12.533 8.228 10
-4.814 -12.935 7.951 10
-3.677 -13.397 7.714 10
-4.783 -13.512 8.686 10
-6.737 -13.215 10.302 10
-8.686 -12.751 11.719 10
-9.014 -12.552 12.679 10
-8.24 -12.406 12.866 10
-5.583 -12.777 12.004 10
-2.097 -13.529 11.336 10
-0.232 -14.015 11.125 10
1.814 -14.422 11.166 10
3.213 -13.97 11.386 10
3.782 -13.136 11.413 10
3.837 -11.283 11.686 11
3.711 -9.509 11.707 9
2.758 -8.475 12.605 10
2.276 -7.929 13.11 10
2.31 -8.403 13.369 10
2.363 -8.939 13.419 11
2.853 -9.49 12.818 9
2.971 -9.167 12.418 10
2.717 -9.358 11.927 10
2.444 -9.488 11.645 10
1.57 -10.299 10.831 10
0.529 -11.563 9.753 10
-0.141 -12.313 8.767 10
-0.586 -12.061 7.311 10
-0.43 -11.128 6.387 9
0.002 -10.158 5.597 11
0.658 -9.112 4.558 10
1.089 -9.066 3.988 10
1.687 -9.064 3.265 10
2.078 -9.03 2.863 8
2.173 -9.1 2.703 10
2.07 -9.114 2.753 10
1.8 -9.085 2.956 10
1.472 -8.908 3.248 10
1.216 -8.705 3.548 12
1.414 -8.331 3.591 8
1.752 -7.522 3.66 11
2.147 -6.861 3.641 11
2.942 -6.054 3.497 8
3.471 -5.516 3.56 12
3.861 -5.413 3.596 10
4.046 -5.442 4.113 10
3.83 -5.616 4.754 10
3.734 -5.76 5.202 8
3.653 -6.004 5.561 12
3.778 -6.117 5.439 10
3.684 -6.167 5.449 10
3.481 -6.205 5.492 10
2.899 -6.208 5.892 10
2.226 -6.296 6.358 10
1.771 -6.447 6.694 9
1.448 -6.696 6.998 9
1.489 -6.88 7.034 10
1.582 -6.936 7.019 10
1.644 -6.976 7.043 11
1.575 -6.919 7.098 10
1.618 -6.722 7.201 9
1.709 -6.562 7.383 12
1.831 -6.416 7.527 10
1.989 -6.287 7.862 9
2.035 -6.296 8.149 10
2.185 -6.138 8.461 9
2.568 -6.076 8.652 12
2.916 -5.997 8.652 10
3.581 -5.968 8.446 10
4.326 -6.131 8.13 10
4.838 -6.198 7.934 10
5.664 -6.057 7.615 10
6.172 -5.865 7.503 10
7.292 -5.298 7.153 10
8.717 -4.448 6.732 10
9.828 -3.806 6.433 10
10.481 -3.236 6.411 9
10.328 -3.026 6.617 11
9.387 -3.244 7.11 10
8.396 -3.727 7.419 10
7.862 -4.139 7.45 10
7.57 -4.642 7.407 10
7.297 -5.097 7.539 10
7.074 -5.286 7.855 10
6.605 -5.549 8.429 11
5.894 -5.722 9.078 9
6.033 -5.561 9.165 10
6.505 -4.953 8.75 10
7.223 -4.271 8.078 10
8.051 -3.119 7.175 10
8.494 -2.202 6.445 10
8.169 -1.642 6.373 8
7.146 -1.029 6.447 10
6.014 -0.885 6.751 10
4.795 -0.493 6.837 10
4.012 -0.191 6.766 10
3.926 0.021 6.236 11
3.507 0.107 5.793 11
3.174 -0.055 5.568 8
2.535 -0.387 5.449 12
1.812 -1.034 5.662 10
1.422 -1.553 5.789 8
0.995 -2.272 5.863 12
0.876 -2.82 5.832 8
0.993 -3.107 5.863 11
1.304 -3.181 6.021 11
1.651 -3.057 6.232 8
2.343 -2.77 6.457 12
2.882 -2.394 6.598 9
3.071 -2.511 6.619 11
3.088 -2.882 6.517 10
2.76 -3.416 6.399 10
2.255 -3.761 6.131 10
1.721 -3.507 6.114 10
1.359 -2.999 6.222 9
0.943 -2.126 6.318 11
0.703 -1.441 6.564 10
0.761 -1.079 6.61 10
1.118 -0.766 6.311 9
1.529 -0.818 6.023 11
2.078 -0.991 5.401 10
2.43 -1.264 4.702 10
2.482 -1.489 4.347 10
2.209 -1.685 4.278 10
1.8 -1.762 4.544 9
1.091 -1.661 5.159 11
-0.021 -1.381 6.234 10
-0.809 -1.13 7.024 9
-1.771 -0.735 8.03 11
-2.351 -0.411 8.705 10
-2.624 -0.282 8.987 10
-2.853 -0.057 9.265 10
-2.908 0.023 9.327 10
-2.937 0.497 9.524 10
-2.892 1.553 9.787 11
-2.889 2.513 10.055 9
-2.913 3.648 10.402 10
-2.964 4.39 10.615 11
-3.16 4.34 10.934 9
-3.459 4.127 11.449 10
-3.732 3.739 11.884 10
-3.881 3.15 12.15 10
-3.859 2.786 12.176 10
-3.775 2.54 11.949 10
-3.813 2.231 11.858 10
-3.976 2.123 11.937 10
-4.307 1.865 12.222 10
-4.596 1.651 12.564 10
-4.802 1.359 12.832 10
-4.855 0.928 12.933 11
-4.74 0.648 12.828 9
-4.493 0.246 12.483 10
-4.247 -0.009 11.978 11
-4.153 -0.126 11.64 10
-4.187 -0.313 11.276 9
-4.352 -0.378 11.152 10
-4.434 -0.524 11.046 10
-4.697 -0.699 10.991 10
-4.833 -0.804 10.963 10
-5.027 -0.804 10.927 11
-5.267 -0.727 10.97 9
-5.181 -0.407 10.845 10
-5.044 0.062 10.584 10
-4.85 0.426 10.33 10
-4.58 0.837 9.974 11
-4.316 1.091 9.684 9
-4.103 1.197 9.531 10
-3.699 1.343 9.291 10
-3.371 1.441 9.155 10
-3.004 1.441 8.93 10
-2.578 1.405 8.427 8
-2.343 1.328 8.01 10
-2.444 1.419 7.445 11
-2.719 1.551 7.019 9
-3.924 1.786 7.354 11
-5.698 2.205 8.319 9
-7.137 2.456 9.433 10
-8.415 2.765 10.692 11
-8.825 3.007 11.468 9
-8.269 2.92 11.334 10
-7.335 2.568 10.872 9
-6.562 2.159 10.263 10
-5.619 1.52 9.437 10
-5.161 1.063 8.997 10
-5.082 0.871 8.884 11
-5.102 0.842 8.992 9
-5.291 1.043 9.318 11
-5.382 1.326 9.612 9
-5.398 1.728 9.885 10
-5.317 1.968 9.938 13
-5.121 2.37 9.904 7
-4.932 2.652 9.797 10
-4.802 2.911 9.665 10
-4.632 3.294 9.579 10
-4.577 3.514 9.579 11
-4.386 3.957 9.61 9
-4.209 4.304 9.686 10
-3.931 4.541 9.598 10
-3.617 4.553 9.411 11
-3.44 4.343 9.193 10
-3.268 3.969 8.923 9
-3.296 3.445 8.702 10
-3.361 3.145 8.58 10
-3.299 2.81 8.379 11
-3.232 2.638 8.231 9
-2.966 2.703 8.159 11
-2.834 2.698 8.233 10
-2.829 2.729 8.386 10
-3.083 2.619 8.614 10
-3.38 2.068 8.927 10
-3.543 1.587 9.095 10
-3.433 1.067 9.267 10
-3.064 0.689 9.366 10
-2.329 0.84 9.215 10
-1.225 0.991 8.894 14
-0.395 1.18 8.568 7
0.667 1.225 8.066 11
1.395 0.825 7.517 10
1.754 0.426 7.139 10
1.934 -0.146 6.888 10
1.881 -0.574 6.813 10
1.513 -0.462 7.28 14
1.144 -0.349 7.747 4
0.885 0.107 8.231 10
0.73 0.263 8.657 10
0.763 0.134 8.743 10
0.842 -0.014 8.738 10
0.878 -0.198 8.705 10
0.811 -0.081 8.729 10
0.584 0.102 8.949 9
0.311 0.306 9.26 11
0.258 0.375 9.469 11
0.562 0.222 9.37 10
1.027 0.002 9.076 10
1.462 -0.296 8.64 10
1.637 -0.687 8.303 10
1.455 -0.854 8.271 10
2.047 -1.161 8.195 10
2.667 -1.388 8.259 10
3.785 -1.774 8.152 10
4.378 -2.305 8.298 10
4.199 -2.698 8.489 10
3.612 -3.284 8.894 8
2.681 -3.624 9.361 12
2.439 -3.821 9.392 8
3.356 -3.787 8.686 12
4.68 -3.56 7.766 10
6.562 -3.248 6.687 10
7.45 -3.32 6.402 11
7.18 -3.622 6.854 11
6.648 -4.24 7.445 9
5.559 -4.941 8.197 10
6.066 -5.281 7.56 10
6.988 -5.327 6.512 8
8.171 -5.056 5.324 11
9.291 -4.975 3.988 11
9.643 -4.869 3.428 10
9.54 -5.262 3.38 10
8.906 -5.987 3.742 10
8.334 -6.524 4.252 10
7.984 -6.916 4.836 10
7.551 -6.83 5.463 10
7.649 -6.411 5.681 10
7.247 -6.088 6.186 10
6.622 -5.908 6.617 10
5.875 -6.203 6.627 10
5.456 -6.895 5.963 10
5.537 -7.491 5.013 10
5.839 -7.757 3.529 10
6.387 -7.824 2.322 11
6.157 -7.553 1.707 9
4.728 -7.125 1.529 10
3.078 -7.026 1.886 10
0.632 -6.888 2.513 8
-1.364 -6.689 3.222 11
-2.099 -7.127 3.136 10
-2.791 -8.116 3.002 9
-2.686 -9.145 2.597 10
-2.839 -10.278 2.688 10
-4.259 -10.587 4.094 10
-5.722 -10.345 5.547 11
-8.135 -9.797 7.28 10
-10.29 -9.145 8.518 10
-11.094 -9.03 8.298 10
-12.655 -9.136 8.695 10
-13.266 -9.548 8.813 10
-15.069 -8.925 10.486 10
-16.625 -7.74 13.041 10
-17.425 -6.335 14.978 10
-16.213 -5.068 15.677 10
-13.809 -4.836 14.82 10
-11.726 -4.905 13.668 10
-9.153 -4.948 13.587 10
-8.59 -4.853 14.743 10
-8.681 -3.596 16.551 10
-8.844 -2.408 18.272 10
-9.971 -0.057 18.923 10
-9.619 2.42 18.741 10
-8.614 3.737 17.908 12
-5.801 4.41 15.356 9
-2.513 3.892 12.804 10
-1.252 2.281 11.183 10
-1.312 0.33 10.771 10
-3.179 -0.976 12.078 10
-5.679 -1.429 13.912 10
-7.553 -0.679 15.524 10
-8.106 0.409 15.926 11
-7.927 1.52 15.382 9
-7.115 1.776 14.312 10
-6.416 1.491 12.794 11
-5.772 1.106 10.977 9
-5.861 0.699 10.105 10
-6.004 0.73 8.633 9
-6.114 1.067 7.733 10
-5.82 2.118 6.921 9
-5.604 3.701 6.308 10
-5.334 4.845 6.296 10
-5.166 5.865 6.703 10
-5.465 5.583 7.678 10
-5.686 4.769 8.453 10
-5.688 3.538 9.174 9
-5.588 2.432 9.476 10
-4.91 2.061 9.097 10
-3.797 1.644 8.611 15
-2.901 1.644 8.18 7
-1.412 1.721 7.697 9
-0.383 1.752 7.536 9
0.505 2.363 8.044 10
0.543 3.359 9.552 11
-0.011 4.278 11.113 10
0.179 4.975 11.891 9
0.076 5.137 12.109 10
1.424 5.533 10.766 10
3.165 5.662 9.241 10
4.158 6.014 8.499 11
5.209 6.035 7.977 9
5.025 5.437 8.377 10
4.448 5.104 8.959 10
2.777 4.491 10.002 11
1.048 4.209 10.826 10
0.021 3.311 10.982 9
-0.493 2.506 10.644 10
0.086 1.982 9.844 10
0.622 1.158 8.729 13
1.091 0.952 7.92 8
0.308 -0.069 8.243 10
-0.835 -1.651 8.69 9
-1.936 -2.935 9.454 10
-2.229 -4.982 10.165 11
-0.761 -6.607 10.024 10
1.067 -7.673 9.758 11
3.191 -8.564 9.191 9
4.505 -8.69 8.676 10
6.074 -7.953 6.924 10
8.449 -7.417 4.651 10
10.529 -7.055 2.681 10
11.793 -6.962 1.268 10
11.784 -7.431 1.307 10
10.168 -7.256 1.877 10
8.42 -6.512 2.726 18
7.489 -5.499 3.019 2
6.643 -4.376 2.731 10
6.631 -4.139 2.015 10
6.751 -4.472 1.019 10
6.861 -5.272 0.162 12
6.885 -6.181 -0.114 8
7.141 -6.737 0.344 10
7.673 -7.022 1.144 12
8.214 -6.84 1.805 9
8.678 -6.287 3.172 10
8.877 -5.645 4.218 9
8.121 -5.537 5.219 12
7.417 -5.916 6.179 10
6.789 -6.665 6.433 10
6.457 -7.63 6.725 10
6.804 -8.331 6.722 8
7.046 -8.408 7.122 12
6.701 -7.999 8.14 10
6.062 -7.374 9.119 10
5.166 -6.689 10.072 10
4.857 -6.49 9.641 10
5.135 -6.777 8.592 10
5.444 -7.74 6.842 10
4.673 -8.87 5.157 10
3.368 -9.653 4.493 10
0.579 -9.73 4.932 9
-2.24 -9.131 6.071 11
-3.904 -8.133 7.46 10
-5.243 -7.86 8.192 10
-5.097 -8.293 7.824 10
-4.608 -9.545 6.804 10
-3.94 -11.089 5.497 10
-5.054 -11.544 5.669 10
-7.699 -11.473 7.503 10
-10.687 -10.582 9.988 10
-12.777 -9.251 12.447 10
-12.026 -8.645 13.029 10
-9.742 -8.566 11.949 10
-7.266 -8.453 11.077 10
-5.688 -8.781 10.232 10
-5.877 -8.049 11.561 10
-6.892 -6.09 13.041 10
-8.099 -4.165 14.312 10
-9.323 -2.185 15.914 10
-10.165 -0.905 16.395 10
-9.308 -1.24 16.436 10
-8.185 -1.762 15.878 10
-7.046 -2.339 14.99 10
-6.488 -2.679 14.372 10
-6.871 -2.042 14.025 11
-7.52 -1.218 14.276 9
-7.18 -0.483 13.907 10
-6.258 0.014 13.268 10
-5.147 -0.205 12.469 10
-5.147 -0.411 12.148 11
-6.136 -0.529 12.447 9
-7.041 -0.864 12.756 10
-8.068 -1.067 13.244 10
-7.271 -1.163 12.413 10
-6.325 -1.51 11.317 10
-5.463 -1.64 10.211 9
-4.987 -1.821 9.026 11
-5.224 -2.126 8.681 10
-5.319 -2.14 8.35 8
-5.42 -1.884 7.996 10
-5.135 -1.575 7.721 10
-4.649 -1.161 7.249 11
-4.453 -0.785 7.029 9
-4.189 -0.538 6.706 10
-4.027 -0.167 6.54 10
-4.065 0.098 6.572 11
-4.295 0.555 6.471 10
-4.838 1.261 6.725 10
-5.281 1.843 6.821 10
-5.94 2.779 7.249 10
-6.406 3.524 7.809 10
-6.607 4.07 8.216 9
-6.749 5.085 8.274 11
-6.675 5.746 7.999 10
-6.325 6.88 7.261 10
-5.518 7.455 6.648 10
-4.771 7.56 6.385 10
-3.655 7.388 6.387 10
-2.815 6.742 6.852 10
-2.121 6.203 7.012 10
-1.175 5.758 6.821 11
-0.598 5.59 6.363 9
-0.466 5.628 5.765 11
-1.211 5.786 5.817 12
-2.207 5.851 6.222 8
-3.622 5.82 7.098 10
-4.592 5.583 8.116 10
-4.668 5.839 8.686 10
-4.053 6.356 9.09 10
-3.019 6.969 9.023 11
-1.96 7.132 8.913 9
-1.244 6.943 8.705 10
-1.874 5.64 8.978 10
-2.303 3.691 9.461 10
-2.755 2.193 9.988 10
-2.676 0.565 10.455 10
-1.944 -0.21 10.606 10
-1.055 -0.057 10.496 10
-0.045 -0.143 10.637 10
0.433 -0.1 10.838 10
0.39 -0.902 11.398 10
-0.519 -2.286 12.691 10
-1.551 -3.43 13.733 10
-3.299 -3.995 15.136 10
-4.525 -3.715 16.18 10
-4.922 -3.201 15.282 10
-2.245 -3.682 12.241 10
1.146 -4.742 8.839 10
7.57 -6.72 4.213 10
13.675 -8.633 0.847 10
15.298 -9.203 1.604 10
14.377 -9.102 3.811 10
10.424 -8.085 7.242 10
6.505 -6.763 9.861 10
5.188 -5.413 8.446 11
6.416 -4.733 5.58 9
8.061 -3.816 2.463 10
9.672 -3.203 0.158 10
9.725 -3.236 0.471 10
8.935 -3.481 1.537 10
7.728 -3.962 2.853 9
6.15 -4.393 4.156 10
4.936 -4.553 4.893 9
5.226 -4.651 4.244 11
5.82 -4.91 3.801 9
6.785 -5.219 3.373 10
7.223 -5.655 3.325 12
7.0 -5.942 3.912 8
6.105 -6.198 4.637 12
5.114 -6.433 5.54 10
4.649 -6.54 6.062 9
4.402 -6.811 6.509 11
4.515 -6.876 6.457 10
4.723 -6.962 6.227 10
4.436 -6.581 6.121 10
3.931 -6.038 6.09 9
3.143 -5.451 6.189 11
2.032 -5.322 5.987 10
1.417 -5.659 5.662 10
0.888 -6.414 5.197 8
0.651 -7.287 4.759 10
0.246 -8.09 4.45 12
-1.285 -8.516 4.247 8
-2.904 -8.525 4.182 10
-5.786 -8.034 4.683 12
-8.178 -7.158 5.353 8
-9.425 -6.914 5.662 12
-10.522 -6.983 5.659 10
-10.354 -7.553 5.092 9
-10.35 -8.408 5.111 11
-11.226 -8.501 6.387 8
-12.253 -8.281 7.975 12
-13.934 -7.304 10.12 10
-15.452 -6.042 11.678 10
-15.54 -5.798 11.832 10
-15.325 -5.777 11.971 10
-14.456 -6.512 11.552 10
-13.034 -7.18 11.738 10
-11.956 -7.23 12.902 10
-11.183 -7.058 14.08 10
-10.946 -5.992 15.612 10
-11.262 -4.994 16.539 10
-11.245 -3.878 16.606 10
-10.453 -3.136 16.5 10
-9.124 -3.287 16.041 10
-7.797 -3.004 15.789 10
-7.024 -2.944 15.825 10
-6.974 -2.272 15.796 10
-6.476 -1.132 15.294 10
-5.975 -0.426 14.583 10
-5.14 0.5 13.321 10
-3.904 1.206 11.863 10
-3.117 1.446 10.879 10
-2.509 1.68 9.811 10
-2.236 1.695 9.294 11
-3.026 1.683 9.339 9
-3.979 1.74 9.512 10
-4.752 1.802 9.768 10
-5.216 1.956 9.787 10
-5.07 2.116 9.677 10
-4.778 2.394 9.313 8
-4.51 2.777 9.057 11
-4.551 3.069 9.038 9
-4.513 3.512 8.947 10
-4.458 3.768 8.983 10
-4.448 4.12 8.927 12
-4.46 4.431 8.932 9
-4.551 4.592 9.009 11
-4.508 4.702 9.141 8
-4.378 4.649 9.272 11
-4.228 4.637 9.344 11
-3.916 4.963 9.064 9
-3.739 5.339 8.729 11
-3.696 6.009 7.994 10
-3.873 6.615 7.163 10
-4.211 6.883 6.684 10
-4.419 6.957 6.366 10
-4.568 6.981 6.67 10
-4.496 7.07 7.07 10
-4.582 7.137 7.666 10
-4.797 7.398 8.101 10
-4.908 7.405 8.283 10
-4.841 7.299 8.336 10
-4.616 7.216 8.192 10
-4.024 6.933 7.922 10
-3.481 6.622 7.666 10
-2.571 6.449 7.453 10
-1.019 6.502 7.015 10
0.165 6.754 6.703 10
1.034 7.144 6.505 10
0.701 7.084 6.746 10
-0.272 6.799 7.213 10
-1.388 6.069 7.788 10
-2.188 5.2 8.25 10
-1.975 4.225 8.293 11
-1.185 2.87 8.386 9
-0.253 1.96 8.372 10
0.818 0.694 8.774 10
1.537 -0.043 9.241 10
2.006 -0.902 9.361 10
2.741 -1.932 9.16 10
3.335 -2.604 8.542 10
4.192 -3.416 7.589 10
4.721 -3.725 6.933 10
4.982 -3.837 7.084 9
4.766 -3.55 7.934 9
4.288 -3.124 9.119 10
3.466 -2.602 10.618 10
2.647 -2.106 11.631 10
2.983 -2.346 11.262 10
3.928 -3.658 10.146 10
5.216 -5.066 8.717 11
6.05 -6.73 7.285 14
5.391 -7.491 7.314 6
4.122 -7.18 8.09 10
3.124 -6.375 8.956 10
2.58 -5.315 9.825 10
4.096 -4.783 9.212 10
6.564 -4.56 7.814 10
8.762 -4.831 6.325 10
10.73 -5.121 5.207 10
10.101 -5.485 5.568 10
8.518 -5.54 6.715 10
7.204 -5.808 7.237 10
6.119 -6.057 7.388 10
7.304 -5.688 6.045 10
8.032 -4.982 4.941 10
8.492 -4.062 4.462 10
8.458 -3.61 4.304 12
7.508 -3.739 4.865 9
6.268 -4.716 5.396 10
5.195 -5.966 5.731 10
4.616 -6.749 5.746 10
4.019 -6.974 5.679 10
3.876 -6.564 5.607 10
3.564 -5.882 5.731 10
3.325 -5.386 5.762 10
3.102 -5.449 5.875 10
3.361 -5.743 5.365 10
3.469 -6.069 4.297 10
3.505 -6.208 3.323 10
3.076 -6.26 2.43 10
2.461 -6.205 1.953 9
1.28 -6.2 2.568 9
-0.581 -6.418 3.667 11
-1.98 -6.722 4.685 9
-3.957 -7.086 6.179 10
-5.219 -7.369 7.139 10
-5.911 -7.764 7.884 12
-6.306 -8.846 8.444 10
-6.121 -9.868 8.528 9
-6.277 -11.204 8.621 11
-6.32 -12.205 8.446 8
-7.05 -12.205 8.662 12
-8.276 -11.76 8.925 10
-9.162 -11.001 9.179 10
-10.419 -10.024 10.065 10
-11.274 -9.212 10.33 10
-11.633 -8.846 10.548 10
-10.874 -8.434 9.713 10
-9.921 -8.497 8.552 10
-8.98 -8.707 7.805 9
-8.42 -8.87 7.881 10
-8.978 -9.078 9.011 11
-9.423 -8.616 10.582 10
-10.211 -7.673 12.82 9
-10.618 -6.777 14.235 11
-10.012 -5.846 15.416 10
-9.342 -5.329 15.849 10
-7.963 -4.934 15.691 10
-6.624 -4.333 15.693 10
-6.299 -3.768 15.931 10
-6.315 -2.853 16.165 10
-6.785 -2.516 16.39 10
-7.213 -2.384 16.455 10
-7.062 -1.922 15.801 10
-6.569 -1.81 15.15 10
-5.784 -1.319 13.946 10
-5.008 -0.608 12.27 10
-4.812 -0.227 11.312 10
-4.821 0.198 10.304 10
-5.037 0.464 9.782 10
-5.655 0.591 9.986 10
-5.87 0.933 9.955 10
-5.88 1.23 9.974 9
-6.014 1.991 9.95 9
-5.736 2.671 9.672 10
-5.808 3.5 9.406 10
-5.923 4.477 9.129 11
-5.913 4.989 8.894 9
-5.681 5.513 8.657 10
-5.157 5.547 8.64 12
-4.589 5.432 8.635 10
-3.751 5.463 8.47 8
-3.136 5.482 8.307 12
-2.71 6.153 7.9 10
-2.511 7.232 7.419 9
-2.583 8.166 7.098 11
-2.647 8.652 6.864 9
-2.868 8.614 6.876 11
-2.602 7.781 7.242 10
-2.671 6.773 8.113 10
-2.748 6.212 8.899 10
-3.071 5.413 9.605 10
-3.533 4.639 9.816 10
-3.66 4.041 9.521 10
-3.43 3.375 8.904 10
-2.954 2.949 8.365 10
-2.463 3.04 7.92 10
-1.829 3.184 7.515 10
-1.551 3.394 7.433 10
-1.623 2.686 7.802 10
-1.829 1.819 8.293 10
-2.398 0.114 9.418 10
-2.554 -1.86 10.539 10
-2.36 -2.916 11.209 10
-1.855 -3.842 11.901 10
-1.47 -3.991 11.547 10
-1.498 -3.869 11.197 10
-1.235 -4.062 10.0 10
-1.283 -4.386 8.781 10
0.0 -4.881 7.28 10
2.013 -5.463 6.014 10
3.734 -5.729 5.595 10
4.881 -5.714 5.872 11
5.037 -5.521 6.804 9
4.565 -5.176 6.981 9
5.288 -4.558 5.741 9
6.586 -4.22 3.804 10
8.717 -3.749 1.424 12
10.745 -3.342 -0.435 8
11.19 -3.926 -0.282 10
11.032 -4.807 0.663 11
10.041 -5.822 2.051 9
8.899 -6.478 3.679 12
7.905 -5.983 4.484 9
7.515 -5.19 4.496 9
6.914 -4.216 4.273 11
6.464 -3.6 3.811 10
7.141 -3.751 3.181 9
8.161 -4.4 2.889 10
9.392 -5.231 2.832 11
9.816 -5.916 3.299 9
9.351 -6.268 4.161 10
8.171 -5.815 4.556 10
7.18 -5.59 4.627 10
6.995 -5.511 4.175 10
6.9 -5.851 3.629 11
6.282 -6.835 3.442 11
5.475 -7.592 3.579 8
4.134 -8.724 3.823 11
2.705 -9.437 4.161 8
2.08 -9.473 4.077 12
1.594 -9.04 3.766 8
1.642 -8.231 3.347 11
1.946 -7.841 2.597 12
2.341 -7.79 2.039 8
1.503 -8.386 2.08 10
-0.857 -8.999 3.009 12
-3.473 -9.193 4.268 8
-6.325 -9.868 5.561 11
-7.45 -10.687 5.992 11
-7.053 -11.489 5.535 10
-6.526 -12.136 5.142 11
-5.765 -12.301 4.716 8
-8.169 -11.585 6.663 10
-11.53 -10.91 10.261 10
-15.021 -10.39 13.795 10
-16.737 -9.928 16.989 11
-15.03 -9.636 17.987 10
-12.366 -9.303 17.334 9
-10.852 -8.185 17.214 9
-11.113 -7.01 17.434 11
-12.109 -5.834 17.676 11
-12.401 -4.742 17.393 10
-11.542 -4.436 16.577 10
-9.825 -4.288 15.576 11
-8.264 -4.529 14.867 7
-7.292 -4.63 15.011 12
-6.718 -4.419 15.148 10
-7.0 -4.05 15.468 10
-6.528 -3.608 15.413 10
-6.172 -3.222 15.03 10
-5.501 -2.947 14.377 8
-4.888 -2.76 13.596 12
-5.03 -2.647 13.192 10
-5.087 -2.41 12.638 10
-5.104 -2.317 12.263 10
-5.063 -2.135 12.014 10
-5.044 -1.685 11.695 8
-5.109 -1.359 11.525 12
-5.327 -0.943 11.635 10
-5.453 -0.505 11.587 10
-5.559 -0.335 11.609 10
-5.305 -0.169 11.106 10
-4.855 -0.153 10.424 8
-4.417 0.119 9.287 12
-4.156 0.809 8.07 10
-4.254 1.503 7.378 10
-4.654 2.147 6.986 10
-5.214 2.549 7.455 14
-5.597 2.535 8.003 4
-6.105 2.698 8.628 10
-6.311 2.911 8.954 10
-6.313 3.426 8.906 10
-6.074 4.249 8.69 11
-5.71 4.896 8.398 9
-5.114 5.705 8.113 10
-4.639 6.177 7.953 10
-4.369 6.279 8.063 9
-4.05 6.054 8.238 10
-3.964 5.667 8.406 10
-3.696 5.13 8.559 10
-3.466 4.654 8.609 10
-2.82 4.563 8.212 11
-2.003 4.527 7.46 9
-1.369 4.639 6.722 10
-0.653 4.721 5.846 10
-0.402 4.745 5.353 11
-0.344 4.781 5.195 10
-0.442 4.733 5.372 9
-0.622 4.716 5.688 10
-1.316 4.675 6.39 10
-2.377 4.582 7.333 10
-3.282 4.572 7.941 11
-4.347 4.627 8.497 9
-4.898 4.707 8.667 10
-4.922 4.946 8.599 10
-4.474 4.872 8.588 11
-3.866 4.733 8.628 10
-2.837 4.048 8.631 9
-1.944 3.189 8.647 10
-1.371 2.133 8.365 10
-0.682 0.995 7.852 11
-0.414 0.404 7.378 10
0.299 -0.215 6.883 9
0.823 -0.548 7.522 11
1.23 -0.799 8.391 9
1.704 -1.568 9.737 11
1.733 -2.308 11.104 10
2.114 -2.971 11.274 10
2.43 -3.399 11.188 10
2.679 -3.311 10.625 10
3.529 -3.282 9.727 10
5.312 -3.11 8.516 19
7.666 -3.205 7.235 13
10.019 -3.301 5.954 10
10.797 -3.531 5.374 10
9.634 -4.067 5.497 10
7.965 -4.57 5.944 10
6.505 -5.432 6.007 10
6.019 -6.1 5.702 8
7.05 -6.538 4.781 10
7.812 -6.299 3.883 10
8.365 -5.7 3.371 10
8.372 -4.728 3.306 10
7.556 -3.677 3.778 10
6.828 -3.473 4.508 11
6.761 -3.519 5.176 9
7.24 -3.938 5.396 11
8.173 -4.627 5.415 10
8.985 -4.821 5.207 10
9.136 -4.766 5.061 10
8.949 -4.92 5.25 10
8.307 -4.802 5.64 10
7.41 -5.238 6.184 10
6.469 -5.793 6.672 11
5.865 -6.141 6.825 9
5.442 -6.382 6.84 10
5.315 -6.105 6.732 10
5.231 -5.707 6.679 10
4.987 -5.085 6.758 10
4.563 -4.568 6.976 10
4.165 -4.429 7.029 10
3.711 -4.651 6.718 10
3.416 -5.099 6.275 10
2.652 -5.54 5.547 11
2.126 -5.894 4.898 10
1.213 -5.889 4.637 12
0.189 -5.896 4.151 6
-0.366 -5.911 3.95 10
-0.6 -6.121 3.603 10
-0.392 -6.33 3.232 10
0.119 -7.338 2.509 11
-1.089 -8.611 2.286 11
-2.619 -9.689 2.209 8
-6.548 -10.077 3.988 10
-10.936 -9.593 7.364 10
-13.603 -8.844 10.24 10
-14.377 -8.183 12.521 12
-12.751 -8.212 12.947 8
-10.196 -8.389 12.212 12
-8.939 -8.19 12.203 10
-9.576 -7.903 12.787 9
-10.096 -7.472 13.572 11
-10.613 -7.261 14.463 10
-9.832 -7.426 14.628 10
-8.197 -7.208 14.707 10
-6.679 -7.134 14.585 9
-5.899 -6.299 14.422 11
-6.569 -4.824 14.657 10
-8.094 -3.732 14.978 10
-9.253 -2.834 15.093 10
-10.338 -2.389 15.284 10
-9.246 -2.839 14.844 10
-8.221 -3.502 15.071 10
-7.563 -3.971 15.504 10
-7.103 -4.141 15.801 10
-6.677 -3.713 15.444 10
-6.184 -3.071 14.42 10
-5.758 -2.092 13.115 10
-5.133 -1.412 11.947 10
-5.274 -1.077 11.544 10
-5.566 -0.976 11.156 11
-5.791 -1.213 11.049 9
-6.088 -1.266 10.857 10
-6.311 -1.316 10.788 10
-6.308 -0.806 10.34 10
-6.033 0.074 9.66 11
-5.686 0.77 9.064 9
-5.185 1.769 8.475 8
-4.759 2.442 8.25 10
-4.599 2.712 8.41 10
-4.551 3.174 8.657 10
-4.656 3.335 8.896 10
-5.111 3.658 9.291 12
-5.585 4.357 9.473 8
-5.947 4.865 9.569 12
-5.872 5.597 9.37 9
-5.449 6.167 9.016 11
-4.462 6.342 8.367 10
-3.478 6.332 7.821 8
-2.93 6.098 7.57 12
-2.41 5.791 7.05 10
-2.442 5.535 6.885 10
-2.456 5.521 6.414 10
-2.609 5.544 6.083 10
-2.734 5.64 6.021 10
-3.263 5.691 6.323 10
-3.962 5.497 7.273 10
-4.522 5.264 8.082 10
-4.987 4.869 9.109 10
-5.046 4.52 9.773 10
-4.797 4.474 10.132 9
-4.165 4.584 10.319 11
-3.629 4.857 10.287 10
-2.298 5.453 9.871 10
-1.12 5.932 9.313 10
0.033 5.978 8.983 11
0.79 5.188 9.066 9
0.751 4.074 9.536 10
0.316 2.401 10.129 10
-0.086 0.773 10.266 10
-0.09 -0.019 9.988 10
-0.074 -0.636 9.593 8
0.339 -0.694 9.074 12
0.148 -0.634 8.935 8
0.21 -1.137 8.717 10
0.251 -1.814 8.616 10
0.814 -3.033 8.485 10
1.589 -4.137 8.374 9
1.754 -4.594 8.48 10
1.788 -4.819 8.671 10
1.3 -4.503 8.894 10
1.757 -4.036 8.518 10
2.571 -3.653 8.006 10
5.202 -3.447 6.596 10
8.432 -3.234 4.936 10
10.716 -3.172 3.876 11
11.42 -3.16 3.754 10
9.617 -3.311 5.135 11
7.216 -3.469 6.766 9
5.269 -3.634 8.152 11
4.903 -3.749 8.599 8
6.548 -3.576 7.01 10
7.979 -3.586 5.257 10
8.956 -3.588 3.749 10
9.411 -4.089 2.722 10
9.138 -5.015 2.954 13
9.078 -5.76 3.349 7
9.143 -6.301 3.603 12
9.73 -6.344 3.375 8
9.229 -5.93 3.423 12
8.389 -5.463 3.387 9
7.424 -5.2 3.493 9
6.021 -5.147 3.701 11
5.243 -5.305 3.72 9
4.958 -5.805 3.938 10
4.826 -6.447 4.098 11
5.133 -6.878 4.156 10
5.25 -7.144 4.453 9
5.214 -7.12 4.635 10
4.481 -7.149 4.469 10
2.794 -7.264 4.69 12
1.295 -7.544 4.671 8
-0.177 -7.477 4.146 10
-1.106 -7.216 4.027 10
-1.041 -7.132 2.94 10
-1.362 -7.501 2.513 10
-1.709 -8.216 2.592 10
-3.509 -9.021 3.584 10
-6.411 -9.684 5.786 10
-8.927 -9.895 7.328 10
-11.298 -9.957 8.647 11
-12.215 -9.931 9.054 9
-11.456 -10.002 8.281 10
-11.31 -9.856 8.209 10
-11.31 -9.859 8.36 13
-12.816 -9.052 9.6 8
-14.935 -8.025 11.391 10
-16.237 -7.426 12.119 10
-15.691 -7.192 12.528 10
-13.639 -7.766 11.848 10
-11.166 -8.836 11.748 10
-9.627 -8.853 13.043 10
-9.935 -8.506 14.657 9
-10.5 -7.067 16.649 11
-11.487 -5.133 18.061 10
-10.826 -3.715 18.109 10
-9.476 -2.293 17.858 10
-7.869 -1.963 17.228 10
-5.762 -1.79 16.007 10
-4.63 -1.613 15.021 12
-4.187 -1.441 14.334 16
-3.883 -1.424 13.362 2
-4.079 -1.249 12.981 10
-4.266 -1.058 12.483 10
-4.544 -0.897 11.449 10
-4.683 -0.581 10.699 10
-4.879 0.196 9.876 10
-5.027 0.627 9.265 10
-5.497 1.549 9.071 10
-5.729 2.078 8.729 10
-5.904 2.145 8.461 9
-6.15 2.272 8.231 10
-5.985 1.939 8.121 10
-6.323 2.015 8.307 10
-6.55 2.377 8.588 10
-6.706 2.679 8.829 10
-6.651 3.564 8.858 10
-6.366 4.477 8.76 10
-6.191 5.104 8.568 10
-6.102 5.559 8.683 10
-6.224 5.43 9.011 13
-6.275 5.425 9.555 8
-6.251 5.803 10.002 10
-6.141 6.354 10.144 9
-5.99 7.273 9.926 10
-5.875 8.025 9.471 10
-5.832 8.362 8.987 10
-5.681 8.523 8.18 10
-5.571 8.315 7.733 10
-5.204 7.795 7.094 10
-4.707 7.321 6.442 10
-4.316 7.024 6.114 10
-3.895 6.631 5.743 10
-3.73 6.55 5.564 10
-3.495 6.636 5.494 10
-2.703 6.818 5.521 10
-1.941 7.096 5.59 10
-1.254 7.077 6.076 10
-0.77 6.876 6.588 10
-1.326 6.426 7.405 10
-2.08 5.779 8.377 11
-2.76 5.43 8.932 9
-2.849 4.771 9.375 11
-1.872 3.96 9.442 10
-0.696 3.344 9.354 10
0.656 2.13 9.081 10
1.417 1.225 8.92 10
1.458 -0.064 8.595 10
1.407 -1.855 8.47 10
1.18 -3.047 8.53 10
0.993 -4.197 9.069 10
0.943 -4.654 9.749 10
1.434 -4.73 9.902 10
2.353 -5.006 9.739 10
3.232 -5.324 9.097 10
5.061 -5.916 7.69 9
6.44 -6.387 6.607 10
7.936 -6.026 5.633 10
8.779 -4.97 5.609 10
8.671 -3.641 6.351 10
8.248 -3.093 7.11 11
7.96 -3.849 7.441 9
8.327 -5.3 6.821 10
8.367 -6.531 6.083 10
8.724 -6.981 5.329 10
7.443 -6.27 5.166 10
6.174 -5.817 4.675 10
5.231 -5.585 4.302 10
5.92 -5.813 3.117 10
7.565 -6.531 1.977 10
9.435 -6.33 1.345 10
10.374 -5.805 1.371 10
9.679 -4.821 2.209 10
8.444 -3.713 3.399 10
6.916 -3.634 4.288 11
6.32 -3.878 4.517 10
5.892 -4.587 4.292 9
6.004 -5.42 3.715 10
5.894 -5.901 3.426 10
5.099 -6.675 3.598 10
4.137 -6.983 4.225 11
2.712 -7.419 5.073 9
1.565 -7.838 5.755 10
1.395 -8.073 5.652 10
1.357 -8.468 5.135 10
1.781 -8.736 4.398 11
1.302 -8.863 3.957 9
-0.488 -8.638 4.52 10
-2.41 -8.252 5.497 10
-4.469 -8.312 6.646 11
-5.626 -8.513 7.498 9
-4.848 -10.101 7.297 10
-4.153 -11.765 6.907 10
-3.323 -12.983 6.344 10
-5.494 -12.962 7.477 10
-8.58 -11.798 8.983 10
-12.806 -10.058 11.59 11
-14.848 -9.133 12.835 9
-13.888 -9.449 12.385 10
-12.255 -9.988 11.633 10
-10.311 -10.601 11.152 10
-10.551 -10.398 12.033 10
-11.212 -9.469 13.649 10
-12.545 -8.317 15.567 10
-11.748 -7.175 15.931 10
-10.467 -6.299 16.366 10
-8.765 -6.148 16.067 10
-7.505 -6.519 16.175 10
-7.465 -7.307 16.654 10
-7.821 -7.841 16.979 10
-7.982 -7.778 17.063 10
-7.699 -7.194 16.74 10
-7.266 -6.047 15.885 10
-6.332 -4.675 14.602 10
-5.595 -3.9 13.56 10
-4.896 -2.808 11.982 10
-4.347 -2.279 10.936 11
-5.24 -1.951 10.781 10
-6.117 -1.465 10.716 10
-6.955 -1.295 11.188 10
-7.852 -0.742 11.492 10
-7.896 -0.201 11.415 10
-7.702 0.368 10.903 10
-7.474 0.89 10.237 10
-7.187 1.029 9.739 10
-6.962 1.165 9.232 10
-7.225 1.292 9.131 10
-7.522 1.467 9.184 10
-7.979 2.051 9.2 9
-8.374 2.638 9.227 10
-8.226 3.505 8.865 10
-7.975 4.443 8.413 10
-7.563 4.972 7.996 10
-7.065 5.497 7.371 10
-6.876 5.564 7.072 10
-6.909 5.552 6.868 10
-6.809 5.683 6.548 10
-6.794 5.82 6.435 10
-6.679 6.143 6.33 10
-6.445 6.473 6.22 11
-6.064 6.643 6.251 10
-5.43 6.55 6.354 9
-4.896 6.27 6.449 10
-4.223 5.861 6.54 10
-4.007 5.513 6.806 11
-4.046 5.43 7.0 10
-4.197 5.439 7.266 10
-4.486 5.578 7.536 9
-4.412 5.758 7.577 11
-4.005 5.935 7.407 10
-3.485 6.019 7.165 10
-3.205 5.77 6.957 10
-3.112 5.434 6.78 10
-3.96 4.953 7.18 10
-4.673 4.728 7.486 10
-5.147 4.836 7.759 10
-4.996 4.853 7.979 10
-3.804 4.343 7.807 10
-2.746 3.576 7.728 10
-1.735 2.195 7.517 10
-1.35 0.905 7.359 10
-1.367 -0.014 7.268 10
-1.142 -1.266 7.477 10
-0.869 -1.903 7.817 10
-0.253 -2.468 8.283 11
0.629 -2.789 8.678 9
1.271 -2.777 8.774 10
2.118 -2.987 8.683 10
2.624 -3.27 8.465 10
3.248 -3.464 7.797 10
4.683 -3.447 6.497 17
5.911 -3.208 5.384 3
7.529 -2.999 4.228 10
8.729 -2.82 3.552 10
8.568 -3.337 4.17 10
8.137 -4.278 5.238 10
7.316 -5.188 6.349 10
6.859 -5.578 7.137 11
7.062 -5.116 6.777 10
7.536 -4.23 5.968 9
8.236 -3.931 5.123 10
8.571 -4.151 4.601 11
8.619 -5.018 5.025 9
8.559 -5.817 5.547 11
8.274 -6.03 6.105 11
8.283 -5.908 6.342 8
8.47 -5.506 6.119 11
9.318 -4.836 5.521 13
10.002 -3.955 5.013 8
10.393 -3.409 4.826 10
10.254 -2.944 4.841 9
9.562 -2.815 5.133 9
8.93 -3.11 5.41 10
8.094 -3.833 5.681 10
7.788 -4.474 5.75 11
7.086 -5.336 5.825 9
6.418 -6.198 5.746 12
5.954 -6.631 5.674 8
5.334 -6.782 5.518 11
5.109 -6.713 5.358 11
4.69 -6.392 5.042 10
3.998 -6.232 4.697 10
3.462 -6.354 4.436 10
2.494 -6.409 4.206 12
1.869 -6.969 4.017 9
1.517 -7.369 3.857 7
0.584 -8.058 3.825 10
0.081 -8.815 3.763 11
-1.156 -8.913 3.883 9
-2.616 -9.05 4.192 10
-3.495 -8.896 4.371 11
-4.359 -8.846 4.474 10
-4.568 -8.987 4.587 11
-5.106 -8.894 4.41 8
-7.223 -8.64 5.037 12
-9.354 -8.283 5.741 9
-12.545 -7.603 7.441 9
-14.305 -7.065 9.588 12
-14.487 -6.687 10.931 8
-13.991 -6.198 12.277 12
-12.435 -6.033 12.627 10
-11.992 -5.327 12.887 10
-11.753 -4.046 13.103 10
-12.191 -2.875 13.316 9
-12.342 -2.173 13.587 11
-12.258 -2.068 13.599 9
-11.262 -3.086 13.91 11
-9.952 -4.046 13.939 9
-8.93 -4.537 13.91 10
-8.25 -5.154 14.097 9
-8.279 -5.224 14.03 10
-8.192 -5.363 14.041 10
-7.524 -5.676 13.776 10
-6.514 -5.863 13.295 10
-5.549 -6.186 12.452 11
-5.47 -6.526 11.968 10
-5.973 -6.691 11.762 9
-6.059 -6.497 11.458 11
-6.1 -6.167 11.516 10
-5.7 -5.228 11.549 10
-5.583 -4.141 11.64 10
-5.882 -3.414 11.829 9
-5.803 -2.413 11.573 12
-5.707 -1.991 11.185 10
-5.231 -1.47 10.158 10
-5.161 -0.842 9.074 9
-5.47 -0.488 8.434 12
-6.069 0.251 7.778 7
-6.766 0.742 7.704 10
-7.031 1.357 7.862 11
-7.156 1.972 8.015 9
-6.991 2.202 8.185 10
-6.904 2.415 8.31 13
-6.947 2.398 8.135 8
-7.132 2.382 7.965 10
-7.29 2.482 7.891 10
-7.369 2.6 7.862 10
-7.161 2.837 8.111 11
-6.71 3.38 8.437 10
-6.287 3.806 8.667 8
-5.746 4.551 8.882 11
-5.499 5.461 8.762 10
-5.494 6.064 8.566 10
-5.408 6.864 7.991 11
-5.439 7.345 7.431 10
-5.279 7.247 7.105 9
-4.797 7.005 7.062 12
-4.398 6.567 7.398 8
-3.744 6.445 8.13 12
-3.169 6.617 8.81 8
-2.662 7.086 9.131 11
-2.262 7.445 9.052 10
-2.116 7.489 8.576 10
-2.267 7.51 7.927 10
-2.487 7.632 7.836 10
-2.6 7.864 8.145 12
-2.116 7.572 8.58 8
-1.335 7.302 9.188 10
-0.014 6.222 9.074 9
1.697 4.223 8.492 11
2.813 2.748 7.783 10
3.299 0.912 6.876 10
3.059 -0.368 6.21 10
1.479 -0.806 6.531 10
0.033 -1.261 6.792 10
-0.782 -1.355 7.252 10
-1.051 -1.594 7.58 10
-0.543 -2.387 7.75 10
-0.169 -3.162 7.979 10
-1.922 -4.824 9.2 10
-4.223 -6.339 10.553 10
-7.156 -7.036 11.954 8
-9.138 -7.007 12.701 10
-8.995 -6.093 12.457 10
-6.303 -4.474 9.844 10
-2.806 -3.045 6.823 10
3.227 -2.549 2.858 10
9.902 -2.834 -0.478 12
14.03 -3.823 -1.448 10
16.587 -4.438 -1.323 10
14.774 -4.333 0.816 10
12.32 -3.447 2.329 10
8.997 -2.408 4.24 10
7.244 -1.742 5.056 10
5.87 -2.015 5.841 10
4.819 -2.782 6.344 10
4.637 -3.701 6.449 10
5.169 -4.876 5.837 10
6.205 -5.626 4.836 8
7.486 -5.978 4.046 10
8.832 -6.361 3.622 12
9.464 -6.488 3.916 8
9.612 -6.703 4.58 10
9.193 -6.823 5.315 11
8.441 -7.007 5.568 11
7.208 -7.232 5.985 9
6.459 -7.369 6.033 11
5.633 -7.309 6.217 10
5.444 -7.168 6.22 10
5.736 -6.986 6.059 10
5.872 -6.737 5.949 8
6.086 -6.684 5.702 12
5.427 -6.675 5.935 9
4.525 -6.739 6.165 11
3.778 -6.871 6.344 10
2.865 -7.103 6.335 8
2.456 -7.278 6.143 11
2.145 -7.52 5.681 9
1.508 -7.96 4.932 10
1.036 -8.3 4.371 10
-0.069 -8.746 3.914 10
-1.719 -9.186 4.077 11
-3.043 -9.428 4.527 9
-4.604 -10.029 4.876 10
-5.53 -10.524 5.123 12
-5.631 -11.374 4.893 8
-6.526 -11.932 5.535 11
-7.184 -12.131 6.277 9
-9.081 -11.595 8.147 10
-11.113 -10.568 10.146 10
-11.568 -9.287 11.262 11
-11.293 -8.226 12.155 9
-9.78 -7.9 11.92 12
-9.473 -7.735 12.445 9
-10.213 -7.769 13.527 11
-11.683 -7.582 14.832 10
-12.265 -7.153 15.94 10
-11.64 -6.564 16.29 10
-10.362 -6.315 15.986 10
-8.781 -6.27 15.394 10
-8.09 -6.466 14.999 10
-7.003 -6.71 14.18 10
-6.306 -6.962 13.469 9
-6.019 -6.837 12.883 11
-6.145 -6.631 12.339 10
-6.667 -6.378 12.22 11
-6.73 -5.985 11.714 9
-6.263 -5.839 11.161 10
-5.382 -5.774 10.565 10
-4.343 -5.674 9.995 10
-3.763 -5.712 9.811 10
-4.015 -5.437 10.019 9
-4.422 -4.795 10.326 11
-4.987 -4.189 10.606 8
-5.523 -3.27 10.723 12
-5.65 -2.59 10.658 10
-5.298 -2.068 10.038 10
-4.932 -1.12 9.066 10
-4.594 -0.486 8.257 10
-4.649 0.378 7.331 10
-5.521 1.213 6.976 10
-6.406 1.623 6.974 11
-7.474 2.039 7.026 9
-8.149 2.226 7.196 8
-8.19 2.133 7.398 10
-7.886 2.111 7.52 10
-7.4 2.082 7.587 11
-6.536 2.559 7.481 9
-5.813 3.136 7.23 10
-5.339 4.4 6.928 12
-4.678 5.827 6.67 9
-4.395 6.749 6.584 9
-4.17 7.357 6.713 12
-3.936 7.031 7.144 10
-3.888 6.543 7.532 10
-3.722 6.145 8.03 9
-3.5 6.062 8.312 9
-3.318 6.397 8.3 13
-3.201 6.773 8.006 9
-3.201 7.058 7.601 10
-3.169 7.129 7.295 9
-3.203 6.957 7.11 11
-2.987 6.533 7.436 10
-2.561 6.138 7.872 9
-2.166 5.956 8.209 11
-1.558 5.925 8.315 10
-0.742 6.409 8.135 9
-0.136 6.864 7.845 9
0.586 7.015 7.311 10
1.096 7.015 7.01 10
1.017 6.435 7.029 10
0.938 5.856 7.048 10
0.845 5.078 7.706 10
1.007 3.663 8.494 10
1.367 2.523 9.018 12
1.812 1.012 9.397 10
2.252 0.074 8.851 9
2.437 -0.227 8.176 11
2.382 -0.146 7.603 10
1.62 0.028 7.419 16
0.761 0.134 7.764 2
-0.304 0.007 8.295 12
-1.13 -0.502 8.724 9
-1.64 -0.45 9.15 11
-2.367 -0.691 10.002 10
-2.889 -0.701 10.668 10
-2.535 -1.127 11.032 11
-1.877 -1.838 11.156 9
0.5 -2.566 9.974 10
3.385 -3.418 8.125 10
5.394 -3.854 6.579 11
7.668 -4.065 4.517 9
8.441 -3.964 3.337 9
8.726 -3.675 3.215 11
8.769 -3.301 3.787 10
8.547 -3.153 4.874 9
8.068 -2.461 6.244 9
7.57 -1.833 7.22 10
7.043 -1.517 7.192 11
6.229 -1.795 6.777 9
5.671 -2.616 6.081 10
5.267 -3.77 4.917 12
5.954 -4.802 3.909 8
6.928 -5.24 3.287 12
8.441 -5.418 2.607 9
9.801 -5.262 2.394 9
10.429 -5.07 2.573 10
10.431 -4.948 3.203 10
9.895 -5.087 3.89 11
9.406 -5.231 4.613 9
8.829 -5.305 5.099 10
8.81 -5.111 5.154 11
8.975 -4.939 5.037 9
9.093 -4.762 4.884 10
8.88 -4.635 4.874 10
8.226 -4.716 5.011 12
7.388 -4.776 5.319 10
6.749 -4.984 5.118 8
6.44 -5.142 4.774 11
6.691 -5.403 3.952 11
6.478 -5.997 3.287 10
6.066 -6.442 3.131 11
4.807 -7.153 3.459 9
3.495 -7.752 4.098 9
2.123 -7.776 4.757 9
1.142 -7.766 5.106 11
1.007 -7.491 4.972 9
0.926 -7.589 4.52 10
0.907 -8.255 4.096 12
0.497 -8.954 3.981 10
-0.936 -9.804 4.242 9
-2.422 -10.28 4.821 11
-3.988 -10.46 5.173 9
-5.726 -10.649 5.652 12
-6.44 -10.687 5.755 9
-7.187 -10.591 6.217 8
-7.393 -10.467 6.703 11
-7.91 -10.702 7.635 10
-9.406 -10.532 9.844 11
-10.869 -10.496 11.695 12
-12.43 -10.271 14.286 7
-12.763 -9.32 16.072 11
-12.117 -8.774 16.579 10
-10.783 -7.733 16.498 10
-9.351 -6.88 15.677 9
-8.985 -6.148 14.657 11
-8.422 -5.293 13.366 8
-8.547 -4.934 12.665 12
-8.566 -4.323 12.306 10
-7.917 -3.576 12.129 10
-7.465 -2.952 12.222 10
-6.876 -2.082 12.026 11
-6.392 -1.465 11.487 9
-6.552 -1.029 11.343 10
-6.806 -0.55 11.468 10
-7.196 -0.316 11.882 11
-7.316 -0.117 12.191 8
-7.139 -0.11 12.354 11
-6.742 -0.136 12.085 10
-6.43 -0.198 11.535 10
-6.39 -0.225 11.089 10
-6.481 -0.304 10.393 12
-6.698 -0.392 9.859 7
-7.05 -0.325 9.5 11
-7.484 -0.169 9.167 10
-7.785 0.038 9.085 10
-7.85 0.189 8.817 10
-7.46 0.294 8.358 10
-6.988 0.311 7.872 10
-6.519 0.569 7.149 8
-6.287 0.885 6.612 10
-6.557 1.503 6.387 11
-6.904 2.521 6.198 9
-7.249 3.296 6.246 10
-7.663 4.553 6.524 12
-7.809 5.434 6.789 9
-7.678 5.695 7.321 10
-7.371 5.856 8.003 11
-6.995 5.535 8.456 8
-6.517 5.2 8.825 12
-6.141 5.585 8.719 9
-5.94 6.071 8.463 11
-5.58 6.979 8.104 10
-5.324 7.9 7.829 8
-4.845 8.068 7.663 11
-4.211 7.68 7.433 10
-3.734 6.871 7.307 11
-2.952 5.81 7.335 10
-2.489 5.003 7.426 10
-1.484 4.393 7.378 10
-0.687 4.065 7.414 9
-0.196 3.988 7.295 10
0.418 4.082 7.139 11
-0.469 4.529 7.52 9
-1.149 4.695 7.817 11
-2.829 4.853 8.324 10
-4.635 4.841 8.868 9
-5.609 4.754 9.167 11
-6.428 4.532 9.303 10
-6.246 4.316 9.229 10
-5.638 4.173 9.107 10
-5.056 4.108 8.896 10
-4.019 3.722 8.906 10
-3.311 2.829 9.167 10
-3.028 1.865 9.476 10
-2.865 0.253 9.926 10
-3.478 -0.897 10.347 10
-3.763 -1.541 10.517 8
-4.28 -2.133 10.989 11
-4.678 -2.078 11.319 18
-3.639 -3.229 10.764 11
-2.6 -4.381 10.208 10
0.131 -5.6 8.319 10
2.863 -6.818 6.43 10
4.601 -6.995 5.303 10
6.112 -7.362 4.695 10
6.162 -7.714 5.118 10
6.825 -8.066 5.351 10
7.211 -8.255 5.679 10
9.059 -7.321 4.721 10
10.287 -5.592 3.785 10
10.903 -3.864 3.04 10
10.699 -2.442 2.726 10
8.578 -2.149 3.311 10
7.077 -2.652 3.873 10
5.676 -3.586 4.192 9
5.094 -4.213 4.079 11
5.758 -4.754 3.703 9
6.926 -5.039 3.205 10
7.994 -4.893 2.952 11
8.942 -4.647 2.724 9
9.327 -4.29 2.628 10
8.927 -4.525 2.571 10
7.931 -4.79 2.643 10
7.055 -5.157 2.688 10
6.105 -5.353 2.729 10
5.434 -5.214 2.853 10
5.695 -5.082 2.7 10
6.083 -5.154 2.506 11
6.545 -5.396 2.317 10
7.419 -5.853 1.845 9
7.963 -6.615 1.63 10
8.379 -7.173 1.455 10
7.63 -7.479 1.817 11
6.469 -7.57 2.461 10
4.872 -7.256 3.222 10
3.77 -7.077 3.722 10
3.835 -7.149 3.687 9
4.584 -7.884 3.186 11
5.765 -8.681 2.461 10
6.169 -9.526 1.843 10
5.664 -10.12 1.649 9
4.474 -10.05 1.92 10
2.501 -9.55 2.753 11
0.991 -9.136 3.761 10
0.39 -8.973 4.345 10
-0.021 -9.5 4.797 9
0.349 -10.457 4.687 10
-0.095 -11.669 4.75 10
-2.011 -12.84 5.868 11
-4.115 -13.321 7.117 9
-7.065 -14.128 8.978 10
-9.38 -14.413 10.644 10
-9.318 -14.647 10.69 10
-9.327 -14.123 11.322 10
-8.492 -13.273 11.343 11
-8.683 -11.705 12.464 9
-10.204 -10.247 14.58 10
-11.652 -9.548 16.11 11
-12.548 -9.009 17.216 16
-10.855 -8.908 16.321 6
-8.741 -8.789 14.994 8
-6.363 -8.609 13.426 10
-4.539 -8.269 12.282 10
-4.869 -8.286 12.428 10
-5.942 -8.441 12.794 11
-7.278 -8.657 13.402 11
-8.552 -8.88 13.646 10
-9.232 -9.026 13.503 11
-8.209 -8.37 12.957 9
-7.182 -7.352 12.61 10
-6.217 -6.327 12.627 10
-5.272 -5.216 12.708 10
-5.286 -4.769 12.971 16
-5.212 -4.637 13.005 2
-5.147 -4.189 12.816 12
-5.063 -3.828 12.562 9
-5.295 -3.275 11.848 11
-5.336 -2.379 10.498 10
-5.367 -1.8 9.37 11
-5.106 -1.335 7.649 7
-4.529 -1.063 6.387 12
-4.469 -1.003 5.887 10
-4.888 -1.039 5.655 10
-5.6 -0.96 6.016 12
-6.394 -0.646 6.332 6
-6.957 -0.507 6.555 10
-7.235 -0.172 6.418 10
-7.539 0.174 6.217 10
-7.759 0.287 6.062 12
-7.709 0.533 5.758 8
-7.465 0.679 5.544 10
-6.938 1.403 5.322 11
-6.167 2.54 5.176 11
-5.667 3.543 5.178 9
-5.051 4.738 5.317 10
-4.795 5.13 5.633 11
-4.783 5.109 5.872 9
-4.924 5.013 6.083 11
-5.181 4.726 6.157 9
-5.061 4.991 6.09 10
-4.807 5.501 6.184 11
-4.4 6.086 6.306 10
-3.778 6.55 6.562 10
-3.208 6.38 6.931 10
-2.772 5.966 7.139 10
-1.85 5.106 7.589 10
-1.144 4.367 7.905 10
-0.234 3.294 8.698 10
0.72 2.731 9.394 10
1.189 2.614 9.849 9
1.69 2.832 9.957 11
1.766 3.677 9.514 10
1.465 4.185 9.112 10
1.019 4.592 8.796 10
0.543 4.663 8.827 10
0.057 4.805 8.851 10
-0.043 4.757 9.196 10
0.0 4.809 9.454 10
0.1 4.642 10.17 11
0.21 4.405 10.893 9
-0.577 4.156 11.47 10
-1.391 3.751 11.597 10
-2.262 3.567 11.267 10
-3.203 3.153 10.994 10
-3.299 2.767 10.601 10
-3.136 2.398 10.817 10
-2.293 0.656 10.685 10
-1.381 -0.857 10.496 10
0.658 -3.89 9.574 10
2.466 -6.785 8.494 10
3.955 -8.48 7.139 10
5.08 -9.435 5.58 10
5.078 -8.87 4.754 10
4.687 -7.967 4.201 11
4.448 -7.352 4.63 9
4.572 -7.477 5.262 10
5.142 -7.922 5.465 10
6.1 -8.705 5.396 9
6.162 -8.896 4.807 10
5.408 -8.722 4.022 9
4.209 -8.226 3.665 11
2.552 -7.457 3.148 9
1.278 -6.818 2.791 10
0.663 -6.481 2.351 10
0.146 -6.49 1.841 10
0.086 -6.773 1.491 12
0.371 -7.778 1.13 8
0.387 -9.074 1.865 11
0.306 -10.022 2.669 9
-0.363 -10.975 3.9 10
-1.379 -11.204 5.142 10
-2.504 -10.821 5.353 12
-4.527 -10.254 5.691 8
-5.961 -9.682 5.602 10
-7.915 -9.392 5.688 10
-9.332 -9.49 5.99 11
-9.246 -10.678 6.177 11
-8.777 -12.509 6.718 8
-7.788 -14.058 7.084 12
-8.078 -15.009 8.355 10
-10.316 -14.535 10.335 10
-12.938 -13.417 11.961 10
-14.477 -12.744 12.981 8
-14.738 -12.67 13.096 12
-13.402 -13.232 12.37 10
-11.932 -13.778 11.188 10
-11.544 -13.879 10.611 10
-10.917 -14.018 9.871 10
-10.544 -14.039 9.251 10
-9.239 -15.179 9.224 10
-6.952 -15.466 8.518 10
-4.905 -15.715 7.975 10
-1.889 -15.746 6.845 10
1.505 -13.527 5.214 10
3.919 -12.16 4.264 10
6.538 -10.814 3.778 10
8.188 -9.686 3.878 10
7.268 -9.813 6.777 10
5.094 -9.557 10.915 10
2.715 -9.279 14.587 10
1.285 -8.707 16.244 10
0.981 -8.03 15.466 10
1.618 -8.195 12.22 10
0.215 -8.815 9.847 10
-2.138 -9.73 9.49 10
-5.001 -11.037 9.026 10
-7.139 -11.99 9.782 10
-7.237 -12.488 9.665 10
-6.866 -12.966 9.323 11
-5.985 -13.053 9.088 9
-4.819 -13.098 8.791 10
-2.925 -13.053 7.862 10
-1.501 -13.026 7.158 10
0.308 -12.88 5.638 10
1.422 -12.67 4.189 10
1.678 -12.658 2.734 10
1.8 -12.485 0.976 10
1.537 -12.433 0.035 10
1.242 -11.894 -0.94 11
0.995 -11.066 -1.367 9
0.883 -10.398 -1.491 10
0.562 -9.619 -1.575 8
0.272 -9.327 -1.623 10
-0.189 -9.045 -1.362 10
-0.385 -8.559 -1.213 11
-0.373 -8.183 -1.106 9
-0.026 -7.857 -1.144 10
0.574 -7.704 -1.403 12
1.228 -7.984 -1.644 9
2.121 -8.554 -1.702 11
2.679 -9.074 -1.613 10
3.323 -9.39 -1.108 9
3.648 -9.476 -0.507 11
3.869 -8.935 0.1 9
4.091 -8.355 1.048 10
4.228 -7.979 1.58 11
4.218 -7.659 2.549 10
4.034 -7.874 3.682 10
3.847 -8.128 4.474 10
3.711 -8.482 5.59 10
3.72 -8.781 6.268 10
4.0 -8.774 6.658 10
4.398 -8.817 6.737 10
4.745 -8.76 6.493 10
4.814 -8.743 6.126 10
4.654 -8.834 5.693 10
4.446 -8.978 5.633 10
4.422 -9.193 5.791 10
4.675 -9.368 6.071 8
5.331 -9.351 6.33 10
6.143 -8.999 6.411 11
6.77 -8.576 6.275 9
7.369 -7.857 5.99 10
7.565 -7.331 5.726 10
7.426 -6.789 5.482 12
7.091 -5.966 5.284 10
6.785 -5.437 5.233 8
5.861 -4.781 5.552 12
5.046 -4.371 5.966 9
4.247 -4.338 6.483 11
3.653 -4.292 6.921 9
3.677 -4.374 6.991 10
3.766 -4.311 7.019 11
3.751 -4.039 6.945 10
3.531 -3.778 6.95 10
3.141 -3.466 6.878 10
2.686 -3.299 6.847 10
2.741 -3.215 6.658 10
3.071 -2.906 6.457 10
3.572 -2.647 6.332 10
4.338 -2.3 6.093 10
4.879 -1.987 5.966 10
5.183 -2.09 5.798 10
5.54 -2.272 5.71 10
5.631 -2.542 5.736 10
5.442 -2.839 5.58 10
4.716 -2.796 5.389 10
3.938 -2.674 5.118 10
2.719 -2.585 5.121 10
1.781 -2.47 5.305 10
1.07 -2.638 5.966 10
0.639 -2.829 6.677 10
0.648 -2.987 7.115 10
0.916 -3.09 7.493 10
1.455 -3.059 7.484 10
1.802 -3.033 7.261 10
2.542 -2.88 6.888 10
3.023 -2.782 6.574 10
3.663 -2.796 6.04 10
4.249 -2.925 5.803 10
4.443 -3.181 5.717 10
4.766 -3.531 5.559 10