# Accelerometer Data File
# Started @Tue Mar 30 14:45:43 GMT+01:00 2021
#
#
# sensor Vendor: Bosch
# sensor Name: BMA254
# sensor Resolution: 0.009576807m/sec^2; Max Range: 39.2; Min Delay: 10000 microseconds
# The sensor's attributes are the result hardware and the Android capabilities.
# It means that the Android may not utilize all features provided by the hardware.
#
# Some devices and Android versions save battery too much so the device may go to sleep.
# It just happens after couple of minutes from turning off the scree and it is easy to find it out.
#
# The following file provides the data from accelerometer in the m/s^2 format.
# The diff value is just a time delta between the samples
#
#
# data format:
# so we have 4 columns with values separated by the " "
# X Y Z time_from_previous_sample(ms)

# sensor speed set to:FASTEST
# units set to: m/sec^2
# gravity NOT filtered out
# Accuracy: HIGH
1.371 1.367 9.294 10
1.692 1.28 9.059 10
1.905 1.233 8.93 10
1.977 1.206 8.906 10
1.956 1.161 8.992 10
1.862 1.139 9.145 10
1.714 1.125 9.32 11
1.604 1.077 9.437 9
1.587 1.048 9.445 10
1.678 0.964 9.37 10
1.824 0.876 9.232 10
2.011 0.778 9.145 10
2.171 0.648 9.133 10
2.224 0.574 9.203 10
2.207 0.514 9.327 10
1.999 0.502 9.519 10
1.817 0.521 9.636 10
1.551 0.545 9.758 10
1.355 0.555 9.825 10
1.323 0.555 9.782 10
1.422 0.569 9.655 10
1.604 0.579 9.524 10
1.889 0.593 9.37 10
2.121 0.612 9.265 10
2.26 0.567 9.27 10
2.317 0.483 9.368 10
2.272 0.395 9.488 10
2.224 0.318 9.55 10
2.14 0.292 9.586 10
2.157 0.488 9.334 10
2.561 0.696 8.923 10
2.865 0.852 8.58 17
3.169 1.007 8.238 6
3.32 0.885 8.104 7
3.083 0.751 8.13 9
3.526 0.5 8.07 11
3.969 0.248 8.01 10
3.541 0.349 8.343 9
4.132 0.191 8.532 10
4.146 0.191 8.796 10
1.968 0.775 9.763 11
0.794 1.101 10.323 9
-1.501 0.751 11.456 10
-1.575 1.45 10.766 10
0.543 1.565 9.373 11
2.188 0.634 8.573 9
3.045 1.11 7.97 11
1.68 0.538 9.188 9
1.867 -0.011 9.524 10
2.528 0.483 9.265 10
4.094 0.332 8.18 10
5.152 0.354 7.395 11
4.659 0.354 7.493 9
3.969 0.308 7.769 10
3.265 0.435 8.245 10
2.992 0.416 8.53 11
2.681 0.452 8.841 10
2.566 0.533 8.975 9
2.48 0.608 9.085 10
2.501 0.636 9.095 11
2.561 0.61 9.078 10
2.659 0.612 9.095 10
2.729 0.622 9.136 9
2.772 0.703 9.236 10
2.738 0.816 9.385 10
2.667 0.9 9.5 11
2.422 1.012 9.677 19
2.07 1.067 9.794 10
1.874 1.07 9.787 10
1.678 1.072 9.78 10
1.735 1.034 9.655 10
1.965 0.96 9.502 10
2.116 0.907 9.425 10
2.3 0.84 9.299 10
2.391 0.768 9.193 22
2.406 0.737 9.062 9
2.42 0.706 8.93 10
2.379 0.72 8.846 10
2.351 0.751 8.796 10
2.331 0.794 8.798 10
2.391 0.842 8.75 10
2.473 0.859 8.705 10
2.564 0.881 8.635 10
2.631 0.888 8.573 10
2.619 0.89 8.561 10
2.545 0.909 8.585 10
2.461 0.924 8.633 10
2.363 0.936 8.7 10
2.312 0.94 8.786 20
2.418 0.897 8.836 10
2.523 0.854 8.887 10
2.724 0.766 8.899 10
2.849 0.658 8.93 11
2.88 0.581 8.961 10
2.791 0.541 9.052 9
2.525 0.581 9.191 10
2.288 0.648 9.291 10
2.013 0.742 9.402 10
1.857 0.799 9.452 11
1.946 0.842 9.418 9
2.205 0.866 9.296 10
2.501 0.864 9.165 10
2.88 0.912 8.975 10
3.131 0.943 8.829 10
3.141 1.063 8.796 10
2.975 1.18 8.803 10
2.729 1.247 8.868 10
2.315 1.283 8.999 10
1.972 1.249 9.107 10
1.795 1.158 9.215 10
1.766 1.017 9.282 10
1.905 0.907 9.282 10
2.181 0.766 9.241 10
2.494 0.703 9.131 10
2.659 0.691 9.062 10
2.767 0.651 9.014 10
2.738 0.641 9.006 10
2.609 0.562 9.05 10
2.413 0.459 9.107 10
2.274 0.385 9.143 10
2.133 0.328 9.205 10
2.063 0.32 9.246 10
2.106 0.373 9.263 10
2.178 0.433 9.301 11
2.252 0.476 9.313 9
2.334 0.486 9.325 10
2.382 0.43 9.354 10
2.401 0.368 9.361 11
2.413 0.289 9.39 9
2.418 0.244 9.418 10
2.351 0.292 9.478 10
2.233 0.39 9.543 10
2.123 0.505 9.586 10
2.051 0.634 9.591 10
2.039 0.699 9.557 10
2.138 0.684 9.509 10
2.255 0.663 9.461 10
2.334 0.627 9.452 12
2.403 0.603 9.44 8
2.377 0.648 9.418 10
2.331 0.701 9.397 10
2.217 0.792 9.375 10
2.111 0.871 9.356 10
2.054 0.888 9.337 10
2.106 0.876 9.277 10
2.229 0.825 9.217 10
2.425 0.77 9.126 10
2.621 0.749 9.05 12
2.707 0.756 9.014 8
2.743 0.78 8.997 10
2.705 0.809 9.011 10
2.489 0.849 9.074 10
2.178 0.878 9.181 10
1.917 0.89 9.27 10
1.719 0.878 9.361 10
1.685 0.842 9.409 10
1.872 0.79 9.373 10
2.138 0.727 9.33 10
2.341 0.689 9.284 11
2.506 0.699 9.227 9
2.547 0.737 9.208 10
2.427 0.847 9.179 10
2.212 1.012 9.188 10
2.035 1.13 9.21 11
1.802 1.247 9.265 9
1.714 1.283 9.334 10
1.721 1.264 9.366 10
1.86 1.237 9.327 10
2.054 1.211 9.255 11
2.24 1.221 9.133 9
2.418 1.28 9.021 10
2.463 1.347 8.978 10
2.401 1.446 8.987 10
2.161 1.508 9.107 11
1.932 1.52 9.217 9
1.668 1.424 9.378 10
1.513 1.297 9.485 10
1.529 1.06 9.236 10
1.841 1.23 8.947 10
2.185 1.508 8.607 10
2.607 1.345 8.482 11
2.978 1.312 8.657 9
3.387 0.871 8.659 10
3.83 0.454 8.702 10
4.197 0.478 8.53 10
4.429 0.837 8.31 10
4.328 1.197 8.303 10
2.827 1.522 8.901 10
2.75 1.417 9.088 10
2.808 0.976 9.323 10
2.238 0.531 9.121 10
3.035 0.095 8.274 10
2.315 0.282 8.513 10
2.501 0.131 8.528 10
3.315 -0.014 8.978 10
0.689 -0.244 11.015 10
-0.328 -0.057 11.231 10
-2.252 0.466 11.671 10
-2.621 0.56 11.24 10
0.45 0.737 9.222 10
2.003 0.493 8.343 10
4.39 0.325 7.168 10
5.221 0.588 6.864 10
5.906 0.711 6.708 10
5.992 0.746 6.912 11
5.245 0.706 7.412 8
4.067 0.742 8.123 21
2.82 0.919 8.803 19
2.494 0.969 8.98 20
2.169 1.019 9.157 10
2.444 0.957 9.109 11
2.882 0.871 9.052 9
2.999 0.811 9.145 10
2.942 0.778 9.361 10
2.715 0.78 9.591 10
2.406 0.806 9.758 11
1.972 0.854 9.911 9
1.714 0.876 9.943 10
1.405 0.943 9.926 10
1.393 1.082 9.749 14
1.505 1.199 9.586 6
1.774 1.347 9.33 10
2.092 1.45 9.121 11
2.248 1.453 9.05 10
2.401 1.398 8.987 14
2.406 1.254 8.973 16
2.41 1.11 8.959 10
2.375 1.012 8.887 10
2.281 1.046 8.825 20
2.142 1.175 8.856 10
1.975 1.307 8.932 10
1.848 1.422 9.045 10
1.884 1.417 9.133 10
1.958 1.374 9.174 10
2.178 1.268 9.105 10
2.422 1.13 8.995 10
2.564 1.036 8.889 10
2.636 0.967 8.805 10
2.59 0.957 8.786 10
2.425 1.036 8.877 10
2.183 1.175 9.004 10
2.011 1.29 9.109 10
1.865 1.422 9.224 10
1.941 1.489 9.203 10
2.094 1.496 9.145 10
2.351 1.493 9.052 10
2.58 1.474 8.949 10
2.726 1.441 8.892 10
2.856 1.446 8.822 10
2.882 1.46 8.789 10
2.772 1.505 8.803 10
2.619 1.575 8.839 10
2.387 1.594 8.968 10
2.161 1.589 9.117 20
2.128 1.529 9.165 10
2.157 1.417 9.184 10
2.281 1.316 9.121 13
2.377 1.209 9.081 7
2.418 1.125 9.093 10
2.319 1.086 9.2 10
2.217 1.074 9.318 10
2.135 1.094 9.394 10
2.061 1.13 9.466 11
2.063 1.173 9.471 9
2.068 1.18 9.476 10
2.059 1.173 9.516 10
2.042 1.149 9.562 10
2.015 1.098 9.619 11
1.774 0.739 9.43 9
1.546 0.395 9.205 10
1.754 0.615 8.793 10
1.75 0.885 8.736 16
1.963 1.474 8.916 8
2.652 1.477 8.82 6
2.906 0.914 8.911 10
3.696 0.615 8.358 20
5.42 0.263 7.292 10
3.952 0.375 7.714 9
2.485 0.488 8.135 10
-0.802 0.442 10.326 10
-5.023 0.45 13.029 10
-4.635 0.629 13.117 11
-3.181 0.677 12.502 9
-0.222 0.596 10.395 10
3.153 0.632 8.219 10
4.991 0.555 7.41 10
5.65 0.636 7.331 20
6.308 0.718 7.252 10
6.05 0.845 7.433 10
4.941 1.137 7.876 10
3.948 1.403 8.293 11
2.729 1.644 8.875 9
2.011 1.723 9.265 10
1.881 1.687 9.39 10
2.013 1.57 9.366 10
2.37 1.477 9.176 11
2.896 1.283 8.925 9
3.268 1.029 8.779 10
3.378 0.857 8.781 10
3.256 0.706 8.932 10
2.964 0.656 9.145 11
2.504 0.751 9.37 9
1.932 0.919 9.598 10
1.592 1.065 9.677 10
1.304 1.268 9.706 10
1.393 1.388 9.569 12
1.594 1.436 9.43 9
1.929 1.446 9.236 10
2.212 1.398 9.093 10
2.384 1.338 9.03 10
2.487 1.259 9.002 10
2.456 1.218 9.028 10
2.327 1.154 9.074 10
2.138 1.067 9.114 20
2.066 0.967 9.085 10
1.994 0.866 9.057 10
2.097 0.799 9.014 10
2.221 0.775 8.983 10
2.353 0.842 9.014 13
2.492 0.976 9.076 7
2.554 1.101 9.133 10
2.583 1.218 9.196 10
2.516 1.242 9.234 10
2.442 1.199 9.241 10
2.303 1.137 9.255 11
2.197 1.082 9.265 9
2.106 1.065 9.265 10
2.07 1.077 9.27 10
2.099 1.108 9.267 10
2.202 1.163 9.289 11
2.331 1.216 9.318 9
2.425 1.199 9.382 10
2.516 1.127 9.466 10
2.533 1.031 9.526 10
2.442 0.883 9.665 10
2.255 0.469 9.885 10
2.07 0.11 10.086 10
1.491 0.234 9.471 10
1.019 0.411 8.777 10
1.64 0.883 7.762 11
2.104 1.18 6.526 9
2.964 0.993 6.107 10
5.487 0.811 5.674 10
6.995 0.641 5.439 10
7.501 0.603 6.112 11
6.749 0.064 7.184 10
4.333 -0.478 8.271 9
1.654 0.15 9.878 10
0.134 0.823 10.797 10
-1.367 0.526 11.314 10
-0.742 1.599 11.056 10
0.146 1.498 10.278 9
-0.541 0.591 10.453 10
-0.193 1.352 10.828 11
-0.507 1.132 10.972 19
-0.821 0.912 11.116 10
1.453 1.23 9.622 10
3.859 1.534 7.977 10
4.8 1.45 7.34 11
5.281 1.352 7.048 9
4.75 1.522 7.441 10
3.991 1.522 7.929 10
2.985 1.472 8.508 10
2.439 1.436 8.743 10
1.769 1.309 9.018 10
1.369 1.122 9.16 10
1.216 0.986 9.21 11
1.154 0.849 9.265 10
1.216 0.804 9.279 10
1.434 0.847 9.291 10
1.644 0.936 9.356 10
1.764 1.024 9.416 10
1.855 1.158 9.497 10
1.733 1.266 9.562 11
1.618 1.328 9.574 9
1.371 1.417 9.607 10
1.154 1.46 9.619 10
1.089 1.477 9.629 12
1.192 1.501 9.569 9
1.426 1.498 9.488 10
1.786 1.513 9.38 9
2.078 1.537 9.284 10
2.267 1.515 9.246 11
2.384 1.458 9.248 10
2.377 1.383 9.277 9
2.214 1.268 9.387 10
1.977 1.197 9.521 11
1.812 1.161 9.615 10
1.798 1.13 9.6 9
1.939 1.139 9.504 10
2.296 1.173 9.279 10
2.791 1.194 8.99 10
3.136 1.211 8.808 10
3.478 1.211 8.628 11
3.615 1.182 8.566 9
3.545 1.118 8.628 10
3.409 1.01 8.736 10
3.275 0.919 8.841 10
3.04 0.814 8.99 10
2.873 0.756 9.078 10
2.88 0.703 9.088 10
3.177 0.584 8.959 10
3.574 0.478 8.786 10
4.139 0.337 8.54 10
4.539 0.203 8.398 10
4.649 0.136 8.396 10
6.011 -0.136 7.378 10
7.206 -0.373 6.435 10
6.689 -0.368 6.73 10
6.141 -0.33 7.125 10
4.34 -0.086 8.535 9
2.494 0.047 9.205 11
2.418 -0.028 8.566 10
1.477 0.435 8.592 10
1.654 0.495 8.643 9
1.877 0.665 9.433 11
3.15 0.517 9.181 10
2.722 0.799 9.667 10
1.175 1.486 10.129 10
3.011 1.244 9.435 10
3.797 1.321 9.782 10
7.153 0.055 7.501 10
8.269 -0.064 6.88 10
6.002 0.744 7.417 11
3.62 0.89 7.972 9
1.264 1.374 9.653 10
1.352 0.746 9.622 10
0.701 -0.019 9.988 10
0.165 -0.122 10.335 9
0.165 0.289 10.453 10
-0.038 0.665 10.62 10
2.568 0.885 8.619 10
4.601 1.06 7.366 10
6.098 0.72 6.344 10
6.6 0.404 6.038 10
5.224 0.225 7.388 10
4.422 0.09 7.989 10
3.497 0.035 8.583 10
3.567 -0.043 8.461 10
3.533 0.057 8.42 10
3.744 0.208 8.274 10
4.077 0.28 8.135 11
4.357 0.39 8.073 9
4.548 0.478 8.044 10
4.467 0.577 8.185 10
4.45 0.66 8.3 10
4.486 0.706 8.339 10
4.601 0.687 8.327 13
4.668 0.56 8.276 8
4.671 0.447 8.252 10
4.742 0.33 8.219 9
4.735 0.277 8.236 10
4.809 0.239 8.221 11
4.833 0.275 8.243 10
4.788 0.316 8.274 9
4.75 0.342 8.339 10
4.707 0.402 8.408 11
4.805 0.361 8.413 11
4.953 0.296 8.372 9
5.094 0.246 8.298 10
5.157 0.16 8.274 10
4.989 0.124 8.319 10
4.771 0.112 8.41 10
4.443 0.129 8.554 10
4.194 0.181 8.647 9
4.103 0.241 8.722 10
4.067 0.296 8.808 10
4.141 0.323 8.841 13
4.242 0.316 8.817 8
4.323 0.277 8.772 9
4.309 0.215 8.686 10
4.316 0.213 8.566 10
4.297 0.244 8.504 11
4.261 0.332 8.456 10
4.247 0.476 8.518 9
4.211 0.56 8.614 10
4.266 0.713 8.76 10
4.338 0.809 8.892 11
4.309 0.936 8.959 10
3.6 0.914 9.349 9
2.801 0.823 9.689 12
2.439 0.074 9.442 9
2.197 -0.732 9.179 10
3.327 -0.739 8.489 20
4.458 -0.746 7.8 10
6.38 0.167 7.402 10
7.335 0.763 7.714 10
7.599 0.708 8.128 9
6.157 0.112 8.305 10
3.485 -0.746 8.777 10
4.845 0.275 6.488 11
2.185 0.232 6.739 10
1.23 0.73 7.228 10
0.988 1.264 7.704 10
-2.317 0.234 10.232 9
-0.888 0.162 9.976 10
0.545 0.138 9.902 11
1.266 0.079 9.84 10
2.363 0.105 9.572 10
2.743 0.239 9.548 9
3.457 0.416 9.1 11
4.156 0.651 8.607 10
4.479 0.799 8.319 10
4.52 0.967 8.128 9
4.161 1.13 8.248 10
3.816 1.235 8.413 10
3.497 1.357 8.633 11
3.462 1.46 8.757 10
3.478 1.417 8.848 9
3.548 1.398 8.904 10
3.591 1.362 8.904 10
3.682 1.278 8.772 10
3.782 1.254 8.604 11
3.902 1.24 8.406 10
4.103 1.273 8.176 10
4.256 1.355 8.078 10
4.333 1.319 8.054 10
4.29 1.149 8.121 10
4.165 0.931 8.219 10
4.031 0.672 8.274 10
3.974 0.531 8.255 10
3.938 0.466 8.173 10
3.931 0.5 8.128 10
3.933 0.574 8.125 10
4.077 0.636 8.121 10
4.247 0.723 8.154 10
4.534 0.679 8.169 10
4.501 0.615 8.434 10
4.326 0.562 8.702 10
4.271 0.562 8.894 10
3.816 0.409 9.234 10
3.682 0.277 9.323 10
3.162 0.304 9.734 10
2.523 0.277 10.223 10
2.173 0.598 10.546 10
2.097 0.15 9.964 10
2.406 -0.454 9.059 10
1.889 0.514 8.813 10
1.335 1.321 8.566 10
3.213 1.898 7.975 10
5.865 2.695 7.015 10
9.344 1.917 5.396 10
10.273 0.509 5.389 9
8.221 0.426 6.567 10
5.394 0.122 8.113 10
2.135 -0.067 9.725 10
1.34 0.486 9.689 13
0.823 0.713 9.718 8
0.677 0.883 9.603 9
0.962 0.938 9.423 11
0.967 0.703 9.416 9
0.972 0.469 9.409 11
-0.251 0.181 10.486 9
3.428 0.541 7.953 10
7.474 1.077 5.284 10
8.781 1.46 4.867 10
10.694 2.018 3.608 10
7.704 1.929 5.959 11
4.678 1.788 8.283 9
4.39 1.8 8.355 10
3.84 1.651 8.573 10
3.224 1.575 8.827 10
2.645 1.551 9.107 10
2.439 1.551 9.167 10
2.748 1.647 8.983 10
3.505 1.558 8.585 10
4.359 1.561 8.157 11
4.841 1.539 7.948 9
5.181 1.565 7.73 10
4.898 1.702 7.759 10
4.517 1.747 7.819 10
3.933 1.726 7.908 11
3.49 1.656 8.006 10
3.335 1.501 8.01 9
3.289 1.376 7.967 10
3.447 1.319 7.896 10
3.801 1.256 7.754 12
4.108 1.283 7.637 9
4.539 1.302 7.493 10
5.111 1.35 7.357 10
5.487 1.403 7.29 10
5.425 1.465 7.563 10
5.293 1.64 7.773 10
5.02 1.786 7.977 10
4.517 1.793 8.355 10
4.453 1.79 8.394 10
3.895 1.731 8.753 10
3.119 1.072 9.16 10
2.573 0.553 9.392 10
0.888 1.216 9.66 10
-0.469 1.8 9.744 10
1.132 2.262 8.724 10
4.513 3.011 7.314 10
9.033 2.578 5.868 10
12.945 2.138 4.041 10
14.116 2.418 3.27 10
11.051 1.934 4.625 10
7.572 1.606 5.868 10
4.702 1.285 7.491 10
1.678 0.952 9.121 10
1.458 1.28 8.822 10
1.651 1.453 8.635 10
2.291 1.599 8.283 10
3.083 1.757 7.924 10
3.744 1.709 7.649 10
2.099 1.24 8.599 10
0.009 0.797 9.715 10
0.378 0.797 8.978 10
0.531 0.818 8.35 9
5.169 1.477 5.554 10
7.489 1.709 4.24 10
7.35 1.498 4.778 11
7.56 1.391 5.114 9
5.355 1.096 6.426 10
5.468 1.228 6.256 10
5.137 1.335 6.332 10
4.458 1.34 6.612 10
3.837 1.45 7.094 10
3.43 1.584 7.546 10
3.466 1.742 7.752 10
3.931 1.728 7.735 10
4.572 1.58 7.484 10
5.109 1.367 7.271 11
5.65 1.244 7.134 9
5.762 1.295 7.22 10
5.583 1.319 7.489 10
5.082 1.335 7.915 10
4.577 1.261 8.264 10
3.876 1.043 8.872 10
3.466 0.852 9.299 10
3.15 0.474 9.864 10
3.033 0.143 10.577 10
3.112 -0.043 11.032 10
3.145 -0.014 11.616 10
3.299 0.248 11.894 10
3.246 0.337 12.169 11
3.138 0.368 12.579 9
3.076 0.184 12.859 10
2.892 -0.045 13.256 10
2.729 -0.16 13.524 10
2.621 -0.217 13.658 10
2.607 -0.213 13.826 11
2.715 -0.162 13.876 10
2.779 0.035 13.9 10
2.686 0.387 13.848 10
2.499 0.677 13.761 10
2.171 1.051 13.575 10
1.872 1.288 13.397 10
1.709 1.383 13.275 10
1.551 1.52 13.184 10
1.534 1.572 13.194 10
1.539 1.568 13.18 10
1.527 1.441 13.062 10
1.51 1.273 12.914 10
1.46 0.986 12.576 10
1.388 0.756 12.263 10
1.321 0.524 11.803 10
1.106 0.205 11.164 10
0.924 0.007 10.714 10
0.608 -0.244 10.096 10
0.325 -0.383 9.749 10
0.148 -0.438 9.423 10
-0.076 -0.521 8.999 10
-0.167 -0.553 8.743 10
-0.277 -0.727 8.482 10
-0.344 -0.9 8.379 10
-0.426 -1.295 8.391 10
-0.636 -1.9 8.41 10
-0.828 -2.363 8.434 10
-1.086 -2.726 8.336 10
-1.381 -2.566 8.092 10
-1.546 -2.195 7.841 10
-1.786 -1.723 7.754 10
-1.958 -1.35 7.79 10
-1.989 -1.386 8.2 10
-1.862 -1.632 8.583 10
-1.661 -1.98 8.801 10
-1.426 -2.303 8.987 10
-1.235 -2.489 8.93 10
-1.335 -2.142 8.939 10
-1.41 -1.534 9.064 10
-1.517 -0.95 9.22 10
-1.405 -0.234 9.476 10
-0.926 0.098 9.564 10
-0.474 0.169 9.538 10
0.026 0.275 9.387 10
0.306 0.248 9.136 11
0.203 0.471 8.923 9
-0.203 0.912 8.702 10
-0.658 1.319 8.607 10
-1.458 1.661 8.726 10
-2.106 1.814 8.935 10
-2.592 1.522 9.332 10
-2.911 1.06 9.631 10
-2.885 0.663 9.715 10
-2.674 0.229 9.617 10
-2.264 0.162 9.263 10
-2.023 0.265 9.006 10
-1.752 0.385 8.777 10
-1.666 0.541 8.729 10
-1.503 0.43 8.746 10
-1.436 0.162 8.911 10
-1.398 -0.122 9.05 10
-1.522 -0.488 9.196 10
-1.781 -0.727 9.351 10
-1.917 -0.864 9.169 10
-2.018 -1.029 8.774 13
-1.956 -1.113 8.372 7
-1.91 -1.194 7.841 10
-1.927 -1.216 7.438 10
-1.98 -1.209 7.249 10
-2.111 -1.221 7.125 10
-2.226 -1.235 7.129 10
-2.396 -1.391 7.314 10
-2.643 -1.644 7.546 10
-2.81 -1.879 7.714 10
-3.095 -2.169 7.891 10
-3.289 -2.322 7.948 10
-3.493 -2.418 7.946 10
-3.691 -2.506 7.905 10
-3.773 -2.54 7.855 10
-3.895 -2.497 7.817 10
-4.053 -2.264 7.857 11
-4.216 -2.039 7.936 9
-4.448 -1.752 8.058 10
-4.639 -1.541 8.169 10
-4.683 -1.431 8.221 10
-4.673 -1.139 8.262 10
-4.594 -0.909 8.259 10
-4.568 -0.392 8.281 10
-4.568 0.076 8.293 10
-4.771 0.629 8.494 10
-5.128 1.285 8.86 11
-5.432 1.654 9.203 9
-5.817 1.953 9.564 10
-6.052 1.987 9.749 10
-6.102 1.91 9.689 10
-6.019 1.956 9.538 10
-5.853 2.07 9.368 9
-5.54 2.355 9.217 10
-5.269 2.671 9.15 10
-5.133 2.865 9.174 10
-5.204 2.861 9.234 10
-5.425 2.686 9.275 10
-5.863 2.224 9.327 10
-6.368 1.656 9.332 10
-6.665 1.288 9.301 11
-6.943 0.914 9.315 10
-6.991 0.804 9.313 9
-6.974 0.835 9.509 10
-7.079 0.974 9.902 10
-7.204 1.118 10.249 12
-7.359 1.503 10.79 9
-7.639 2.394 11.669 10
-7.797 3.177 12.351 10
-8.583 5.272 14.307 10
-10.065 8.07 16.316 12
-11.42 10.328 17.836 9
-12.203 11.279 19.352 9
-12.358 10.917 19.594 10
-11.025 7.747 19.594 10
-9.691 4.577 19.594 10
-9.114 1.309 19.591 10
-8.772 -2.913 19.122 10
-9.191 -5.274 18.648 10
-9.641 -7.623 17.434 10
-9.789 -8.331 15.547 10
-9.703 -8.085 14.128 10
-9.346 -7.893 11.894 10
-7.548 -7.63 8.667 30
-5.868 -7.601 6.119 10
-3.746 -7.532 2.913 12
-1.896 -7.407 0.521 8
-1.369 -7.477 -0.33 10
-0.943 -7.752 -0.962 10
-0.957 -8.068 -0.936 10
-1.058 -8.573 -0.347 10
-1.312 -9.097 1.036 10
-1.465 -9.416 2.2 10
-1.604 -9.684 3.658 9
-1.656 -9.763 4.553 11
-1.419 -9.605 4.939 10
-0.811 -9.445 5.432 10
-0.217 -9.334 5.631 9
0.634 -9.157 6.203 15
1.264 -9.088 6.684 6
1.522 -9.021 7.058 10
2.327 -6.253 7.479 11
2.813 -3.507 7.489 10
3.337 -0.703 7.395 10
3.1 1.379 5.865 10
2.317 0.761 4.288 10
2.482 0.845 4.192 10
2.636 0.768 4.031 12
3.55 1.412 5.307 8
4.41 2.047 6.576 10
4.381 1.934 6.402 10
4.209 2.02 6.361 10
3.902 2.243 6.205 11
3.651 2.475 6.057 9
3.409 2.774 5.748 10
3.284 2.978 5.473 10
3.409 3.086 5.252 10
3.658 3.129 5.023 10
3.897 3.105 4.953 10
4.223 2.99 4.984 9
4.429 2.841 5.19 11
4.51 2.758 5.406 9
4.481 2.817 5.671 10
4.367 2.968 5.837 11
4.359 3.189 5.82 9
4.556 3.323 5.815 11
4.862 3.313 5.76 9
5.372 3.126 5.767 10
5.779 2.863 5.841 10
6.083 2.609 6.03 10
6.327 2.427 6.404 10
6.368 2.422 6.715 10
6.397 2.585 7.168 14
6.497 2.918 7.544 8
6.658 3.179 7.735 9
6.945 3.406 7.893 10
7.244 3.466 7.91 10
7.347 3.409 7.9 10
7.441 3.418 7.941 10
7.407 3.462 8.015 10
7.297 3.627 8.276 10
7.211 3.816 8.513 10
7.034 3.605 8.825 10
6.777 3.292 9.272 10
6.598 2.856 9.533 10
6.442 2.511 9.811 10
6.177 2.729 10.046 10
5.99 3.05 10.144 10
5.398 3.55 10.33 10
4.783 3.96 10.5 10
3.988 4.17 10.548 10
3.021 4.309 10.448 10
2.458 4.268 10.259 10
1.953 4.127 9.909 10
1.838 3.955 9.6 10
2.035 3.756 9.289 10
2.284 3.579 8.901 10
2.475 3.502 8.674 10
2.662 3.44 8.339 10
2.741 3.433 7.965 10
2.767 3.404 7.668 10
2.944 3.361 7.161 10
3.126 3.303 6.761 10
3.488 3.22 6.387 10
3.881 3.126 5.99 10
4.122 3.047 5.803 10
4.355 2.942 5.679 10
4.376 2.906 5.717 10
4.465 2.827 5.837 10
4.544 2.691 6.026 10
4.632 2.58 6.153 10
4.692 2.324 6.244 10
4.654 2.121 6.277 10
4.297 1.944 6.315 10
3.981 1.845 6.375 10
3.694 1.893 6.471 10
3.703 2.049 6.291 10
4.383 2.157 6.11 10
5.023 2.185 5.906 10
5.53 2.126 5.781 10
5.741 1.958 5.932 10
5.403 1.855 6.095 10
4.915 2.073 6.392 10
4.558 2.379 6.61 10
4.144 2.92 6.979 10
3.936 3.476 7.264 10
3.983 3.672 7.472 10
4.137 3.706 7.764 10
4.347 3.505 7.905 10
4.548 3.088 8.238 10
4.551 2.612 8.667 10
4.448 2.298 9.011 10
4.299 2.145 9.421 10
4.161 2.207 9.639 10
4.335 2.24 9.521 9
4.831 2.425 9.504 11
5.475 2.188 9.488 20
6.119 1.951 9.471 10
6.227 1.707 9.837 9
5.628 1.103 10.23 10
4.927 0.761 10.558 11
4.189 0.198 10.785 10
3.835 -0.344 10.599 10
3.866 -0.679 10.285 10
4.024 -0.984 9.801 10
4.218 -1.067 9.418 10
4.479 -1.015 9.071 10
4.687 -0.984 8.678 10
4.769 -0.984 8.456 10
4.558 -0.893 8.324 10
4.048 -0.605 8.31 20
3.67 -0.107 8.159 10
3.292 0.39 8.008 10
3.411 0.804 7.623 10
3.859 0.928 7.256 10
4.228 0.864 7.072 10
4.548 0.605 6.696 10
4.663 0.339 6.464 10
4.73 0.241 6.224 10
4.857 0.457 6.119 10
4.886 1.074 6.447 14
4.915 1.692 6.775 6
4.829 2.214 7.151 9
4.419 2.145 7.527 10
3.454 1.635 7.762 10
2.489 1.125 7.996 10
2.494 1.103 7.728 10
3.22 1.268 7.079 10
4.647 1.666 6.33 10
5.882 1.999 6.033 10
6.148 1.843 6.239 10
5.525 1.596 7.35 10
4.11 1.237 8.853 10
2.887 0.943 9.904 10
0.074 0.507 11.913 20
-0.785 0.404 11.961 11
1.663 0.337 10.194 9
4.113 0.27 8.427 10
8.161 0.6 6.023 10
10.687 0.78 4.922 10
10.141 1.086 5.901 11
9.004 1.383 7.4 10
7.857 1.424 8.578 9
5.949 1.556 10.196 10
4.309 1.637 11.149 10
3.26 1.728 11.583 10
2.324 1.874 11.772 10
2.149 1.929 11.52 10
2.449 1.972 11.125 10
2.813 2.032 10.682 11
3.064 2.037 10.484 9
3.217 2.044 10.307 10
3.184 2.063 10.28 10
2.827 2.09 10.259 10
2.343 2.118 10.07 11
1.958 2.145 9.859 9
1.493 2.212 9.447 10
1.261 2.267 8.956 21
1.333 2.339 8.463 10
1.405 2.41 7.97 10
1.673 2.432 7.553 10
1.972 2.473 7.252 10
2.094 2.494 7.12 10
2.102 2.523 7.067 10
1.991 2.561 7.139 10
1.841 2.525 7.309 10
1.862 2.389 7.462 10
1.999 2.245 7.536 10
2.291 1.996 7.558 13
2.724 1.79 7.505 7
2.985 1.685 7.469 10
3.21 1.62 7.455 10
3.28 1.661 7.493 10
3.241 1.673 7.517 10
3.313 1.707 7.505 10
3.421 1.699 7.472 10
3.653 1.726 7.414 10
3.888 1.781 7.354 10
3.998 1.886 7.338 10
4.015 2.049 7.417 10
3.907 2.178 7.52 10
3.734 2.279 7.716 10
3.612 2.24 7.96 10
3.584 2.145 8.109 10
3.679 1.929 8.279 10
3.84 1.742 8.355 10
4.079 1.482 8.396 10
4.276 1.11 8.528 10
4.347 0.859 8.638 10
4.398 0.553 8.896 10
4.333 0.387 9.136 10
4.422 0.428 9.275 10
4.24 0.598 9.548 10
4.079 0.823 9.672 10
3.617 0.742 9.986 10
3.208 0.292 10.319 10
3.069 -0.287 10.517 10
3.057 -1.012 10.649 10
3.347 -1.431 10.591 10
3.49 -1.58 10.333 10
3.404 -1.754 10.019 10
3.191 -1.783 9.773 10
2.841 -1.762 9.409 10
2.475 -1.738 9.236 10
2.221 -1.635 9.121 10
2.193 -1.462 8.887 10
2.3 -1.34 8.769 10
2.506 -1.199 8.64 10
2.971 -1.118 8.377 10
3.21 -1.106 8.233 10
3.586 -0.988 8.135 10
3.864 -0.89 8.049 10
3.766 -0.605 8.169 10
3.914 -0.387 8.094 10
3.926 -0.275 7.975 10
3.991 -0.088 7.841 10
4.29 -0.081 7.632 10
4.381 -0.067 7.536 10
4.455 -0.04 7.448 10
4.477 -0.088 7.374 10
4.309 -0.167 7.493 9
4.103 -0.186 7.694 10
3.849 -0.179 8.006 10
3.706 -0.153 8.24 11
3.751 -0.095 8.281 9
3.823 -0.031 8.224 10
3.823 0.174 8.135 10
3.713 0.361 8.123 10
3.548 0.545 8.267 10
3.356 0.723 8.508 10
3.378 0.56 8.724 10
3.572 0.337 8.949 10
3.821 0.117 9.018 10
4.185 -0.093 9.09 10
4.472 -0.143 9.102 11
4.627 -0.102 9.05 9
4.642 0.074 9.131 10
4.541 0.241 9.21 10
4.187 0.478 9.411 10
3.725 0.763 9.727 10
3.404 0.912 9.909 10
3.057 1.055 10.139 10
2.964 1.13 10.247 10
3.227 1.055 10.165 10
3.198 1.0 10.323 10
3.196 0.95 10.433 10
3.052 0.73 10.749 10
2.619 0.579 11.195 10
2.291 0.349 11.683 11
1.845 0.122 12.272 10
1.541 0.064 12.655 9
1.295 -0.004 12.871 10
1.314 -0.026 12.557 10
1.45 -0.05 12.143 14
1.563 -0.055 11.54 7
1.618 -0.047 11.104 10
1.527 -0.007 10.783 10
1.355 0.081 10.383 10
1.206 0.15 10.172 10
0.984 0.227 9.89 11
0.828 0.282 9.739 9
0.804 0.354 9.516 11
0.562 0.505 9.186 9
0.395 0.648 8.927 10
-0.007 0.787 8.662 10
-0.38 0.825 8.53 10
-0.536 0.785 8.506 10
-0.476 0.727 8.492 10
-0.181 0.675 8.485 10
0.215 0.658 8.487 10
0.766 0.644 8.379 10
1.101 0.646 8.262 10
1.479 0.691 8.037 10
1.584 0.811 7.74 13
1.537 0.928 7.553 8
1.367 1.11 7.323 9
1.154 1.249 7.201 10
1.048 1.3 7.256 10
1.118 1.326 7.405 10
1.309 1.288 7.596 10
1.74 1.244 7.797 10
2.154 1.216 7.9 10
2.509 1.201 7.893 10
2.844 1.185 7.876 11
2.94 1.173 7.85 9
2.954 1.259 7.8 10
2.853 1.355 7.766 10
2.676 1.534 7.879 10
2.499 1.711 8.178 10
2.403 1.79 8.501 10
2.47 1.884 8.995 10
2.738 1.781 9.49 10
3.007 1.68 9.799 10
3.294 1.52 10.199 10
3.418 1.345 10.429 10
3.356 1.228 10.575 10
3.315 1.146 10.721 10
3.256 1.125 10.776 10
3.275 1.158 10.831 10
3.375 1.249 10.831 10
3.519 1.479 10.86 10
3.632 1.52 10.867 10
3.665 1.505 10.874 10
3.639 1.268 11.051 10
3.409 0.624 11.348 10
3.21 0.169 11.666 10
2.858 -0.299 11.963 10
2.566 -0.545 12.09 10
2.245 -0.588 12.006 10
2.018 -0.622 11.69 10
1.944 -0.641 11.396 10
1.972 -0.596 10.84 10
2.169 -0.521 10.347 10
2.288 -0.641 10.019 11
2.506 -0.514 9.66 9
2.621 -0.452 9.562 9
2.882 -1.295 8.939 11
3.126 -1.953 8.384 10
1.831 -1.656 8.614 10
2.801 -1.833 8.204 10
3.624 -1.106 8.319 9
4.158 -0.823 8.14 10
6.071 -0.974 7.237 10
5.719 -0.651 6.974 10
4.228 -0.665 7.244 11
3.026 -0.234 7.809 9
1.788 -0.682 8.24 10
0.359 -1.142 8.568 10
0.069 -1.264 8.362 10
-0.517 -0.981 8.947 11
-1.005 -0.588 9.634 9
2.571 0.368 7.189 10
3.442 0.849 6.801 10
4.611 0.926 5.623 11
5.6 1.381 4.484 10
2.837 1.036 6.54 9
2.779 1.168 6.54 10
2.559 1.161 6.655 10
2.518 0.775 6.732 11
2.54 0.426 6.981 10
3.014 0.033 7.151 9
3.651 -0.22 7.206 10
4.541 -0.409 7.259 10
5.248 -0.387 7.177 11
5.573 -0.026 7.259 10
5.887 0.43 7.453 9
5.947 0.823 7.649 10
5.923 1.091 7.92 10
5.789 1.027 8.169 10
5.667 0.866 8.305 11
5.568 0.596 8.487 10
5.554 0.45 8.595 9
5.549 0.335 8.662 10
5.54 0.301 8.851 10
5.506 0.378 8.995 11
5.422 0.505 9.22 9
5.367 0.636 9.423 10
5.142 0.615 9.718 10
4.745 0.483 10.184 11
4.398 0.301 10.57 9
3.952 0.038 10.994 10
3.629 -0.193 11.137 10
3.478 -0.316 11.109 10
3.32 -0.507 10.9 11
3.26 -0.617 10.654 10
3.177 -0.579 10.577 10
2.935 -0.225 10.524 10
2.7 0.198 10.651 10
2.822 0.129 9.959 12
3.021 -0.047 9.165 8
1.752 0.529 9.344 10
2.681 0.177 8.655 10
3.253 0.318 8.784 10
5.272 0.921 8.207 10
6.445 0.22 7.352 11
5.42 0.447 7.366 9
2.542 0.308 8.71 10
-1.781 -0.292 10.759 10
-1.134 -0.014 10.419 10
-1.604 -0.1 10.575 9
-0.22 0.179 9.402 10
1.623 0.409 8.291 10
0.967 -0.004 8.848 10
2.013 0.004 8.643 10
2.011 0.177 8.643 10
1.549 0.399 8.58 10
1.924 0.667 7.908 10
1.714 0.876 7.503 10
3.588 1.125 6.186 11
4.604 1.144 5.585 10
4.781 1.118 5.595 9
4.826 0.984 5.822 10
3.801 0.526 6.84 10
3.636 0.299 7.141 11
3.56 0.031 7.398 10
3.615 -0.129 7.436 9
3.892 0.081 7.357 10
4.39 0.493 7.299 10
4.8 0.945 7.287 10
5.396 1.347 7.273 10
5.803 1.498 7.292 10
6.09 1.328 7.264 10
6.265 0.962 7.357 10
6.253 0.646 7.453 10
6.172 0.179 7.678 11
5.94 -0.114 8.013 9
5.82 -0.213 8.226 10
5.693 -0.203 8.389 10
5.635 -0.043 8.422 10
5.657 0.189 8.339 11
5.793 0.447 8.2 9
5.937 0.598 8.111 10
6.162 0.713 8.03 10
6.358 0.703 7.982 10
6.392 0.603 8.046 11
6.21 0.505 8.228 9
5.947 0.442 8.403 10
5.463 0.023 8.628 10
5.032 -0.603 8.927 10
4.817 -1.233 9.109 11
4.376 -2.14 9.38 9
4.156 -2.691 9.6 10
3.655 -3.102 9.703 10
3.062 -3.43 9.785 10
2.693 -3.481 9.777 11
2.391 -3.282 9.727 10
2.365 -2.949 9.662 10
2.542 -2.614 9.533 10
2.712 -2.363 9.32 10
2.815 -2.36 9.15 10
2.868 -2.379 8.813 10
2.748 -2.437 8.394 10
2.636 -2.41 8.058 10
2.276 -2.303 7.654 10
1.968 -2.173 7.417 10
1.508 -2.011 7.354 10
1.125 -1.996 7.134 10
0.988 -2.063 6.983 10
0.957 -2.135 6.698 10
1.139 -2.288 6.406 10
1.285 -2.188 6.112 10
1.189 -2.171 6.086 10
0.988 -2.149 6.193 10
0.488 -2.432 6.72 10
0.225 -2.346 7.441 10
0.203 -2.176 7.893 10
-0.404 -1.819 8.937 10
-0.713 -1.158 9.562 10
-1.412 -1.268 10.115 10
-2.224 -1.084 10.46 10
-2.449 -1.086 10.213 10
-3.208 -0.854 10.477 10
-3.854 -0.325 10.778 10
-4.508 -0.301 11.892 10
-4.304 -0.277 12.808 10
-3.567 -0.488 13.215 10
-2.715 -0.615 13.227 10
-1.742 -0.531 12.636 10
-2.786 -0.569 12.172 10
-5.501 -0.43 11.848 10
-8.331 -0.375 11.92 10
-11.659 0.354 11.889 10
-13.323 1.757 11.631 10
-13.316 2.983 11.231 10
-12.71 4.52 10.493 10
-11.607 5.382 9.859 10
-10.101 5.901 9.047 10
-7.615 6.749 7.752 10
-5.729 7.285 6.794 10
-2.698 8.231 5.389 10
-0.574 8.968 4.458 10
1.125 9.313 4.058 10
2.511 9.399 3.811 10
2.753 9.076 4.012 10
2.64 8.626 4.23 10
1.625 8.054 4.268 10
0.924 7.74 4.153 10
-0.347 6.986 4.103 10
-1.264 6.358 4.036 10
-3.603 5.485 4.788 10
-8.056 3.845 6.165 10
-11.939 2.645 7.477 10
-14.923 1.565 8.777 10
-16.136 0.919 9.39 10
-12.756 1.522 8.585 10
-7.635 2.458 7.309 10
-3.414 3.275 6.045 10
0.61 3.974 5.324 10
1.094 4.206 5.947 10
-0.162 4.106 7.041 10
-1.268 3.89 7.905 10
-2.178 3.792 8.226 10
-1.905 3.33 7.891 10
-1.977 2.643 7.654 10
-2.2 2.07 7.647 10
-2.925 1.517 7.783 10
-3.773 1.312 8.025 10
-4.723 1.278 8.159 10
-6.062 1.051 8.41 10
-6.897 0.804 8.518 10
-7.742 0.45 8.736 9
-7.783 0.122 8.848 10
-7.436 -0.011 8.844 10
-6.605 -0.067 8.65 10
-5.765 -0.014 8.346 10
-4.991 0.275 8.094 10
-4.149 0.89 7.948 10
-3.79 1.426 7.991 10
-3.1 2.149 8.051 10
-2.7 2.662 8.173 11
-1.929 2.885 8.111 9
-0.972 2.973 8.051 10
-0.344 2.875 7.975 10
0.21 2.722 8.106 10
0.33 2.65 8.446 11
0.263 2.712 8.784 10
0.45 2.717 9.03 9
0.708 2.777 9.069 10
1.264 2.609 8.913 10
1.939 2.267 8.832 10
2.36 1.982 8.841 10
2.762 1.534 9.047 10
2.863 1.197 9.318 10
2.762 0.938 9.732 10
2.506 0.634 10.326 10
2.269 0.493 10.723 10
1.879 0.433 11.161 10
1.57 0.469 11.382 10
1.276 0.598 11.207 10
0.773 0.78 10.596 11
0.423 0.881 9.945 9
-0.272 1.027 9.121 10
-1.132 0.964 8.688 10
-1.783 0.849 8.69 10
-2.58 0.636 9.138 11
-3.031 0.378 9.758 10
-3.213 0.421 10.568 10
-3.435 0.713 11.616 10
-3.512 1.103 12.22 10
-3.562 1.467 12.777 10
-3.576 1.69 12.971 10
-3.323 1.431 12.643 10
-2.794 0.936 12.088 10
-2.291 0.466 11.578 10
-1.589 -0.141 11.01 10
-1.175 -0.586 10.845 10
-1.036 -0.794 10.907 10
-0.957 -0.991 10.936 10
-1.077 -1.048 11.022 10
-1.134 -0.916 10.773 10
-1.034 -0.718 10.196 10
-0.873 -0.531 9.653 10
-0.392 -0.418 8.832 10
0.086 -0.426 8.226 10
0.735 -0.615 7.785 10
1.436 -0.967 7.412 10
1.817 -1.244 7.316 10
1.836 -1.618 7.484 10
1.233 -1.716 8.013 10
0.577 -1.651 8.475 10
-0.021 -1.429 9.026 10
-0.258 -1.11 9.313 10
0.021 -0.778 9.37 10
0.462 -0.442 9.323 10
0.845 -0.265 9.186 10
1.347 -0.146 8.963 10
1.628 -0.201 8.772 10
1.865 -0.165 8.64 10
2.262 0.0 8.485 10
2.54 0.222 8.415 10
2.92 0.49 8.449 10
3.098 0.663 8.719 10
3.114 0.706 9.014 10
2.925 0.718 9.428 10
2.633 0.684 9.739 10
2.339 0.577 9.835 10
2.181 0.418 9.861 10
2.229 0.292 9.768 10
2.59 0.122 9.603 10
3.04 0.028 9.461 10
3.845 0.026 9.16 10
4.75 -0.339 8.753 10
5.341 -0.663 8.418 10
5.513 -0.567 8.343 10
4.989 -2.341 8.678 10
4.364 -3.751 9.119 9
3.818 -2.547 9.538 11
3.691 -1.762 9.696 9
2.693 -0.215 10.527 11
2.068 1.046 11.161 10
1.364 -0.306 11.817 9
1.07 -1.489 12.083 10
1.853 -1.604 11.496 10
2.106 -0.969 10.802 11
1.905 -0.227 10.201 10
1.295 0.344 9.991 9
0.495 0.979 9.856 10
-0.148 1.149 10.026 10
-0.052 1.146 9.971 11
0.186 1.233 9.864 10
0.615 1.256 9.679 10
1.288 1.115 9.37 10
1.683 1.098 9.083 10
1.934 0.993 8.848 10
1.711 0.77 8.801 10
1.244 0.713 8.877 10
0.938 0.713 9.011 9
1.019 0.459 8.975 11
1.575 0.323 8.753 10
2.614 0.083 8.279 10
3.485 -0.272 7.857 10
3.914 -0.553 7.601 10
4.252 -0.77 7.522 10
4.106 -0.885 7.694 10
3.541 -0.998 7.912 10
2.863 -0.991 8.01 10
2.276 -1.046 7.931 9
1.529 -1.029 7.893 11
1.201 -1.015 7.809 10
0.981 -0.861 7.965 9
1.323 -0.667 7.75 10
1.826 -0.545 7.493 10
2.138 -0.6 7.57 10
2.509 -0.737 7.532 10
3.919 -1.156 7.211 10
4.187 -1.467 7.388 10
4.647 -1.601 7.232 10
4.819 -1.259 7.773 10
4.446 -1.606 7.982 10
5.214 -2.061 7.692 11
4.671 -1.632 8.142 10
4.414 -1.68 7.896 9
3.246 -1.17 8.475 10
1.97 -0.735 9.346 10
2.006 -1.182 9.478 11
2.138 -1.81 9.962 10
2.126 -2.063 10.606 10
2.149 -2.039 10.881 10
3.564 -1.668 10.333 10
4.884 -1.118 9.433 10
5.705 -0.679 8.71 10
6.088 -0.557 8.446 10
5.08 -0.782 9.006 9
3.924 -1.235 9.921 10
3.265 -1.575 10.658 10
3.107 -1.984 11.18 10
2.98 -2.42 11.662 10
3.002 -2.628 11.789 10
2.995 -2.844 11.726 10
2.997 -2.877 11.496 10
2.956 -2.832 11.089 10
2.92 -2.794 10.462 10
2.913 -2.748 10.024 10
2.82 -2.667 9.447 10
2.561 -2.624 9.033 10
2.298 -2.573 8.839 10
1.857 -2.552 8.645 10
1.503 -2.566 8.59 10
1.321 -2.597 8.532 10
1.276 -2.454 8.358 10
1.407 -2.281 8.183 10
1.692 -1.989 7.881 10
1.982 -1.695 7.637 10
2.224 -1.482 7.441 11
2.516 -1.221 7.225 10
2.655 -1.079 7.137 10
2.794 -0.909 7.053 10
2.844 -0.833 7.038 10
2.829 -0.79 7.079 10
2.911 -0.732 7.127 10
2.992 -0.703 7.17 10
3.189 -0.696 7.206 10
3.426 -0.682 7.216 10
3.567 -0.682 7.218 10
3.694 -0.66 7.247 10
3.706 -0.617 7.283 10
3.773 -0.629 7.311 10
3.888 -0.703 7.493 10
4.017 -0.799 7.649 10
4.067 -1.012 8.058 10
4.036 -1.192 8.465 10
3.976 -1.254 8.836 10
3.998 -1.067 9.244 10
4.098 -0.763 9.397 10
3.95 -0.433 9.744 10
2.789 -1.015 9.943 10
1.546 -1.845 10.105 10
0.481 -0.732 10.098 10
-0.335 0.354 9.897 14
0.95 1.213 9.591 6
2.726 1.824 9.03 10
4.326 0.49 8.64 10
7.074 -0.524 7.805 10
8.714 -0.454 7.105 10
6.605 -0.677 8.157 10
8.746 -0.15 7.96 9
9.737 0.057 8.209 10
8.544 -0.146 9.05 10
9.828 0.399 8.781 10
6.861 0.196 9.761 10
4.067 -0.062 10.773 10
3.457 0.09 11.195 10
3.236 -0.215 11.372 10
2.777 -0.289 11.456 10
2.145 -0.308 11.506 11
0.825 -0.423 11.683 9
-0.1 -0.287 11.717 10
0.38 -0.117 11.415 10
0.021 0.095 11.475 10
0.349 0.404 11.408 10
0.553 0.313 11.245 12
1.331 0.047 10.048 8
2.949 -0.26 8.489 10
3.603 -0.344 7.524 10
4.381 -0.028 6.655 11
3.26 0.081 7.247 10
2.303 0.323 7.675 10
2.31 0.339 7.51 10
2.104 0.478 7.469 10
2.054 0.732 7.431 10
1.704 0.763 7.635 10
1.484 0.737 7.888 10
1.477 0.588 8.018 10
1.651 0.361 8.085 10
2.188 0.117 7.86 10
2.595 -0.069 7.584 10
3.093 -0.289 7.161 10
3.409 -0.43 6.799 10
3.478 -0.524 6.708 10
3.533 -0.656 6.823 10
3.497 -0.754 7.086 10
3.488 -0.725 7.438 10
3.5 -0.636 7.733 10
3.229 -0.5 8.006 10
2.58 -1.048 7.824 10
1.905 -1.723 7.553 10
1.666 -1.007 7.309 10
1.228 -1.565 7.618 12
1.168 -1.438 8.382 8
3.514 -1.086 8.327 10
5.425 -2.126 8.245 10
7.656 -2.164 7.012 10
8.09 -2.085 6.581 10
6.117 -2.231 6.969 9
4.304 -2.221 7.235 11
2.667 -1.948 7.915 9
2.999 -1.948 7.941 10
3.507 -1.987 8.113 10
3.854 -2.181 8.408 10
4.381 -2.394 8.841 11
4.735 -2.451 9.126 9
5.051 -2.398 9.27 10
5.288 -2.394 9.418 10
5.346 -2.37 9.428 10
5.319 -2.413 9.215 11
4.57 -2.451 9.047 9
3.9 -2.442 8.875 10
2.564 -2.705 8.98 10
1.312 -2.901 9.308 10
0.466 -3.282 9.911 11
-0.385 -3.744 10.67 9
-0.572 -3.933 11.152 10
-0.802 -4.036 11.726 10
-0.852 -4.031 11.975 11
-2.24 -3.509 12.899 10
-0.141 -3.643 11.245 10
2.001 -3.864 9.497 10
3.658 -3.699 7.941 10
4.685 -3.991 6.605 10
2.224 -3.627 7.848 10
-0.179 -3.354 9.186 10
-2.097 -3.466 10.333 10
-1.958 -3.677 10.486 10
-1.659 -3.845 10.568 10
-1.417 -3.921 10.553 10
-0.78 -3.799 10.34 10
-0.225 -3.557 10.07 10
0.167 -3.232 9.83 10
0.782 -2.784 9.351 10
1.003 -2.535 9.071 10
1.345 -2.063 8.602 10
1.584 -1.762 8.08 10
1.601 -1.582 7.797 10
1.501 -1.357 7.536 10
1.278 -1.355 7.465 10
1.084 -1.285 7.534 10
0.897 -1.235 7.675 10
0.828 -1.23 7.795 10
0.893 -1.221 7.943 10
1.034 -1.235 8.044 10
1.422 -1.194 7.975 10
1.958 -1.125 7.831 10
2.36 -1.06 7.659 10
2.753 -1.031 7.52 10
2.873 -1.091 7.479 10
2.679 -1.161 7.678 20
2.485 -1.23 7.876 10
2.226 -1.273 8.149 10
2.013 -1.249 8.619 10
1.965 -1.244 8.923 10
2.013 -1.048 9.358 10
2.135 -0.842 9.686 10
2.422 -0.636 9.89 10
2.734 -0.517 10.218 10
2.949 -0.588 10.414 10
2.674 -1.307 10.307 10
1.395 -1.089 10.69 10
1.845 -1.278 10.548 20
2.296 -1.467 10.407 10
4.738 -1.465 9.627 10
4.924 -2.209 9.962 10
3.359 -2.461 10.697 11
5.116 -2.719 10.022 9
5.372 -2.523 10.29 9
7.0 -2.19 9.275 11
6.675 -2.063 9.332 9
3.026 -1.929 10.8 10
-0.155 -1.69 11.925 11
-1.642 -1.79 12.655 10
-1.608 -1.771 12.43 10
-1.613 -1.642 12.004 9
-2.085 -1.618 11.92 10
-2.707 -1.503 11.674 11
-3.095 -1.328 11.247 9
-3.445 -1.264 11.022 10
-3.79 -1.213 10.697 10
-4.146 -1.209 10.591 14
-4.304 -1.177 10.548 7
-4.709 -1.077 10.477 19
-5.214 -0.876 10.426 10
-5.556 -0.72 10.319 10
-5.774 -0.488 10.105 10
-5.506 -0.342 9.794 11
-5.142 -0.282 9.562 10
-4.69 -0.335 9.239 10
-5.533 -0.79 10.223 10
-6.615 -1.228 11.334 10
-5.324 -1.031 10.419 10
-4.122 -0.723 9.595 10
-0.296 0.804 6.835 10
1.965 1.29 5.159 10
1.855 1.142 5.509 10
1.807 1.283 5.894 10
0.306 0.531 7.015 10
0.373 0.799 7.062 10
-0.26 0.857 7.469 10
-0.957 0.624 7.841 10
-1.723 0.378 8.216 10
-2.133 -0.086 8.504 10
-1.841 -0.339 8.432 10
-1.173 -0.689 8.298 10
-0.435 -1.024 8.159 10
0.114 -0.943 8.183 10
1.063 -0.78 7.869 10
1.635 -0.521 7.618 10
2.171 -0.471 7.431 10
2.533 -0.598 7.158 10
1.98 -0.847 7.685 10
1.096 -1.048 8.599 10
0.248 -1.041 9.449 10
-0.438 -0.993 10.333 10
-0.158 -0.756 10.517 11
0.452 -0.567 10.314 9
1.558 -0.232 9.902 10
2.504 0.062 9.457 10
3.294 0.33 9.181 10
3.991 0.615 9.014 10
4.192 0.754 9.054 10
4.048 0.912 9.282 10
3.61 0.948 9.576 10
3.102 0.945 9.83 10
2.71 0.926 9.974 11
2.662 0.888 9.931 9
2.844 0.893 9.739 10
3.423 1.005 9.339 10
3.888 1.134 9.05 10
4.388 1.326 8.717 11
4.659 1.474 8.532 9
4.675 1.496 8.48 10
4.599 1.549 8.389 11
4.486 1.539 8.341 9
3.96 1.587 8.523 10
3.452 1.675 8.714 10
2.542 1.422 9.15 10
1.776 0.825 9.572 10
1.424 0.172 9.763 10
1.335 -0.469 10.005 10
1.742 -0.799 10.041 10
2.324 -0.969 10.079 10
2.971 -1.347 10.17 10
3.354 -1.738 10.211 10
3.677 -1.702 10.201 10
3.028 -1.225 10.287 10
2.315 -0.541 10.321 10
1.146 -0.263 10.283 10
0.038 -0.411 10.295 10
-0.275 -0.737 10.067 10
-0.361 -1.146 9.825 10
0.007 -1.149 9.655 10
0.701 -1.125 9.49 10
1.254 -1.182 9.481 10
1.927 -1.077 9.421 10
2.822 -0.809 9.275 10
3.392 -0.567 9.124 10
3.763 -0.225 8.923 10
3.112 0.213 8.999 10
2.238 0.488 9.162 10
1.477 0.469 9.153 10
0.914 0.349 9.193 10
1.283 -0.038 8.863 10
1.877 -0.342 8.494 10
2.358 -0.351 8.298 10
2.983 -0.225 8.07 10
3.351 -0.004 8.001 10
3.409 0.253 7.953 10
3.213 0.512 8.039 10
2.873 0.634 8.157 10
2.439 0.682 8.164 10
2.116 0.402 8.161 10
2.047 0.122 8.025 10
2.085 -0.134 7.862 10
2.217 -0.316 7.809 10
2.384 -0.196 7.785 10
2.667 0.114 7.654 10
2.841 0.402 7.548 10
3.035 0.775 7.467 10
3.169 1.053 7.383 10
3.268 1.118 7.407 10
3.562 1.256 7.321 10
3.837 1.309 7.211 10
3.916 1.403 7.23 12
3.785 1.632 7.462 8
3.457 1.788 7.805 10
2.942 2.032 8.499 10
2.624 2.236 9.064 10
2.533 2.375 9.598 10
2.592 2.48 10.132 10
2.839 2.497 10.314 10
3.15 2.48 10.524 10
3.366 2.413 10.553 10
3.478 2.054 10.472 10
3.677 2.415 10.28 10
3.811 2.81 10.06 10
3.78 3.596 9.864 10
3.612 4.57 9.617 10
3.359 4.824 9.481 10
3.057 4.759 9.44 10
2.92 4.304 9.375 10
2.686 3.892 9.804 10
2.281 3.478 10.35 10
1.924 3.383 10.8 10
1.534 3.301 11.068 10
1.331 3.313 11.003 10
1.283 3.38 10.577 10
1.101 3.562 10.012 10
0.952 3.73 9.629 13
0.579 3.928 9.196 7
0.22 4.074 9.006 10
-0.28 4.058 9.04 10
-0.998 4.017 9.174 10
-1.491 3.945 9.358 10
-1.989 3.78 9.574 10
-2.039 3.562 9.591 10
-1.872 3.368 9.507 10
-1.517 3.177 9.227 10
-1.034 3.141 8.746 23
-0.708 3.256 8.283 7
-0.383 3.371 7.821 10
-0.311 3.457 7.596 10
-0.363 3.481 7.541 10
-0.586 3.466 7.69 10
-0.931 3.418 7.917 10
-1.209 3.397 8.104 10
-1.537 3.447 8.367 10
-1.757 3.588 8.315 10
-1.855 3.763 8.183 10
-1.702 3.928 7.948 10
-1.498 4.022 7.637 10
-0.984 3.888 7.426 10
-0.349 3.663 7.218 10
0.033 3.447 7.113 10
0.361 3.308 7.146 10
0.426 3.294 7.287 10
0.11 3.466 7.642 10
-0.371 3.706 8.085 10
-0.797 3.869 8.389 10
-1.113 3.948 8.913 10
-1.158 3.957 9.174 10
-1.039 3.9 9.346 10
-0.835 3.869 9.414 10
-0.588 3.955 9.076 20
-0.268 4.034 8.75 10
0.052 4.113 8.425 10
0.39 4.161 8.274 10
0.574 4.175 8.307 10
0.744 4.271 8.518 10
0.873 4.419 8.868 10
0.902 4.572 9.148 10
0.804 4.764 9.548 10
0.5 4.857 9.964 10
0.237 4.898 10.242 10
-0.184 4.936 10.706 10
-0.478 4.936 11.051 10
-0.689 5.078 11.149 10
-0.797 5.293 11.01 10
-0.746 5.511 10.685 10
-0.586 5.669 10.072 10
-0.373 5.683 9.548 10
-0.275 5.465 9.172 10
-0.248 5.161 8.825 10
-0.332 4.917 8.765 10
-0.684 4.374 8.887 10
-1.362 3.696 9.313 10
-1.968 3.105 9.71 10
-2.597 2.473 10.129 10
-2.959 2.14 10.366 10
-2.724 2.221 10.187 10
-2.173 2.454 9.804 10
-1.599 2.726 9.399 10
-0.912 3.093 8.899 10
-0.483 3.337 8.599 10
-0.366 3.366 8.477 10
-0.325 3.265 8.36 10
-0.648 2.985 8.463 20
-0.972 2.705 8.566 10
-1.422 2.537 8.667 10
-1.675 2.592 8.568 10
-1.678 2.734 8.346 10
-1.556 2.954 7.867 10
-1.307 3.196 7.295 10
-1.24 3.375 6.983 20
-1.173 3.555 6.672 10
-1.333 3.785 6.744 10
-1.601 4.058 7.079 10
-1.807 4.299 7.347 10
-2.078 4.558 7.74 10
-2.245 4.687 8.006 10
-2.135 4.678 8.169 10
-1.805 4.608 8.233 10
-1.41 4.522 8.173 10
-0.924 4.422 7.996 10
-0.749 4.57 7.79 10
-1.082 4.848 7.793 20
-1.414 5.125 7.795 10
-2.032 5.372 8.046 10
-2.621 5.298 8.394 10
-2.923 5.154 8.631 10
-3.114 4.953 8.817 10
-3.112 4.797 8.872 10
-2.729 4.754 8.664 10
-2.094 4.802 8.362 10
-1.515 4.912 8.159 20
-0.988 4.936 8.087 10
-0.735 4.946 8.173 10
-0.943 4.723 8.494 10
-1.206 4.496 8.767 10
-1.546 4.24 9.054 10
-1.798 3.979 9.385 10
-1.838 3.859 9.574 10
-1.534 3.787 9.627 10
-1.101 3.83 9.533 10
-0.409 3.955 9.162 10
0.39 4.084 8.736 10
0.845 4.165 8.446 10
1.266 4.223 8.178 10
1.12 4.242 8.243 10
0.866 4.256 8.362 10
0.347 4.395 8.614 10
-0.138 4.558 8.844 10
-0.457 4.776 8.997 10
-0.718 5.054 9.059 10
-0.713 5.207 8.99 10
-0.689 5.312 8.76 10
-0.612 5.324 8.508 10
-0.6 5.212 8.224 10
-0.656 5.018 7.85 10
-0.73 4.872 7.637 10
-0.871 4.757 7.45 10
-1.058 4.699 7.445 10
-1.177 4.723 7.529 10
-1.295 4.714 7.654 10
-1.345 4.673 7.752 10
-1.367 4.649 7.795 10
-1.443 4.702 7.838 20
-1.561 4.821 7.898 10
-1.678 4.941 7.958 10
-1.754 5.023 8.08 10
-1.656 5.011 8.185 10
-1.52 4.965 8.233 10
-1.278 4.915 8.228 10
-1.053 4.893 8.159 10
-1.022 4.886 8.078 10
-1.175 4.929 8.039 10
-1.434 4.977 8.054 10
-1.788 5.224 8.039 10
-2.051 5.609 7.984 10
-2.13 5.944 7.886 10
-2.109 6.308 7.706 10
-1.991 6.473 7.556 10
-1.821 6.418 7.422 10
-1.489 6.236 7.218 10
-1.256 6.026 7.096 10
-0.675 5.248 6.655 10
-0.162 4.553 6.268 10
-0.21 4.604 6.5 10
-0.648 4.613 7.184 10
-1.436 5.19 8.188 10
-1.884 5.875 9.062 10
-1.628 5.985 9.282 10
-0.981 6.136 9.05 10
-0.086 6.16 8.76 10
0.469 6.076 8.599 10
0.852 5.81 8.295 10
1.096 5.444 7.994 10
1.091 5.204 7.75 10
0.497 4.927 7.651 10
-0.229 4.788 7.8 10
-1.295 4.843 8.006 10
-2.339 4.977 8.111 10
-2.794 5.149 8.07 10
-3.083 5.327 7.958 10
-2.779 5.358 7.812 10
-2.497 5.31 7.766 10
-2.255 5.264 7.874 10
-2.178 5.214 8.054 10
-2.379 5.245 8.073 10
-2.726 5.363 7.855 10
-3.102 5.398 7.589 20
-3.478 5.434 7.323 10
-3.438 5.456 7.228 10
-3.217 5.305 7.431 10
-2.928 5.233 7.529 10
-2.726 5.257 7.771 10
-2.849 5.336 7.972 10
-3.004 5.501 8.111 10
-3.193 5.643 8.219 10
-3.294 5.688 8.183 10
-3.265 5.612 8.123 20
-3.236 5.535 8.063 10
-3.282 5.439 8.097 10
-3.327 5.343 8.13 10
-3.435 5.319 8.224 10
-3.421 5.284 8.259 10
-3.299 5.291 8.233 10
-3.114 5.279 8.094 10
-2.88 5.26 7.809 10
-2.767 5.252 7.582 10
-2.621 5.293 7.309 10
-2.537 5.353 7.149 10
-2.518 5.437 7.101 10
-2.504 5.547 7.046 11
-2.523 5.609 7.036 9
-2.545 5.616 7.041 10
-2.552 5.588 7.048 10
-2.561 5.525 7.048 10
-2.552 5.487 7.043 10
-2.54 5.504 7.024 10
-2.612 5.552 7.058 10
-2.676 5.607 7.105 10
-2.873 5.667 7.316 10
-3.078 5.714 7.618 10
-3.201 5.731 7.867 10
-3.205 5.674 8.123 10
-2.834 5.513 8.159 10
-2.08 5.264 7.733 20
-1.326 5.015 7.307 10
-0.921 4.891 6.825 10
-1.431 5.008 6.631 10
-2.315 5.226 6.809 10
-2.568 5.286 6.792 14
-2.59 5.295 6.823 6
-1.731 5.262 6.823 10
-0.969 5.185 7.015 10
-0.837 5.267 7.4 11
-1.513 5.183 8.164 12
-1.747 5.255 8.286 7
-1.884 5.37 8.216 10
-2.889 5.516 8.556 10
-2.638 5.801 8.226 12
-3.057 5.805 8.343 10
-3.39 5.741 8.35 8
-2.853 5.645 7.948 10
-2.485 5.734 7.73 10
-2.116 5.822 7.513 10
-1.939 5.87 7.347 10
-1.769 5.983 7.151 10
-1.881 5.937 7.062 10
-2.171 5.906 6.928 10
-2.391 6.028 6.825 10
-2.604 6.086 6.754 10
-2.643 6.191 6.682 20
-2.422 6.27 6.72 10
-2.183 6.279 6.868 10
-1.944 6.289 7.017 10
-1.97 6.169 7.196 10
-2.078 6.062 7.311 10
-2.219 5.911 7.378 10
-2.523 5.746 7.467 10
-2.736 5.662 7.524 10
-3.031 5.53 7.505 10
-3.093 5.501 7.496 10
-2.992 5.487 7.465 14
-2.7 5.386 7.503 6
-2.327 5.334 7.618 10
-2.035 5.14 7.852 10
-1.355 5.049 7.785 10
-0.866 5.044 7.649 10
-0.909 5.212 7.692 10
-1.053 5.487 7.57 10
-2.248 5.712 8.018 10
-3.177 5.834 8.054 10
-3.574 5.784 7.91 10
-3.694 5.851 7.721 10
-3.15 5.865 7.264 10
-2.844 6.035 7.237 10
-2.511 6.145 7.144 10
-2.456 6.138 7.096 10
-2.746 6.217 7.065 20
-3.064 6.244 7.015 10
-3.102 6.291 6.825 10
-3.141 6.339 6.636 10
-2.741 6.268 6.66 10
-2.229 6.148 6.742 12
-2.023 6.066 7.029 8
-2.03 5.975 7.378 10
-2.13 5.918 7.498 10
-2.612 5.961 7.649 10
-3.114 6.004 7.773 10
-3.404 6.057 7.836 10
-3.615 6.076 7.793 9
-3.462 6.011 7.568 10
-3.287 5.947 7.369 10
-3.026 5.887 7.105 10
-2.762 5.88 6.892 21
-2.626 5.92 6.797 9
-2.489 5.961 6.701 10
-2.437 6.026 6.701 10
-2.466 6.071 6.756 10
-2.322 6.076 6.754 10
-2.047 6.03 6.667 10
-1.774 5.956 6.55 10
-1.443 5.851 6.373 10
-1.347 5.758 6.229 10
-1.383 5.714 6.169 10
-1.551 5.681 6.177 10
-1.776 5.679 6.244 10
-1.991 5.655 6.418 10
-2.197 5.626 6.643 10
-2.272 5.588 6.801 11
-2.379 5.521 7.048 10
-2.403 5.487 7.187 10
-2.487 5.449 7.393 10
-2.516 5.394 7.647 10
-2.511 5.367 7.812 10
-2.461 5.346 8.006 10
-2.195 5.307 7.862 10
-1.984 5.286 7.671 10
-1.85 5.408 7.625 10
-1.762 5.525 7.551 10
-1.905 5.688 7.802 10
-2.02 5.872 8.097 10
-2.059 5.913 8.245 10
-2.128 5.932 8.427 10
-2.13 5.932 8.504 10
-2.212 5.947 8.48 10
-2.353 5.93 8.384 10
-2.463 5.935 8.255 10
-2.48 5.932 8.063 10
-2.365 5.877 7.912 10
-2.19 5.853 7.833 10
-1.996 5.796 7.793 10
-1.896 5.746 7.814 10
-1.92 5.679 7.86 10
-1.975 5.583 7.841 10
-2.049 5.521 7.783 10
-2.188 5.451 7.709 10
-2.284 5.415 7.627 10
-2.346 5.41 7.596 10
-2.396 5.42 7.57 10
-2.382 5.437 7.56 10
-2.317 5.439 7.524 10
-2.255 5.439 7.503 10
-2.157 5.415 7.445 10
-2.054 5.394 7.359 10
-2.001 5.386 7.299 10
-1.989 5.372 7.22 10
-2.07 5.351 7.182 10
-2.157 5.327 7.173 10
-2.257 5.319 7.177 11
-2.317 5.319 7.201 9
-2.317 5.343 7.247 10
-2.293 5.355 7.335 10
-2.255 5.351 7.41 10
-2.212 5.336 7.517 10
-2.183 5.315 7.594 10
-2.161 5.303 7.627 10
-2.159 5.303 7.668 10
-2.161 5.312 7.675 11
-2.183 5.367 7.73 19
-2.221 5.425 7.785 9
-2.205 5.499 7.819 10
-2.188 5.573 7.852 11
-2.176 5.604 7.864 10
-2.202 5.631 7.864 10
-2.264 5.628 7.879 9
-2.363 5.619 7.912 10
-2.437 5.607 7.92 11
-2.473 5.592 7.96 9
-2.43 5.554 7.999 10
-2.351 5.523 8.018 10
-2.229 5.48 8.001 10
-2.169 5.451 7.943 11
-2.188 5.446 7.888 9
-2.264 5.442 7.797 10
-2.384 5.449 7.742 10
-2.449 5.442 7.723 10
-2.473 5.444 7.757 11
-2.439 5.446 7.826 11
-2.398 5.449 7.891 9
-2.351 5.458 7.939 10
-2.31 5.425 7.91 10
-2.221 5.363 7.86 10
-2.14 5.3 7.814 10
-2.116 5.231 7.764 10
-2.207 5.188 7.716 10
-2.346 5.173 7.69 10
-2.568 5.181 7.613 10
-2.734 5.195 7.541 10
-2.715 5.243 7.438 10
-2.602 5.279 7.278 15
-2.406 5.293 7.168 5
-2.169 5.288 7.005 10
-2.08 5.221 6.89 11
-2.085 5.166 6.833 11
-2.149 5.082 6.813 12
-2.255 5.018 6.847 6
-2.403 5.006 7.015 10
-2.602 5.068 7.321 10
-2.741 5.159 7.589 10
-2.839 5.264 8.013 10
-2.849 5.353 8.307 10
-2.518 5.367 8.52 10
-2.214 5.406 9.133 10
-1.951 5.43 9.591 10
-1.934 5.413 10.24 10
-2.207 5.396 10.831 10
-2.722 5.413 10.635 10
-2.671 5.501 10.187 10
-2.375 5.631 9.548 10
-2.116 5.827 8.757 10
-1.589 5.966 8.355 10
-1.556 6.007 8.099 10
-1.51 6.04 7.764 20
-1.465 5.992 7.479 10
-1.505 5.925 7.115 10
-1.618 5.884 6.856 10
-1.795 5.832 6.607 10
-1.934 5.793 6.459 10
-2.006 5.748 6.356 10
-2.102 5.65 6.294 10
-2.145 5.571 6.301 10
-2.161 5.456 6.361 10
-2.159 5.367 6.454 10
-2.087 5.327 6.531 10
-1.994 5.341 6.6 10
-1.927 5.391 6.617 10
-1.869 5.465 6.653 10
-1.841 5.549 6.679 10
-1.833 5.578 6.713 10
-1.814 5.595 6.789 10
-1.786 5.588 6.847 10
-1.783 5.576 6.936 10
-1.781 5.554 7.048 10
-1.79 5.544 7.117 10
-1.795 5.547 7.189 10
-1.79 5.549 7.216 10
-1.774 5.597 7.254 10
-1.771 5.679 7.328 10
-1.774 5.748 7.4 10
-1.757 5.839 7.51 10
-1.707 5.894 7.618 10
-1.642 5.916 7.69 10
-1.541 5.93 7.781 10
-1.46 5.923 7.833 10
-1.4 5.918 7.841 10
-1.376 5.918 7.805 10
-1.388 5.925 7.75 10
-1.47 5.925 7.716 10
-1.575 5.923 7.694 10
-1.687 5.916 7.728 10
-1.754 5.918 7.747 10
-1.752 5.928 7.745 10
-1.707 5.925 7.723 10
-1.604 5.88 7.68 10
-1.546 5.825 7.651 10
-1.477 5.743 7.587 10
-1.45 5.674 7.541 10
-1.484 5.64 7.481 10
-1.546 5.626 7.4 10
-1.62 5.638 7.354 10
-1.714 5.657 7.338 10
-1.762 5.683 7.345 10
-1.757 5.695 7.455 10
-1.719 5.7 7.623 10
-1.661 5.698 7.762 10
-1.58 5.693 7.896 12
-1.549 5.693 7.908 11
-1.551 5.7 7.862 7
-1.62 5.736 7.757 10
-1.714 5.774 7.656 10
-1.795 5.805 7.575 12
-1.833 5.846 7.517 8
-1.805 5.858 7.52 10
-1.738 5.87 7.546 10
-1.656 5.88 7.594 10
-1.608 5.901 7.635 10
-1.582 5.928 7.675 10
-1.594 5.954 7.692 10
-1.642 5.973 7.694 10
-1.699 5.971 7.68 10
-1.747 5.949 7.644 10
-1.783 5.906 7.589 10
-1.783 5.87 7.548 10
-1.81 5.81 7.503 10
-1.862 5.71 7.436 10
-1.927 5.631 7.388 10
-1.877 5.513 7.285 10
-1.596 5.449 7.168 13
-1.278 5.439 7.094 7
-0.998 5.473 7.005 10
-0.833 5.544 6.971 10
-0.912 5.6 6.89 11
-1.005 5.643 6.78 11
-1.06 5.643 6.684 12
-1.18 5.612 6.596 6
-1.259 5.568 6.574 10
-1.395 5.48 6.581 10
-1.64 5.379 6.605 10
-1.819 5.31 6.622 10
-1.999 5.219 6.631 10
-2.106 5.185 6.641 10
-2.066 5.322 7.117 10
-3.234 5.279 8.41 13
-4.402 5.257 9.71 7
-4.367 5.47 10.57 10
-4.371 5.525 10.946 10
-2.875 5.861 10.223 10
-1.189 6.234 9.296 10
-0.708 6.373 8.81 10
-0.205 6.44 8.31 20
0.004 6.406 8.092 10
-0.059 6.275 8.015 10
-0.124 6.143 7.939 10
-0.256 6.088 7.754 10
-0.521 6.002 7.465 10
-0.701 5.975 7.237 10
-1.0 5.884 6.921 10
-1.254 5.789 6.727 10
-1.436 5.647 6.641 10
-1.651 5.442 6.574 10
-1.747 5.3 6.596 10
-1.853 5.123 6.619 10
-1.874 5.046 6.624 10
-1.862 5.035 6.61 10
-1.829 5.075 6.557 10
-1.786 5.152 6.502 10
-1.764 5.264 6.497 10
-1.742 5.422 6.598 10
-1.742 5.528 6.737 10
-1.687 5.635 6.979 20
-1.594 5.695 7.252 10
-1.453 5.717 7.41 10
-1.312 5.738 7.568 10
-1.204 5.791 7.594 10
-1.154 5.822 7.565 10
-1.151 5.846 7.546 10
-1.165 5.868 7.551 10
-1.201 5.856 7.584 10
-1.211 5.856 7.618 10
-1.187 5.865 7.663 10
-1.146 5.877 7.685 10
-1.113 5.899 7.692 10
-1.086 5.918 7.69 10
-1.11 5.94 7.671 10
-1.17 5.959 7.671 10
-1.223 5.968 7.685 10
-1.328 5.961 7.716 10
-1.417 5.942 7.752 10
-1.455 5.913 7.776 10
-1.426 5.884 7.778 10
-1.345 5.872 7.764 10
-1.242 5.875 7.728 10
-1.173 5.88 7.649 10
-1.17 5.884 7.592 10
-1.213 5.865 7.548 10
-1.278 5.832 7.527 10
-1.374 5.791 7.556 10
-1.489 5.748 7.572 10
-1.558 5.729 7.575 10
-1.616 5.719 7.577 10
-1.623 5.726 7.565 10
-1.582 5.75 7.548 10
-1.52 5.798 7.503 10
-1.47 5.837 7.457 10
-1.424 5.906 7.388 10
-1.414 5.973 7.331 10
-1.426 6.016 7.302 10
-1.458 6.052 7.319 10
-1.484 6.057 7.359 10
-1.529 6.026 7.424 10
-1.551 5.983 7.527 10
-1.553 5.947 7.584 10
-1.532 5.916 7.685 10
-1.484 5.908 7.766 10
-1.515 5.896 7.805 10
-1.654 5.88 7.781 10
-1.817 5.858 7.714 10
-1.958 5.813 7.551 10
-1.948 5.791 7.362 10
-1.831 5.774 7.235 10
-1.537 5.753 7.089 13
-1.264 5.755 7.038 7
-0.936 5.743 7.048 10
-0.641 5.705 7.06 20
-0.627 5.621 7.091 12
-0.612 5.537 7.122 12
-0.888 5.473 7.156 6
-1.182 5.403 7.084 10
-1.374 5.384 7.012 10
-1.709 5.281 6.845 10
-1.848 5.114 6.457 10
-1.934 4.977 6.172 10
-1.831 4.955 5.894 10
-1.584 5.018 5.712 10
-1.403 5.319 5.93 10
-2.264 5.609 7.247 20
-3.007 5.923 8.413 10
-3.749 6.236 9.579 10
-2.916 6.433 10.213 10
-1.254 6.789 9.402 10
0.098 7.007 8.734 10
1.244 7.161 8.111 10
0.823 7.244 7.809 10
0.557 7.156 7.778 10
0.181 6.936 7.618 10
0.011 6.78 7.412 10
-0.375 6.552 7.189 10
-0.871 6.265 6.986 10
-1.256 6.11 6.912 10
-1.742 5.858 6.744 10
-2.011 5.679 6.593 10
-2.224 5.473 6.505 10
-2.415 5.183 6.421 10
-2.506 4.989 6.43 10
-2.537 4.759 6.433 10
-2.456 4.639 6.43 10
-2.288 4.635 6.409 10
-2.047 4.699 6.421 10
-1.865 4.8 6.44 10
-1.635 4.999 6.538 10
-1.446 5.245 6.754 10
-1.331 5.422 6.936 10
-1.18 5.65 7.187 10
-1.077 5.779 7.359 10
-1.053 5.868 7.465 10
-1.084 5.961 7.582 10
-1.151 6.004 7.63 10
-1.283 6.038 7.714 10
-1.403 6.033 7.762 10
-1.496 6.004 7.817 10
-1.577 5.966 7.86 10
-1.594 5.937 7.867 10
-1.534 5.906 7.862 10
-1.395 5.908 7.807 10
-1.268 5.92 7.764 10
-1.187 5.94 7.706 10
-1.182 5.961 7.661 10
-1.278 5.961 7.623 10
-1.374 5.951 7.599 10
-1.424 5.935 7.589 10
-1.477 5.899 7.587 10
-1.479 5.87 7.608 10
-1.438 5.837 7.615 10
-1.362 5.796 7.606 10
-1.283 5.774 7.589 10
-1.197 5.734 7.532 10
-1.18 5.7 7.472 10
-1.199 5.674 7.429 10
-1.249 5.633 7.395 10
-1.307 5.612 7.402 10
-1.338 5.612 7.431 10
-1.345 5.631 7.479 10
-1.321 5.664 7.517 10
-1.266 5.729 7.553 10
-1.211 5.779 7.57 10
-1.175 5.834 7.58 10
-1.142 5.894 7.589 10
-1.139 5.923 7.601 10
-1.175 5.935 7.611 10
-1.225 5.92 7.603 10
-1.273 5.901 7.596 10
-1.316 5.851 7.565 10
-1.321 5.817 7.536 10
-1.297 5.765 7.505 10
-1.266 5.695 7.474 10
-1.24 5.657 7.467 10
-1.261 5.614 7.469 10
-1.302 5.592 7.479 10
-1.364 5.602 7.501 10
-1.41 5.626 7.532 10
-1.407 5.655 7.553 10
-1.391 5.691 7.56 10
-1.359 5.712 7.556 10
-1.343 5.731 7.52 10
-1.316 5.741 7.503 10
-1.304 5.743 7.501 10
-1.273 5.707 7.484 20
-1.244 5.659 7.489 10
-1.206 5.626 7.448 10
-1.168 5.592 7.407 10
-1.17 5.604 7.41 10
-1.189 5.635 7.453 10
-1.228 5.662 7.522 10
-1.283 5.702 7.62 10
-1.335 5.738 7.678 20
-1.364 5.736 7.673 11
-1.393 5.734 7.668 9
-1.376 5.719 7.635 10
-1.333 5.717 7.635 10
-1.297 5.734 7.656 11
-1.283 5.765 7.716 9
-1.297 5.793 7.776 10
-1.335 5.796 7.848 11
-1.386 5.786 7.917 9
-1.414 5.762 7.948 10
-1.443 5.729 7.958 10
-1.455 5.707 7.934 10
-1.438 5.693 7.869 10
-1.412 5.671 7.771 10
-1.386 5.659 7.694 10
-1.34 5.64 7.613 10
-1.312 5.65 7.58 10
-1.292 5.667 7.58 10
-1.292 5.702 7.572 10
-1.312 5.746 7.57 10
-1.345 5.765 7.544 10
-1.369 5.77 7.52 10
-1.374 5.755 7.503 10
-1.359 5.719 7.505 10
-1.3 5.683 7.52 12
-1.249 5.662 7.532 8
-1.177 5.652 7.536 10
-1.125 5.664 7.522 10
-1.113 5.695 7.508 10
-1.125 5.724 7.498 12
-1.158 5.741 7.496 8
-1.206 5.755 7.491 10
-1.244 5.75 7.493 10
-1.261 5.731 7.479 10
-1.268 5.71 7.436 10
-1.261 5.691 7.395 10
-1.216 5.679 7.326 10
-1.168 5.683 7.268 10
-1.13 5.683 7.252 10
-1.101 5.671 7.261 10
-1.11 5.652 7.299 10
-1.127 5.65 7.383 10
-1.175 5.669 7.481 10
-1.213 5.7 7.553 10
-1.276 5.731 7.62 10
-1.331 5.746 7.642 10
-1.352 5.731 7.627 10
-1.374 5.695 7.606 10
-1.371 5.659 7.589 10
-1.371 5.628 7.577 10
-1.374 5.612 7.575 10
-1.4 5.64 7.603 10
-1.455 5.695 7.654 10
-1.508 5.746 7.699 10
-1.544 5.798 7.762 10
-1.556 5.827 7.8 10
-1.474 5.858 7.824 10
-1.352 5.882 7.843 10
-1.247 5.904 7.845 10
-1.134 5.911 7.814 13
-1.094 5.88 7.75 7
-1.094 5.856 7.69 10
-1.103 5.846 7.625 10
-1.12 5.851 7.594 10
-1.13 5.863 7.615 12
-1.139 5.87 7.659 8
-1.139 5.863 7.706 10
-1.173 5.834 7.728 10
-1.206 5.808 7.723 10
-1.247 5.767 7.673 10
-1.292 5.714 7.589 10
-1.304 5.683 7.532 10
-1.3 5.669 7.465 10
-1.323 5.683 7.465 10
-1.343 5.71 7.498 10
-1.388 5.724 7.563 10
-1.45 5.722 7.637 10
-1.515 5.674 7.675 10
-1.663 5.588 7.627 10
-1.786 5.513 7.548 10
-1.754 5.43 7.326 10
-1.685 5.382 7.096 10
-1.41 5.401 7.007 14
-1.134 5.451 6.959 6
-1.012 5.511 7.055 10
-0.94 5.583 7.173 10
-1.024 5.643 7.232 10
-1.108 5.671 7.252 10
-1.177 5.705 7.287 10
-1.197 5.726 7.302 10
-1.182 5.702 7.357 10
-1.197 5.645 7.474 12
-1.225 5.583 7.575 8
-1.266 5.499 7.726 10
-1.307 5.444 7.838 10
-1.307 5.422 7.951 10
-1.345 5.413 8.073 12
-1.371 5.425 8.145 7
-1.379 5.439 8.147 10
-1.3 5.475 7.977 10
-1.182 5.499 7.797 11
-1.022 5.53 7.513 9
-0.881 5.559 7.297 10
-0.873 5.566 7.168 10
-0.919 5.552 7.062 10
-1.007 5.53 7.062 11
-1.113 5.552 7.105 9
-1.182 5.573 7.173 10
-1.199 5.674 7.386 10
-1.386 5.712 7.807 10
-1.556 5.707 8.185 10
-2.224 5.671 9.461 10
-2.892 5.578 10.568 10
-2.633 5.688 10.623 10
-2.229 5.786 10.51 10
-1.326 5.916 9.5 10
-0.45 6.119 8.391 11
-0.433 6.126 8.149 10
-0.562 6.145 8.075 10
-0.727 6.133 7.912 10
-0.866 6.047 7.848 10
-0.936 5.978 7.661 10
-1.034 5.889 7.395 10
-1.096 5.832 7.218 10
-1.175 5.724 6.943 10
-1.233 5.607 6.739 14
-1.261 5.509 6.615 6
-1.35 5.372 6.564 10
-1.422 5.286 6.612 10
-1.525 5.216 6.739 10
-1.606 5.157 6.914 10
-1.628 5.135 7.015 10
-1.611 5.142 7.134 10
-1.551 5.181 7.201 10
-1.479 5.252 7.252 10
-1.374 5.382 7.309 10
-1.307 5.482 7.347 10
-1.244 5.628 7.419 10
-1.216 5.731 7.46 10
-1.199 5.77 7.577 10
-1.142 5.791 7.752 10
-1.079 5.767 7.893 10
-0.986 5.719 8.039 10
-0.893 5.679 8.066 10
-0.84 5.655 8.034 10
-0.823 5.638 7.965 10
-0.837 5.645 7.891 10
-0.933 5.664 7.841 10
-1.053 5.688 7.762 10
-1.132 5.717 7.69 20
-1.211 5.746 7.618 10
-1.223 5.76 7.541 10
-1.223 5.762 7.529 10
-1.228 5.753 7.548 10
-1.242 5.724 7.625 10
-1.256 5.693 7.699 10
-1.259 5.669 7.738 10
-1.276 5.64 7.757 10
-1.283 5.631 7.718 10
-1.285 5.623 7.661 10
-1.264 5.604 7.565 10
-1.228 5.59 7.489 10
-1.18 5.571 7.402 10
-1.144 5.554 7.354 10
-1.125 5.556 7.354 10
-1.127 5.561 7.398 10
-1.142 5.571 7.45 9
-1.139 5.607 7.517 10
-1.12 5.64 7.57 11
-1.079 5.671 7.58 10
-1.053 5.695 7.563 10
-1.043 5.693 7.532 9
-1.055 5.683 7.501 10
-1.074 5.676 7.496 11
-1.079 5.676 7.517 10
-1.106 5.683 7.582 9
-1.134 5.693 7.651 10
-1.201 5.693 7.716 10
-1.254 5.686 7.776 11
-1.285 5.671 7.793 9
-1.273 5.667 7.805 11
-1.216 5.669 7.795 9
-1.158 5.674 7.778 10
-1.094 5.683 7.754 11
-1.072 5.683 7.735 10
-1.084 5.671 7.718 11
-1.12 5.647 7.718 9
-1.163 5.619 7.726 10
-1.259 5.583 7.726 10
-1.321 5.559 7.723 10
-1.472 5.523 7.534 10
-1.405 5.509 7.316 10
-1.285 5.501 7.105 10
-1.077 5.485 7.0 10
-0.77 5.497 7.077 10
-0.737 5.449 7.196 10
-0.732 5.406 7.275 10
-0.816 5.372 7.249 10
-0.907 5.353 7.194 10
-0.96 5.398 7.161 11
-0.984 5.439 7.168 13
-1.017 5.465 7.199 6
-1.043 5.477 7.259 10
-1.065 5.461 7.314 10
-1.149 5.444 7.429 13
-1.223 5.442 7.52 7
-1.393 5.427 7.635 10
-1.551 5.415 7.718 10
-1.64 5.434 7.661 20
-1.728 5.453 7.603 10
-1.611 5.576 7.405 20
-1.493 5.698 7.206 10
-1.572 5.801 7.508 20
-2.418 5.947 8.281 10
-2.114 5.956 9.062 10
-1.81 5.966 9.842 10
-1.182 6.081 9.864 10
0.21 6.153 9.414 10
0.323 6.258 8.822 10
0.328 6.313 8.216 10
0.198 6.251 7.951 10
-0.007 6.165 7.556 10
-0.284 6.028 7.321 10
-0.579 5.913 7.094 20
-0.873 5.798 6.866 14
-1.261 5.626 6.734 16
-1.556 5.516 6.694 10
-1.716 5.398 6.675 10
-1.877 5.281 6.655 10
-1.853 5.231 6.665 10
-1.786 5.188 6.682 10
-1.728 5.181 6.684 10
-1.656 5.204 6.71 10
-1.592 5.279 6.758 10
-1.57 5.346 6.799 10
-1.534 5.451 6.892 10
-1.513 5.525 6.962 10
-1.467 5.595 7.098 10
-1.4 5.664 7.311 10
-1.347 5.695 7.472 10
-1.295 5.724 7.673 10
-1.273 5.722 7.79 10
-1.249 5.702 7.86 10
-1.201 5.681 7.936 10
-1.154 5.662 7.972 10
-1.089 5.655 8.01 10
-1.048 5.664 8.02 10
-1.007 5.695 8.015 10
-0.948 5.736 7.96 10
-0.905 5.765 7.903 10
-0.84 5.789 7.788 10
-0.828 5.777 7.642 10
-0.835 5.755 7.546 10
-0.837 5.738 7.457 12
-0.861 5.726 7.426 8
-0.893 5.734 7.453 10
-0.931 5.746 7.508 10
-0.974 5.753 7.556 10
-1.005 5.767 7.625 10
-1.0 5.779 7.675 10
-0.991 5.796 7.682 10
-0.964 5.832 7.671 10
-0.95 5.861 7.637 10
-0.919 5.906 7.558 10
-0.909 5.923 7.469 10
-0.916 5.92 7.4 10
-0.926 5.896 7.354 10
-0.952 5.856 7.354 10
-0.955 5.837 7.393 10
-0.962 5.808 7.433 10
-0.967 5.801 7.45 10
-0.96 5.798 7.445 10
-0.952 5.793 7.426 10
-0.921 5.791 7.364 10
-0.89 5.781 7.29 10
-0.871 5.767 7.237 10
-0.921 5.724 7.237 20
-0.991 5.688 7.278 10
-1.043 5.659 7.414 10
-1.096 5.631 7.551 10
-1.209 5.607 7.577 10
-1.292 5.595 7.611 10
-1.393 5.583 7.56 10
-1.474 5.6 7.474 10
-1.426 5.64 7.445 10
-1.328 5.722 7.362 10
-1.206 5.801 7.316 10
-1.103 5.851 7.307 10
-0.993 5.865 7.343 10
-0.962 5.762 7.429 10
-0.955 5.662 7.477 10
-0.998 5.535 7.551 10
-1.048 5.444 7.58 10
-1.182 5.408 7.58 10
-1.355 5.379 7.587 10
-1.477 5.377 7.568 10
-1.587 5.403 7.548 10
-1.613 5.439 7.556 10
-1.63 5.463 7.558 10
-1.695 5.461 7.627 10
-1.771 5.43 7.697 10
-1.826 5.396 7.793 10
-1.824 5.377 7.893 10
-1.774 5.384 7.927 10
-1.723 5.406 7.972 10
-1.695 5.43 7.991 10
-1.673 5.442 7.996 10
-1.642 5.456 7.929 10
-1.611 5.456 7.85 10
-1.592 5.463 7.757 10
-1.594 5.473 7.671 10
-1.601 5.477 7.697 10
-1.628 5.473 7.776 10
-1.642 5.461 7.869 10
-1.668 5.434 7.963 10
-1.699 5.41 8.015 10
-1.714 5.384 7.955 10
-1.742 5.358 7.857 10
-1.759 5.346 7.759 10
-1.814 5.336 7.68 10
-1.898 5.329 7.74 10
-1.968 5.322 7.838 10
-1.994 5.3 7.979 10
-1.982 5.276 8.101 10
-1.927 5.26 8.152 10
-1.872 5.257 8.2 10
-1.86 5.269 8.204 10
-1.836 5.319 8.166 10
-1.824 5.372 8.121 10
-1.845 5.406 8.034 10
-1.843 5.458 7.948 10
-1.853 5.473 7.905 16
-1.862 5.477 7.915 4
-1.79 5.511 7.908 10
-1.742 5.525 7.9 10
-1.678 5.549 7.891 10
-1.613 5.583 7.829 10
-1.616 5.612 7.86 10
-1.539 5.681 7.838 10
-1.479 5.741 7.819 10
-1.491 5.925 7.706 10
-1.484 6.09 7.56 10
-1.41 6.062 7.474 10
-0.656 5.896 7.735 10
0.169 5.607 8.09 10
0.634 5.293 8.291 10
0.77 5.207 8.485 10
0.227 5.257 8.331 10
-0.708 5.312 8.219 10
-1.283 5.391 8.259 10
-2.039 5.43 8.348 10
-1.915 5.604 7.582 10
-1.398 5.774 6.775 10
-0.936 5.837 5.968 10
-0.11 5.865 5.114 10
-0.059 5.789 5.413 10
-0.251 5.693 5.858 10
-0.387 5.705 6.303 10
-0.658 5.77 6.849 10
-1.034 5.813 7.103 10
-1.168 5.875 7.211 10
-1.29 5.932 7.323 10
-1.278 5.937 7.335 10
-1.165 5.918 7.302 10
-0.969 5.896 7.23 10
-0.785 5.88 7.153 10
-0.579 5.829 7.065 10
-0.474 5.793 7.015 10
-0.476 5.741 7.036 10
-0.567 5.679 7.134 10
-0.679 5.65 7.244 10
-0.845 5.633 7.4 10
-0.986 5.635 7.522 10
-1.034 5.643 7.56 10
-1.074 5.64 7.594 10
-1.063 5.626 7.582 10
-1.027 5.616 7.601 10
-0.955 5.626 7.675 10
-0.89 5.645 7.754 10
-0.83 5.674 7.829 10
-0.794 5.698 7.872 10
-0.811 5.705 7.848 10
-0.823 5.71 7.802 10
-0.83 5.705 7.762 10
-0.864 5.693 7.699 10
-0.885 5.683 7.656 10
-0.909 5.659 7.611 10
-0.933 5.623 7.565 10
-0.931 5.595 7.541 10
-0.955 5.547 7.548 10
-1.0 5.499 7.611 10
-1.046 5.463 7.673 10
-1.122 5.41 7.721 10
-1.173 5.377 7.738 10
-1.256 5.363 7.675 10
-1.407 5.341 7.618 10
-1.527 5.336 7.575 10
-1.594 5.329 7.615 10
-1.608 5.319 7.704 10
-1.335 5.315 7.86 10
-0.881 5.291 7.936 10
-0.478 5.269 7.929 10
-0.043 5.327 8.001 10
0.169 5.31 8.097 10
0.201 5.312 8.271 10
0.289 5.36 8.432 10
0.344 5.329 8.513 10
0.78 5.691 8.188 10
0.605 5.633 8.295 11
0.373 5.53 8.418 9
0.299 5.554 8.494 11
-0.153 5.262 8.882 9
-0.002 5.281 8.772 11
0.074 5.257 8.544 9
-0.007 5.106 8.362 10
-0.002 4.994 8.305 10
-0.136 4.979 8.204 10
-0.196 5.008 8.221 10
-0.158 5.068 8.283 10
-0.205 5.09 8.221 10
-0.019 5.068 8.216 10
0.256 5.02 8.046 10
0.433 4.941 7.831 10
0.821 4.853 7.544 10
1.12 4.817 7.307 10
1.462 4.778 7.175 10
1.86 4.795 6.947 10
2.047 4.821 6.792 10
2.13 4.723 6.696 10
1.922 4.548 6.773 10
1.659 4.319 6.945 10
1.309 4.11 7.165 10
1.063 4.027 7.326 10
1.029 3.904 7.489 10
0.979 3.909 7.704 10
1.015 3.892 7.872 10
1.089 3.952 7.97 10
1.11 4.156 7.953 10
1.003 4.242 7.91 10
0.766 4.216 7.855 10
0.49 4.113 7.869 10
-0.071 3.94 8.025 10
-0.488 3.758 8.154 10
-0.718 3.584 8.473 10
-0.749 3.28 8.858 10
-0.493 3.045 9.102 10
-0.567 3.035 9.354 10
-0.768 3.078 9.246 10
-1.168 3.251 9.071 10
-1.173 3.215 8.738 10
-0.847 2.954 8.398 10
-1.005 2.959 8.741 10
-0.77 2.779 8.825 12
-0.931 2.808 9.066 8
-1.391 2.956 9.514 10
-1.297 2.892 9.461 10
-1.891 3.095 9.923 10
-2.487 3.344 10.419 10
-2.784 3.473 10.709 10
-3.363 3.521 11.03 10
-3.806 3.797 10.958 10
-4.247 4.027 10.852 10
-4.656 4.101 10.723 10
-4.783 4.256 10.563 10
-4.46 3.866 10.433 10
-4.266 3.706 10.352 10
-4.103 3.701 10.295 10
-4.185 3.823 10.584 10
-4.558 4.18 10.979 10
-4.996 4.639 11.549 10
-5.013 4.79 11.93 10
-4.786 4.814 11.963 10
-4.316 4.704 11.674 10
-3.586 4.41 10.852 10
-3.277 4.424 10.22 10
-2.99 4.604 9.473 10
-2.944 4.917 9.05 10
-2.873 5.125 8.583 10
-3.15 5.343 8.13 10
-3.406 5.396 7.793 10
-3.318 5.537 6.979 10
-3.323 5.635 6.517 10
-3.311 5.76 5.928 10
-3.224 5.844 5.068 10
-3.483 5.839 4.685 10
-3.859 5.71 4.283 10
-4.259 5.578 3.821 10
-4.733 5.487 3.629 10
-5.197 5.207 3.371 10
-5.544 5.051 3.131 10
-5.432 4.762 2.885 10
-5.183 4.383 2.53 10
-4.944 4.194 2.243 10
-4.513 3.993 1.977 10
-4.185 3.892 1.891 10
-3.842 3.928 1.946 11
-3.792 4.036 2.099 9
-3.933 4.156 2.231 10
-4.168 4.486 2.384 10
-4.307 4.888 2.535 10
-4.153 5.219 2.588 10
-3.694 5.671 2.81 10
-3.141 5.913 3.011 10
-2.741 6.081 3.332 10
-2.422 6.327 3.763 10
-2.41 6.452 4.024 10
-2.319 6.833 4.359 10
-2.322 7.168 4.544 10
-2.121 7.582 4.697 10
-1.582 8.054 4.841 10
-1.122 8.269 4.91 10
-0.45 8.568 5.011 10
-0.122 8.628 5.315 10
-0.131 8.631 5.628 10
-0.44 8.626 6.138 10
-0.962 8.537 6.617 10
-1.529 8.415 6.89 10
-2.296 8.082 7.187 10
-2.762 7.757 7.287 10
-3.387 7.089 7.414 10
-3.744 6.536 7.465 10
-4.022 5.968 7.728 10
-4.35 5.492 8.178 10
-4.52 5.358 8.602 11
-4.596 5.339 8.825 9
-4.553 5.544 8.81 10
-4.374 5.609 8.279 10
-4.015 5.449 7.503 10
-3.749 5.173 6.928 11
-3.404 4.831 6.222 9
-3.521 4.639 6.208 10
-3.818 4.673 6.438 11
-4.666 4.92 7.132 10
-5.592 5.233 7.958 9
-6.39 5.509 8.583 10
-7.132 5.549 9.196 10
-7.323 5.377 9.344 10
-7.307 4.97 9.457 10
-7.043 4.501 9.409 10
-6.727 4.149 9.521 10
-6.387 3.744 9.852 10
-6.256 3.574 10.218 10
-6.119 3.411 10.807 10
-6.071 3.289 11.48 10
-6.047 3.22 11.935 10
-5.82 3.186 12.342 20
-5.365 3.16 12.255 10
-4.805 3.306 11.616 10
-4.244 3.452 10.977 10
-3.866 3.73 10.146 10
-3.72 3.993 9.586 10
-3.756 4.204 9.157 10
-3.902 4.41 8.623 10
-4.07 4.448 8.329 10
-4.29 4.501 7.955 10
-4.355 4.592 7.651 10
-4.309 4.687 7.453 12
-4.151 4.898 7.103 8
-3.94 5.094 6.833 10
-3.617 5.37 6.469 10
-3.102 5.695 6.002 10
-2.585 5.93 5.662 20
-2.068 6.165 5.322 10
-1.759 6.224 5.224 10
-1.592 6.33 5.171 10
-1.539 6.411 5.142 10
-1.434 6.648 5.063 10
-1.371 6.928 4.955 10
-1.359 7.113 4.905 10
-1.46 7.192 4.912 10
-1.613 7.115 4.97 10
-1.826 6.866 5.104 10
-2.224 6.409 5.406 10
-2.509 6.057 5.65 10
-3.244 5.566 6.189 10
-4.0 5.099 6.797 12
-4.572 4.841 7.237 8
-4.786 4.398 7.666 10
-4.548 4.094 7.8 10
-3.608 3.871 7.532 10
-2.128 3.675 7.043 10
-1.007 3.663 6.567 10
0.433 3.56 6.112 10
1.292 3.495 5.913 10
1.702 3.275 6.191 10
2.097 2.88 6.715 10
2.171 2.576 7.218 10
2.173 2.202 7.924 10
2.087 1.958 8.374 10
1.948 1.984 8.64 10
1.865 2.219 8.911 10
1.853 2.523 8.978 9
1.96 2.906 9.014 10
2.135 3.193 8.987 11
2.336 3.172 9.016 9
2.463 2.925 9.129 11
2.47 2.6 9.272 10
2.473 2.217 9.421 9
2.451 2.044 9.447 10
2.504 2.097 9.39 11
2.674 2.315 9.22 10
2.849 2.59 9.045 10
3.136 2.796 8.805 9
3.536 2.968 8.497 10
3.818 2.975 8.3 10
4.096 2.87 8.101 11
4.204 2.724 8.03 10
4.232 2.554 8.003 9
4.311 2.489 7.946 11
4.395 2.537 7.891 10
4.45 2.719 7.805 10
4.367 3.004 7.728 10
4.232 3.184 7.682 10
4.039 3.272 7.697 20
3.878 3.098 7.766 10
3.974 2.81 7.764 10
4.07 2.523 7.762 10
4.412 2.348 7.56 10
4.75 2.303 7.335 10
5.025 2.372 7.129 10
5.288 2.482 6.936 10
5.365 2.571 6.88 10
5.288 2.621 6.904 10
5.008 2.533 7.072 10
4.74 2.403 7.228 10
4.503 2.193 7.359 10
4.419 2.02 7.412 10
4.58 1.92 7.34 10
4.855 1.912 7.249 10
5.099 1.987 7.182 10
5.396 2.142 7.098 10
5.564 2.317 7.062 10
5.58 2.324 7.065 10
5.418 2.195 7.18 10
5.202 1.984 7.311 10
4.929 1.747 7.548 10
4.781 1.707 7.73 10
4.812 1.802 7.8 10
4.975 1.968 7.778 10
5.195 2.159 7.651 10
5.403 2.257 7.505 10
5.645 2.303 7.335 10
5.755 2.279 7.256 10
5.87 2.214 7.156 10
5.908 2.121 7.11 10
5.882 2.099 7.18 10
5.784 2.109 7.366 9
5.681 2.159 7.575 10
5.552 2.229 7.867 10
5.453 2.279 8.068 10
5.518 2.255 8.161 11
5.7 2.138 8.166 9
5.908 2.001 8.087 10
6.107 1.759 7.941 10
5.995 1.477 7.793 11
5.765 1.288 7.733 10
5.291 1.019 7.685 9
4.826 0.857 7.704 11
4.383 0.699 7.699 9
3.713 0.663 7.809 10
3.287 0.706 7.908 11
2.688 0.854 8.118 9
2.288 1.082 8.346 10
2.008 1.175 8.473 10
1.604 1.326 8.635 11
1.371 1.371 8.686 9
1.003 1.589 8.868 10
0.519 2.059 9.2 10
0.16 2.47 9.497 10
-0.387 2.992 9.945 10
-0.799 3.342 10.261 11
-0.928 3.447 10.46 9
-0.871 3.593 10.556 10
-0.624 3.629 10.5 10
-0.344 3.658 10.393 11
-0.124 3.691 10.237 10
-0.16 3.576 10.177 9
-0.361 3.411 10.144 11
-0.596 3.253 10.163 10
-1.106 3.145 10.182 10
-1.723 3.145 10.105 10
-2.176 3.196 10.002 10
-2.609 3.284 9.749 10
-2.767 3.323 9.495 10
-2.609 3.406 9.217 10
-2.238 3.514 8.894 10
-1.886 3.584 8.722 10
-1.371 3.643 8.487 10
-0.995 3.658 8.379 10
-0.871 3.572 8.305 10
-0.957 3.653 8.274 10
-1.206 3.744 8.305 10
-1.572 4.108 8.389 10
-1.764 4.548 8.439 10
-1.745 4.821 8.446 10
-1.424 4.963 8.374 10
-0.986 4.831 8.25 10
-0.562 4.541 8.166 10
-0.253 4.106 8.154 10
-0.246 3.801 8.221 10
-0.471 3.452 8.413 10
-0.818 3.26 8.609 10
-1.199 3.277 8.877 10
-1.465 3.323 9.155 10
-1.498 3.414 9.308 10
-1.335 3.502 9.416 10
-0.998 3.457 9.445 10
-0.775 3.383 9.464 10
-0.581 3.213 9.524 10
-0.584 3.045 9.629 10
-0.612 2.846 9.646 10
-0.739 2.628 9.593 10
-0.837 2.506 9.5 10
-1.118 2.363 9.39 10
-1.398 2.322 9.303 10
-1.709 2.279 9.275 10
-2.03 2.245 9.227 10
-2.169 2.233 9.196 10
-2.255 2.185 9.121 10
-2.212 2.159 9.059 10
-2.075 2.049 8.973 10
-1.843 1.932 8.798 10
-1.663 1.85 8.667 10
-1.587 1.915 8.583 10
-1.764 2.2 8.662 10
-2.037 2.492 8.829 10
-2.358 2.937 9.085 10
-2.576 3.236 9.294 10
-2.616 3.462 9.548 10
-2.789 3.643 10.242 10
-2.913 3.672 10.848 10
-3.184 3.509 11.7 10
-3.462 3.275 12.387 10
-3.354 2.896 12.435 10
-2.899 2.255 12.119 10
-2.298 1.805 11.556 10
-1.489 1.029 10.752 10
-0.998 0.129 10.117 10
-0.854 -0.507 9.847 10
-0.823 -1.221 9.512 10
-1.0 -1.608 9.418 10
-1.094 -1.611 9.155 10
-1.18 -1.582 8.762 10
-1.154 -1.477 8.434 10
-1.297 -1.515 8.236 10
-1.46 -1.628 8.236 10
-1.735 -1.996 8.544 10
-2.003 -2.439 8.774 10
-2.102 -2.738 8.875 10
-2.121 -2.865 8.726 10
-1.857 -2.547 8.145 10
-1.601 -2.154 7.642 10
-1.197 -1.647 6.995 10
-0.871 -1.312 6.598 10
-0.66 -1.151 6.469 10
-0.533 -0.948 6.476 10
-0.555 -0.859 6.627 10
-0.737 -0.761 6.969 10
-0.981 -0.708 7.297 10
-1.168 -0.629 7.592 10
-1.237 -0.421 7.936 10
-1.146 -0.222 8.09 10
-0.945 0.047 8.228 10
-0.658 0.328 8.281 10
-0.488 0.478 8.283 10
-0.344 0.763 8.41 10
-0.311 0.976 8.552 10
-0.476 1.221 8.827 10
-0.773 1.558 9.244 10
-1.043 1.762 9.536 10
-1.458 2.006 9.981 10
-1.733 2.14 10.275 10
-1.975 2.159 10.57 10
-2.252 2.135 11.025 10
-2.387 2.07 11.326 11
-2.647 1.874 11.774 9
-2.825 1.575 12.107 10
-2.966 1.319 12.279 10
-2.904 1.055 12.327 10
-2.715 0.924 12.229 10
-2.355 1.082 11.971 10
-2.032 1.276 11.638 10
-1.912 1.477 11.429 10
-1.958 1.355 11.281 10
-2.159 1.067 11.267 10
-2.741 0.306 11.578 10
-3.517 -0.778 11.959 10
-4.127 -1.539 12.279 10
-4.527 -2.42 12.296 10
-4.218 -2.82 11.671 10
-3.715 -2.896 10.977 10
-3.076 -2.92 10.014 10
-2.647 -2.825 9.356 10
-2.535 -2.772 9.016 10
-2.817 -2.875 8.927 10
-3.236 -3.031 9.107 10
-4.055 -3.356 9.581 10
-4.85 -3.682 10.127 10
-5.267 -3.933 10.479 10
-5.327 -4.122 10.62 10
-4.987 -4.141 10.467 10
-4.232 -4.005 10.05 10
-3.462 -3.787 9.576 10
-2.698 -3.476 9.076 10
-1.738 -2.98 8.377 10
-1.192 -2.64 7.941 10
-0.61 -2.149 7.436 10
-0.612 -1.798 7.338 10
-0.811 -1.63 7.438 10
-1.307 -1.568 7.709 12
-1.838 -1.656 8.049 8
-2.224 -1.75 8.279 10
-2.557 -1.793 8.444 10
-2.592 -1.731 8.439 10
-2.487 -1.616 8.312 11
-2.293 -1.513 8.125 9
-2.018 -1.422 7.924 10
-1.886 -1.41 7.833 10
-1.896 -1.45 7.864 10
-2.142 -1.592 8.051 10
-2.59 -1.788 8.374 10
-2.894 -1.905 8.588 10
-3.09 -2.061 8.753 10
-3.05 -2.116 8.762 10
-2.717 -2.195 8.631 10
-2.286 -2.26 8.456 10
-1.963 -2.286 8.329 10
-1.726 -2.3 8.257 10
-1.714 -2.274 8.269 10
-1.877 -2.245 8.413 10
-2.154 -2.279 8.705 14
-2.346 -2.324 8.942 6
-2.741 -2.545 9.742 30
-2.971 -2.497 10.546 10
-3.086 -2.387 11.202 10
-3.112 -2.154 11.973 10
-2.719 -1.857 12.196 10
-2.415 -1.845 12.325 12
-1.819 -1.968 12.531 9
-1.312 -2.212 12.622 8
-0.962 -2.564 12.823 10
-0.61 -3.157 13.041 11
-0.55 -3.617 13.182 9
-0.579 -4.271 13.184 10
-0.787 -4.742 12.935 11
-0.998 -4.972 12.67 10
-1.398 -5.226 12.385 9
-1.709 -5.286 12.239 10
-1.996 -5.348 12.227 11
-2.284 -5.41 12.215 10
-2.382 -5.449 12.222 9
-1.982 -3.028 11.439 11
-1.501 -0.617 10.63 10
-0.967 1.793 9.768 10
-0.342 3.268 7.393 10
-0.215 2.284 5.808 10
-0.069 2.41 5.872 10
0.023 2.537 5.99 10
0.079 3.509 7.481 12
0.107 4.484 9.021 8
0.134 4.395 8.93 10
0.129 4.307 8.853 10
0.071 4.309 8.916 10
0.014 4.319 8.913 10
-0.069 4.304 8.911 10
-0.122 4.29 8.894 10
-0.284 4.297 8.908 10
-0.44 4.268 8.937 10
-0.569 4.264 8.966 10
-0.691 4.242 8.987 10
-0.703 4.199 8.978 10
-0.72 4.18 8.951 10
-0.773 4.161 8.925 10
-0.833 4.158 8.906 10
-0.835 4.187 8.827 11
-0.814 4.218 8.767 9
-0.658 4.271 8.623 10
-0.488 4.381 8.463 10
-0.375 4.46 8.362 10
-0.356 4.613 8.295 10
-0.505 4.807 8.353 10
-0.667 4.944 8.427 10
-0.847 5.054 8.513 10
-0.933 5.09 8.566 10
-0.96 4.994 8.573 10
-1.01 4.833 8.611 10
-1.043 4.699 8.638 10
-1.113 4.575 8.707 10
-1.173 4.52 8.781 10
-1.216 4.594 8.839 10
-1.266 4.695 8.899 10
-1.28 4.786 8.916 10
-1.285 4.821 8.932 10
-1.249 4.714 8.896 10
-1.206 4.58 8.858 9
-1.127 4.446 8.777 10
-1.058 4.367 8.695 10
-1.027 4.355 8.645 10
-1.055 4.386 8.609 10
-1.12 4.417 8.616 10
-1.182 4.505 8.609 10
-1.24 4.606 8.609 10
-1.177 4.668 8.564 10
-1.091 4.721 8.475 11
-1.007 4.716 8.401 9
-0.909 4.678 8.269 10
-0.909 4.613 8.161 10
-0.933 4.558 8.097 10
-1.007 4.534 8.061 10
-1.096 4.544 8.082 10
-1.161 4.56 8.149 10
-1.223 4.568 8.238 10
-1.235 4.544 8.298 10
-1.233 4.484 8.362 11
-1.216 4.438 8.389 10
-1.209 4.381 8.377 10
-1.221 4.297 8.348 10
-1.247 4.249 8.315 10
-1.367 4.261 8.319 10
-1.539 4.35 8.346 10
-1.692 4.465 8.389 10
-1.79 4.592 8.408 10
-1.795 4.659 8.389 10
-1.678 4.637 8.35 10
-1.561 4.604 8.317 10
-1.498 4.558 8.307 10
-1.489 4.556 8.319 10
-1.541 4.587 8.346 10
-1.707 4.695 8.406 10
-1.874 4.809 8.494 10
-1.989 4.881 8.561 10
-2.063 4.905 8.602 10
-2.011 4.824 8.585 10
-1.956 4.735 8.54 10
-1.903 4.627 8.47 10
-1.891 4.568 8.427 10
-1.965 4.587 8.386 10
-2.104 4.673 8.355 10
-2.24 4.778 8.348 10
-2.365 4.898 8.358 10
-2.418 4.979 8.384 10
-2.382 4.989 8.394 10
-2.329 4.963 8.379 10
-2.288 4.922 8.348 10
-2.236 4.853 8.303 10
-2.233 4.809 8.267 10
-2.248 4.802 8.255 10
-2.286 4.805 8.238 10
-2.336 4.836 8.236 10
-2.339 4.821 8.226 10
-2.305 4.757 8.216 10
-2.248 4.683 8.212 10
-2.193 4.572 8.221 10
-2.159 4.486 8.236 10
-2.173 4.443 8.243 10
-2.217 4.41 8.25 10
-2.257 4.412 8.243 10
-2.329 4.41 8.252 10
-2.358 4.419 8.279 10
-2.358 4.419 8.305 10
-2.312 4.417 8.319 10
-2.236 4.419 8.317 10
-2.181 4.422 8.286 10
-2.159 4.46 8.276 10
-2.183 4.501 8.279 10
-2.267 4.568 8.283 10
-2.36 4.63 8.307 10
-2.387 4.647 8.305 10
-2.391 4.661 8.322 10
-2.336 4.649 8.336 10
-2.262 4.632 8.322 10
-2.221 4.625 8.312 10
-2.205 4.675 8.262 10
-2.236 4.766 8.221 10
-2.286 4.862 8.209 10
-2.346 4.915 8.231 10
-2.528 4.802 8.35 10
-2.662 4.649 8.461 10
-2.703 4.553 8.528 10
-2.734 4.501 8.561 10
-2.501 4.446 8.516 10
-2.327 4.484 8.408 10
-2.245 4.465 8.343 10
-2.14 4.412 8.305 10
-2.173 4.472 8.269 10
-2.209 4.467 8.331 10
-2.238 4.486 8.398 10
-2.291 4.539 8.439 10
-2.43 4.601 8.429 10
-2.358 4.635 8.262 10
-2.293 4.644 8.09 10
-2.202 4.625 7.936 10
-2.025 4.596 7.833 10
-2.044 4.611 7.912 11
-2.145 4.608 8.046 9
-2.272 4.635 8.161 10
-2.434 4.663 8.286 10
-2.552 4.649 8.35 10
-2.53 4.63 8.336 10
-2.439 4.58 8.295 10
-2.312 4.527 8.245 10
-2.164 4.517 8.188 10
-2.092 4.563 8.161 10
-2.09 4.639 8.161 10
-2.126 4.716 8.207 10
-2.183 4.75 8.259 10
-2.2 4.709 8.322 10
-2.195 4.613 8.401 10
-2.152 4.517 8.434 10
-2.097 4.434 8.389 10
-2.063 4.39 8.327 10
-2.025 4.474 8.19 10
-2.018 4.589 8.08 10
-2.023 4.692 8.049 10
-2.011 4.79 8.063 10
-1.996 4.807 8.133 10
-1.951 4.793 8.176 10
-1.872 4.728 8.214 10
-1.726 4.639 8.197 12
-1.608 4.56 8.183 8
-1.482 4.534 8.19 10
-1.388 4.558 8.202 10
-1.441 4.697 8.25 10
-1.493 4.836 8.298 10
-1.623 4.987 8.31 10
-1.766 5.061 8.36 10
-1.848 5.049 8.384 10
-1.865 4.982 8.37 10
-1.766 4.819 8.37 10
-1.654 4.733 8.331 10
-1.637 4.659 8.319 10
-1.685 4.639 8.346 10
-1.841 4.661 8.379 10
-2.068 4.702 8.446 10
-2.2 4.73 8.487 10
-2.367 4.771 8.544 10
-2.475 4.802 8.595 10
-2.487 4.809 8.568 10
-2.41 4.793 8.48 10
-2.298 4.764 8.374 10
-2.138 4.735 8.243 10
-2.001 4.711 8.154 10
-1.956 4.714 8.123 10
-2.583 4.807 8.614 10
-3.258 4.9 9.131 10
-2.832 5.082 8.681 10
-2.619 5.054 8.652 10
-1.733 4.934 8.101 10
-0.857 4.865 7.56 10
-1.082 4.707 7.987 10
-1.096 4.728 7.975 10
-1.309 4.762 7.999 10
-1.513 4.745 8.013 10
-1.752 4.766 8.02 10
-1.987 4.817 8.049 10
-1.982 4.867 8.066 10
-1.922 4.865 8.104 13
-1.826 4.824 8.149 7
-1.754 4.75 8.183 10
-1.747 4.644 8.173 10
-1.795 4.592 8.142 10
-1.838 4.558 8.111 10
-1.857 4.558 8.092 10
-1.795 4.604 8.099 10
-1.659 4.649 8.085 10
-1.527 4.675 8.07 10
-1.343 4.73 8.056 10
-1.216 4.759 8.034 10
-1.209 4.812 8.063 10
-1.242 4.829 8.133 10
-1.328 4.817 8.202 10
-1.443 4.797 8.312 10
-1.474 4.764 8.365 10
-1.465 4.766 8.377 10
-1.429 4.771 8.372 10
-1.364 4.783 8.327 10
-1.328 4.776 8.312 10
-1.323 4.762 8.312 10
-1.345 4.745 8.329 10
-1.414 4.747 8.362 10
-1.493 4.759 8.394 10
-1.551 4.774 8.415 10
-1.568 4.757 8.439 10
-1.537 4.721 8.446 10
-1.493 4.673 8.434 10
-1.429 4.63 8.384 10
-1.405 4.618 8.331 10
-1.405 4.608 8.279 10
-1.417 4.611 8.245 10
-1.465 4.639 8.243 10