# Accelerometer Data File
# Started @Tue Mar 30 14:54:11 GMT+01:00 2021
#
#
# sensor Vendor: Bosch
# sensor Name: BMA254
# sensor Resolution: 0.009576807m/sec^2; Max Range: 39.2; Min Delay: 10000 microseconds
# The sensor's attributes are the result hardware and the Android capabilities.
# It means that the Android may not utilize all features provided by the hardware.
#
# Some devices and Android versions save battery too much so the device may go to sleep.
# It just happens after couple of minutes from turning off the scree and it is easy to find it out.
#
# The following file provides the data from accelerometer in the m/s^2 format.
# The diff value is just a time delta between the samples
#
#
# data format:
# so we have 4 columns with values separated by the " "
# X Y Z time_from_previous_sample(ms)

# sensor speed set to:FASTEST
# units set to: m/sec^2
# gravity NOT filtered out
# Accuracy: HIGH
0.464 -10.445 0.675 10
-0.452 -11.303 1.611 10
-0.428 -11.757 1.932 10
-0.347 -12.279 2.288 10
-0.047 -12.785 2.485 10
-0.102 -12.696 2.545 10
-0.196 -12.421 2.64 10
-0.347 -12.078 2.7 10
-0.481 -11.619 2.786 10
-0.502 -11.314 2.849 10
-0.404 -11.142 2.786 10
-0.265 -10.986 2.636 10
-0.143 -10.948 2.458 10
-0.026 -11.008 2.25 10
-0.067 -11.307 2.078 15
-0.148 -11.59 1.994 5
-0.244 -11.882 1.841 10
-0.335 -12.076 1.719 10
-0.337 -11.99 1.565 10
-0.414 -11.798 1.309 10
-0.476 -11.597 1.122 10
-0.689 -11.317 0.897 10
-0.914 -11.133 0.756 10
-1.264 -11.025 0.79 10
-1.898 -10.955 0.972 10
-2.382 -10.965 1.192 10
-3.167 -10.922 1.551 10
-4.077 -10.771 1.941 10
-4.702 -10.582 2.183 10
-5.571 -10.309 2.501 10
-6.138 -10.089 2.681 10
-6.457 -9.995 2.76 10
-6.782 -9.873 2.758 10
-6.864 -9.835 2.679 10
-6.962 -9.643 2.42 9
-6.986 -9.461 2.159 11
-7.053 -9.133 1.855 10
-7.266 -8.719 1.532 10
-7.462 -8.458 1.388 10
-7.836 -8.14 1.249 10
-8.183 -7.915 1.237 10
-8.384 -7.776 1.244 11
-8.525 -7.534 1.216 9
-8.489 -7.35 1.182 10
-8.36 -7.12 1.005 10
-8.188 -6.816 0.718 10
-8.075 -6.615 0.466 10
-8.056 -6.447 0.299 10
-8.106 -6.406 0.272 10
-8.319 -6.414 0.447 10
-8.439 -6.349 0.596 10
-8.465 -6.251 0.66 10
-8.276 -6.069 0.684 10
-7.967 -5.913 0.617 10
-7.62 -5.779 0.445 10
-7.223 -5.693 0.191 10
-7.041 -5.691 -0.021 10
-6.761 -5.741 -0.287 10
-6.55 -5.81 -0.476 10
-6.39 -5.832 -0.584 10
-6.189 -5.815 -0.696 10
-6.086 -5.746 -0.756 10
-5.971 -5.705 -0.773 10
-5.887 -5.705 -0.761 10
-5.844 -5.743 -0.744 10
-5.93 -5.872 -0.696 10
-6.098 -6.119 -0.682 10
-6.234 -6.325 -0.696 10
-6.27 -6.605 -0.806 10
-6.177 -6.794 -0.948 10
-6.026 -6.924 -1.077 10
-5.887 -7.122 -1.144 10
-5.849 -7.247 -1.115 10
-5.88 -7.489 -0.962 10
-5.961 -7.675 -0.775 10
-6.117 -7.922 -0.505 10
-6.337 -8.286 -0.117 10
-6.488 -8.532 0.146 10
-6.619 -8.887 0.478 10
-6.665 -9.112 0.665 10
-6.569 -9.217 0.785 10
-6.411 -9.282 0.976 10
-6.272 -9.239 1.098 10
-6.131 -9.2 1.319 10
-6.086 -9.241 1.594 10
-6.057 -9.361 1.826 16
-6.028 -9.481 2.059 4
-6.002 -9.595 2.193 10
-5.894 -9.622 2.205 10
-5.705 -9.56 2.087 10
-5.516 -9.497 1.97 10
-5.353 -9.368 1.912 10
-5.252 -9.251 1.872 10
-5.425 -9.09 2.135 10
-5.616 -8.834 2.468 10
-5.781 -8.645 2.741 10
-5.925 -8.367 2.995 10
-5.884 -8.094 3.011 10
-5.825 -7.917 2.959 10
-5.736 -7.68 2.82 10
-5.669 -7.532 2.7 10
-5.765 -7.429 2.545 10
-6.062 -7.287 2.492 9
-6.387 -7.206 2.525 11
-6.758 -7.058 2.612 10
-7.005 -6.952 2.767 9
-7.007 -6.811 2.76 11
-6.95 -6.617 2.683 10
-6.847 -6.49 2.554 9
-6.71 -6.339 2.377 11
-6.653 -6.313 2.255 9
-6.655 -6.339 2.202 11
-6.698 -6.459 2.114 10
-6.775 -6.603 2.073 10
-6.866 -6.789 2.006 10
-7.01 -7.029 1.958 10
-7.113 -7.175 1.946 10
-7.244 -7.414 1.984 10
-7.326 -7.56 2.054 10
-7.335 -7.841 2.159 10
-7.268 -8.298 2.207 10
-7.173 -8.662 2.205 10
-6.962 -9.112 2.08 10
-6.653 -9.358 1.807 10
-6.421 -9.428 1.592 10
-6.064 -9.435 1.29 10
-5.822 -9.356 1.11 10
-5.623 -9.217 0.988 10
-5.437 -9.03 0.95 10
-5.374 -8.906 0.998 10
-5.341 -8.786 1.096 10
-5.382 -8.743 1.23 10
-5.394 -8.674 1.271 10
-5.394 -8.499 1.319 10
-5.365 -8.319 1.316 10
-5.374 -8.042 1.426 10
-5.401 -7.838 1.546 10
-5.425 -7.699 1.733 10
-5.396 -7.58 1.951 10
-5.329 -7.558 2.056 11
-5.24 -7.52 2.157 11
-5.135 -7.522 2.126 8
-5.082 -7.505 2.063 10
-5.025 -7.438 1.948 10
-4.989 -7.388 1.838 10
-5.018 -7.29 1.841 10
-5.109 -7.17 1.951 10
-5.204 -7.101 2.114 10
-5.343 -7.077 2.343 10
-5.449 -7.101 2.518 10
-5.473 -7.218 2.633 10
-5.47 -7.378 2.715 10
-5.451 -7.513 2.719 15
-5.432 -7.647 2.724 5
-5.458 -7.766 2.712 10
-5.511 -7.843 2.734 10
-5.525 -7.922 2.758 10
-5.54 -8.001 2.782 10
-5.499 -8.068 2.772 10
-5.492 -8.209 2.801 10
-5.497 -8.329 2.837 10
-5.571 -8.523 2.944 10
-5.674 -8.671 3.055 10
-5.803 -8.781 3.203 10
-6.011 -8.899 3.476 10
-6.15 -8.942 3.677 10
-6.27 -9.002 3.945 10
-6.251 -9.071 4.182 10
-6.153 -9.133 4.295 10
-5.951 -9.208 4.419 10
-5.77 -9.265 4.477 10
-5.585 -9.246 4.51 10
-5.324 -9.241 4.623 10
-5.166 -9.224 4.723 10
-4.893 -9.215 4.843 10
-4.702 -9.236 4.941 10
-4.419 -9.239 4.872 10
-4.005 -9.251 4.678 10
-3.706 -9.255 4.465 10
-3.356 -9.311 4.213 10
-3.198 -9.43 4.029 10
-3.172 -9.54 3.969 10
-3.088 -9.653 3.835 11
-3.055 -9.715 3.739 9
-3.002 -9.67 3.634 10
-3.014 -9.576 3.55 10
-3.083 -9.481 3.541 10
-3.236 -9.356 3.55 10
-3.385 -9.279 3.591 10
-3.581 -9.26 3.684 10
-3.892 -9.282 3.857 10
-4.12 -9.332 4.01 10
-4.434 -9.402 4.22 10
-4.697 -9.516 4.376 10
-4.845 -9.591 4.453 10
-5.03 -9.746 4.532 10
-5.128 -9.883 4.553 10
-5.202 -10.036 4.546 10
-5.26 -10.242 4.52 10
-5.281 -10.366 4.491 10
-5.204 -10.496 4.431 10
-5.09 -10.553 4.381 10
-4.881 -10.536 4.299 10
-4.608 -10.465 4.17 10
-4.434 -10.388 4.072 10
-4.218 -10.182 3.964 20
-4.113 -9.998 3.907 10
-4.053 -9.792 3.902 10
-3.993 -9.586 3.897 10
-3.95 -9.449 3.89 10
-3.869 -9.272 3.859 10
-3.806 -9.172 3.823 10
-3.677 -8.978 3.756 10
-3.572 -8.844 3.701 10
-3.406 -8.592 3.691 10
-3.196 -8.166 3.821 10
-3.052 -7.833 3.981 10
-3.016 -7.393 4.367 10
-3.078 -7.11 4.73 10
-3.373 -6.873 5.233 10
-3.881 -6.572 6.035 10
-4.28 -6.378 6.612 10
-4.79 -6.09 7.335 15
-5.08 -5.698 7.776 5
-5.157 -5.37 7.917 10
-5.13 -4.869 7.975 10
-4.994 -4.462 7.886 10
-4.733 -4.218 7.685 10
-4.343 -3.998 7.39 10
-4.055 -3.95 7.18 10
-3.77 -3.904 6.916 10
-3.643 -3.931 6.77 10
-3.782 -3.876 6.763 10
-4.139 -3.813 6.813 10
-4.493 -3.749 6.916 10
-5.044 -3.732 7.058 10
-5.621 -3.754 7.199 10
-5.98 -3.782 7.283 10
-6.418 -3.725 7.39 10
-6.66 -3.62 7.46 10
-6.773 -3.45 7.46 10
-6.902 -3.222 7.407 10
-6.952 -3.081 7.331 10
-7.005 -2.904 7.208 10
-7.024 -2.81 7.11 10
-7.043 -2.755 7.122 10
-7.072 -2.616 7.228 10
-7.098 -2.513 7.378 9
-7.125 -2.281 7.603 11
-7.163 -2.039 7.809 9
-7.192 -1.881 7.922 11
-7.254 -1.723 8.02 9
-7.316 -1.695 8.044 10
-7.381 -1.683 8.054 11
-7.462 -1.628 8.097 10
-7.51 -1.572 8.154 10
-7.556 -1.393 8.267 9
-7.57 -1.225 8.355 11
-7.613 -1.003 8.434 9
-7.738 -0.885 8.547 11
-7.864 -0.893 8.604 10
-8.099 -1.024 8.736 10
-8.315 -1.331 8.925 10
-8.449 -1.532 9.081 9
-8.535 -1.762 9.258 10
-8.513 -1.867 9.361 11
-8.331 -1.807 9.356 9
-8.133 -1.711 9.469 12
-7.982 -1.587 9.56 9
-7.975 -1.513 9.883 10
-8.101 -1.527 10.232 10
-7.603 -1.695 10.158 10
-6.224 -1.719 9.734 10
-4.702 -1.692 9.078 10
-3.658 -1.599 8.678 10
-3.713 -1.491 8.939 10
-4.649 -1.527 9.55 10
-5.71 -1.544 10.213 10
-6.291 -1.628 10.62 10
-6.473 -1.57 10.69 10
-6.545 -1.551 10.721 10
-6.493 -1.551 10.699 10
-6.172 -1.606 10.579 10
-5.793 -1.699 10.443 10
-5.209 -1.709 10.268 10
-4.448 -1.656 10.108 10
-3.955 -1.549 10.046 10
-3.371 -1.455 10.144 10
-3.102 -1.407 10.319 10
-2.908 -1.448 10.548 15
-2.53 -1.534 10.704 5
-2.243 -1.606 10.699 10
-1.668 -1.675 10.508 10
-0.993 -1.695 10.091 10
-0.502 -1.668 9.749 10
0.117 -1.594 9.318 10
0.45 -1.522 9.074 10
0.581 -1.525 9.021 10
0.727 -1.668 8.968 11
0.744 -1.86 9.004 9
0.828 -2.135 8.963 10
0.909 -2.36 8.887 10
1.051 -2.372 8.702 10
1.247 -2.303 8.415 10
1.376 -2.149 8.204 10
1.601 -1.929 7.903 10
1.817 -1.771 7.635 10
1.977 -1.695 7.469 10
2.173 -1.628 7.24 10
2.274 -1.628 7.101 10
2.286 -1.575 7.048 10
2.264 -1.383 7.01 10
2.207 -1.182 7.036 10
2.154 -0.866 7.079 10
2.126 -0.612 7.11 10
2.149 -0.387 7.151 10
2.197 -0.064 7.218 10
2.24 0.143 7.268 10
2.365 0.435 7.331 10
2.595 0.708 7.354 10
2.801 0.883 7.352 10
3.076 1.197 7.352 10
3.27 1.426 7.34 10
3.375 1.695 7.376 10
3.541 1.956 7.457 10
3.636 2.078 7.536 10
3.744 2.08 7.706 10
3.816 1.953 7.843 10
3.799 1.795 8.013 10
3.732 1.649 8.233 10
3.653 1.623 8.362 10
3.574 1.589 8.485 10
3.596 1.565 8.477 10
3.667 1.529 8.42 10
3.799 1.501 8.291 10
3.931 1.479 8.169 10
3.95 1.51 8.092 10
3.857 1.517 8.116 10
3.703 1.517 8.212 10
3.466 1.453 8.439 10
3.27 1.364 8.671 10
3.112 1.235 8.925 10
2.975 1.12 9.2 10
2.923 1.07 9.344 10
2.968 1.058 9.406 10
3.179 1.101 9.229 10
3.368 1.13 9.03 10
3.524 1.118 8.844 10
3.581 1.067 8.738 10
3.368 0.991 8.882 10
3.021 0.811 9.148 10
2.707 0.672 9.402 10
2.442 0.442 9.679 10
2.355 0.248 9.825 10
2.533 0.055 9.763 10
2.834 -0.141 9.567 10
3.088 -0.246 9.346 10
3.366 -0.237 9.047 10
3.514 -0.124 8.834 10
3.579 0.057 8.678 10
3.552 0.311 8.54 13
3.502 0.45 8.48 7
3.371 0.596 8.418 10
3.169 0.682 8.437 10
3.059 0.696 8.439 10
2.94 0.746 8.449 10
2.901 0.79 8.461 10
2.865 0.857 8.547 20
2.829 0.924 8.633 10
2.827 0.919 8.69 20
2.861 0.907 8.705 10
2.918 0.919 8.643 10
2.975 0.931 8.58 10
2.964 0.938 8.532 10
2.808 0.878 8.619 10
2.655 0.763 8.702 10
2.48 0.648 8.817 10
2.351 0.574 8.939 10
2.437 0.641 8.927 10
2.59 0.811 8.894 10
2.765 0.981 8.829 10
2.964 1.223 8.734 10
3.055 1.398 8.681 10
3.076 1.472 8.643 12
3.062 1.575 8.659 8
3.023 1.606 8.707 10
2.997 1.635 8.813 10
3.038 1.599 8.954 10
3.114 1.534 9.04 10
3.227 1.426 9.174 10
3.327 1.321 9.251 10
3.397 1.216 9.313 10
3.485 1.113 9.399 10
3.538 1.053 9.437 10
3.615 0.993 9.502 10
3.658 0.995 9.552 10
3.785 0.883 9.567 10
4.304 0.847 9.167 10
4.8 0.811 8.741 10
5.118 0.744 8.355 10
4.774 0.761 8.307 10
4.036 0.701 8.674 10
3.256 0.658 9.057 10
2.652 0.646 9.399 10
2.707 0.758 9.311 10
2.844 0.962 9.16 10
3.023 1.149 8.992 10
3.306 1.302 8.743 10
3.49 1.359 8.599 10
3.579 1.352 8.427 10
3.62 1.398 8.173 10
3.557 1.477 8.001 9
3.459 1.651 7.785 11
3.375 1.8 7.661 10
3.268 1.972 7.682 9
3.189 2.2 7.745 11
3.145 2.331 7.85 10
3.191 2.489 7.946 10
3.292 2.566 8.001 10
3.363 2.588 8.015 9
3.426 2.59 8.07 11
3.399 2.566 8.135 9
3.378 2.54 8.248 11
3.335 2.477 8.456 10
3.301 2.434 8.623 9
3.265 2.348 8.868 14
3.241 2.269 9.04 6
3.258 2.185 9.141 10
3.272 2.099 9.248 11
3.289 2.056 9.279 10
3.308 1.996 9.325 10
3.294 2.001 9.39 9
3.282 2.008 9.447 11
3.306 2.023 9.478 10
3.327 2.054 9.495 9
3.411 2.09 9.399 11
3.416 2.173 9.294 10
3.385 2.25 9.215 9
3.368 2.343 9.1 11
3.303 2.408 9.054 10
3.325 2.446 9.018 10
3.315 2.513 9.009 10
3.292 2.564 9.035 9
3.198 2.597 9.009 11
3.083 2.619 8.899 10
2.999 2.612 8.762 10
2.949 2.58 8.595 10
2.968 2.566 8.48 9
3.069 2.47 8.48 11
3.21 2.343 8.561 10
3.318 2.24 8.674 9
3.416 2.056 8.786 10
3.447 1.944 8.868 11
3.38 1.821 8.889 10
3.234 1.824 8.868 10
3.098 1.908 8.846 9
2.992 1.944 8.75 10
3.031 1.977 8.631 11
3.148 1.886 8.554 10
3.301 1.857 8.518 9
3.423 1.877 8.556 10
3.423 1.991 8.602 11
3.414 1.98 8.58 9
3.368 1.905 8.518 11
3.313 2.027 8.406 10
3.294 2.097 8.288 9
3.215 2.408 8.236 11
3.227 2.609 8.159 9
3.248 2.614 8.133 11
3.289 2.535 8.192 10
3.428 2.288 8.303 10
3.476 2.152 8.437 10
3.471 2.082 8.528 10
3.447 2.097 8.532 10
3.268 2.197 8.451 10
3.136 2.202 8.305 10
3.057 2.14 8.202 10
2.999 2.037 8.118 10
3.069 1.9 8.073 10
3.11 1.872 8.202 10
3.181 1.843 8.389 10
3.232 1.855 8.556 10
3.251 1.896 8.726 10
3.213 1.98 8.746 10
3.143 2.063 8.707 10
3.122 2.128 8.607 10
3.131 2.164 8.504 10
3.193 2.169 8.449 10
3.256 2.164 8.425 10
3.27 2.178 8.463 10
3.294 2.221 8.518 10
3.303 2.24 8.566 10
3.301 2.274 8.592 10
3.294 2.264 8.604 10
3.277 2.226 8.599 10
3.27 2.193 8.599 10
3.268 2.161 8.626 15
3.27 2.173 8.667 5
3.275 2.14 8.717 10
3.27 2.102 8.762 10
3.236 2.025 8.69 10
3.198 2.114 8.511 20
3.234 2.066 8.334 10
3.27 2.018 8.157 10
3.323 2.023 8.09 10
3.584 1.941 8.013 10
3.768 2.042 7.924 10
3.902 2.149 7.864 10
4.055 2.236 7.776 10
3.861 2.231 8.063 10
3.466 2.243 8.631 10
3.122 2.248 9.169 10
2.691 2.262 9.761 10
2.679 2.305 9.842 10
2.868 2.331 9.643 10
3.224 2.284 9.22 10
3.667 2.226 8.743 10
3.847 2.042 8.566 10
3.835 1.86 8.638 10
3.655 1.752 8.935 10
3.643 1.908 9.052 10
3.62 2.173 9.121 10
3.876 2.351 8.813 10
4.07 2.468 8.429 10
4.096 2.322 8.226 10
4.213 2.197 8.07 10
4.07 2.094 8.188 10
3.988 2.051 8.379 10
3.79 1.968 8.635 10
3.5 1.862 8.844 10
3.392 1.833 8.832 10
3.33 1.86 8.76 10
3.385 1.927 8.623 10
3.45 1.999 8.473 10
3.505 2.059 8.398 10
3.442 2.061 8.437 10
3.327 2.051 8.518 10
3.203 2.037 8.614 10
3.059 2.015 8.698 10
2.999 2.013 8.75 10
2.992 2.023 8.76 10
3.035 2.047 8.746 10
3.098 2.078 8.743 10
3.198 2.082 8.693 10
3.363 2.078 8.602 10
3.478 2.059 8.535 10
3.648 2.059 8.434 10
3.768 2.068 8.36 10
3.852 2.109 8.31 10
3.943 2.118 8.267 10
3.979 2.109 8.257 10
3.991 2.049 8.257 10
3.974 1.968 8.274 10
3.962 1.924 8.269 10
3.974 1.922 8.236 10
4.01 1.97 8.192 10
4.05 2.051 8.142 10
4.046 2.121 8.137 11
4.017 2.149 8.161 9
3.955 2.147 8.204 10
3.888 2.111 8.255 10
3.849 2.059 8.298 10
3.823 2.001 8.343 15
3.83 1.975 8.37 5
3.859 1.956 8.367 10
3.892 1.958 8.341 10
3.931 1.996 8.305 10
3.993 2.054 8.279 10
4.034 2.104 8.281 10
4.091 2.161 8.298 10
4.127 2.164 8.339 10
4.139 2.147 8.37 10
4.156 2.135 8.394 10
4.156 2.116 8.403 10
4.182 2.133 8.384 10
4.22 2.161 8.362 10
4.254 2.185 8.348 10
4.299 2.193 8.327 10
4.323 2.188 8.317 10
4.338 2.138 8.283 10
4.338 2.047 8.224 10
4.326 1.972 8.171 10
4.333 1.881 8.08 10
4.343 1.821 7.987 10
4.367 1.802 7.92 10
4.376 1.776 7.864 10
4.367 1.766 7.848 10
4.338 1.776 7.891 10
4.29 1.79 7.965 10
4.256 1.812 8.027 10
4.209 1.831 8.097 10
4.175 1.833 8.135 10
4.177 1.826 8.137 10
4.187 1.805 8.123 10
4.211 1.786 8.101 10
4.259 1.781 8.063 10
4.283 1.807 8.051 10
4.299 1.848 8.056 10
4.326 1.879 8.046 10
4.328 1.896 8.054 10
4.39 1.874 7.987 10
4.486 1.881 7.9 10
4.572 1.898 7.829 10
4.608 1.927 7.764 10
4.592 1.968 7.752 10
4.577 2.02 7.79 10
4.51 1.9 7.867 10
4.493 1.769 7.936 10
4.458 1.637 7.948 10
4.376 1.613 7.862 10
4.347 1.762 7.738 10
4.249 1.891 7.682 11
4.17 2.02 7.685 9
4.062 1.896 7.833 10
3.897 1.671 8.087 10
3.801 1.465 8.271 10
3.746 1.302 8.501 10
3.73 1.244 8.652 10
3.907 1.379 8.655 10
4.163 1.568 8.561 10
4.378 1.714 8.422 10
4.807 1.848 8.054 11
5.099 1.891 7.728 9
5.295 1.865 7.58 10
5.202 1.798 7.694 9
4.896 1.742 8.039 10
4.565 1.788 8.312 10
4.386 1.879 8.259 11
4.496 2.011 7.943 10
4.718 2.25 7.56 10
4.965 2.389 7.249 9
4.991 2.348 7.268 11
4.953 2.286 7.359 10
4.802 2.116 7.517 10
4.525 1.867 7.785 10
4.333 1.766 7.967 10
4.091 1.644 8.248 10
3.797 1.508 8.64 10
3.629 1.45 8.923 9
3.514 1.431 9.153 10
3.598 1.505 9.143 11
3.734 1.594 9.021 11
3.897 1.709 8.88 9
4.007 1.786 8.791 10
4.022 1.826 8.743 10
4.007 1.898 8.676 10
3.967 1.944 8.628 10
3.96 2.032 8.537 10
3.964 2.106 8.475 10
3.983 2.159 8.403 10
4.022 2.224 8.291 10
4.027 2.245 8.221 10
4.05 2.236 8.137 10
4.084 2.207 8.118 10
4.098 2.166 8.14 10
4.127 2.09 8.171 10
4.137 2.044 8.216 10
4.113 1.98 8.255 10
4.082 1.857 8.312 10
4.036 1.771 8.36 10
4.012 1.661 8.382 10
4.027 1.58 8.374 10
4.041 1.553 8.367 10
4.041 1.561 8.394 10
4.019 1.592 8.446 10
4.0 1.651 8.499 10
3.948 1.711 8.552 10
3.909 1.738 8.571 10
3.835 1.75 8.58 10
3.758 1.733 8.59 10
3.775 1.754 8.554 10
3.861 1.833 8.482 10
3.983 1.927 8.42 10
4.115 2.027 8.355 10
4.194 2.092 8.317 10
4.125 2.073 8.35 10
4.058 2.078 8.389 10
3.981 2.075 8.429 10
3.931 2.111 8.465 10
3.96 2.173 8.465 10
3.991 2.221 8.468 10
4.027 2.257 8.451 10
4.036 2.255 8.439 10
4.05 2.217 8.408 10
4.06 2.133 8.339 10
4.065 2.061 8.288 10
4.091 1.987 8.2 10
4.113 1.948 8.13 10
4.132 1.97 8.092 10
4.096 1.999 8.087 10
4.039 2.03 8.121 10
3.962 2.061 8.147 10
3.888 2.068 8.173 10
3.892 2.011 8.147 10
3.885 2.092 8.159 10
3.897 2.173 8.178 10
3.828 2.173 8.288 10
3.837 2.183 8.312 10
3.859 2.054 8.298 10
3.9 1.936 8.295 10
4.022 1.9 8.202 10
4.048 1.946 8.243 10
4.062 2.037 8.281 10
4.058 2.116 8.307 10
4.043 2.195 8.336 10
4.022 2.24 8.336 10
4.067 2.262 8.305 10
4.134 2.262 8.291 10
4.211 2.262 8.274 10
4.292 2.26 8.259 10
4.278 2.226 8.291 10
4.242 2.214 8.305 10
4.151 2.173 8.362 10
4.055 2.135 8.418 10
3.967 2.097 8.494 10
3.871 2.061 8.554 10
3.83 2.054 8.571 10
3.804 2.063 8.453 10
3.811 2.082 8.303 10
3.998 2.104 7.951 10
4.204 1.991 7.603 10
4.395 1.862 7.39 10
4.39 1.745 7.386 10
4.072 1.604 7.857 10
3.734 1.596 8.324 10
3.481 1.611 8.798 12
3.423 1.613 9.064 8
3.593 1.692 9.018 10
3.78 1.853 8.99 13
3.883 1.991 8.954 7
3.96 2.169 8.92 11
3.95 2.288 8.939 9
3.919 2.353 8.947 10
3.936 2.36 8.856 13
3.979 2.329 8.762 7
4.156 2.262 8.585 10
4.381 2.118 8.336 10
4.558 2.032 8.185 10
4.659 1.917 8.008 10
4.625 1.838 7.915 10
4.474 1.826 7.888 10
4.316 1.793 7.742 10
4.235 1.788 7.623 10
4.335 1.802 7.486 10
4.51 1.8 7.35 10
4.654 1.805 7.424 10
4.711 1.805 7.623 10
4.587 1.786 7.838 10
4.276 1.666 8.183 10
4.003 1.561 8.437 10
3.751 1.465 8.611 10
3.505 1.446 8.798 10
3.445 1.527 8.856 10
3.454 1.623 8.836 10
3.622 1.771 8.736 10
3.785 1.843 8.623 10
3.995 1.972 8.446 10
4.137 2.087 8.346 10
4.127 2.185 8.298 9
4.108 2.257 8.24 11
4.041 2.272 8.248 10
3.962 2.245 8.25 9
3.94 2.178 8.236 11
3.919 2.102 8.224 9
3.902 2.049 8.236 10
3.897 2.037 8.252 10
3.919 2.056 8.267 10
3.948 2.075 8.279 10
3.971 2.07 8.267 10
3.971 2.018 8.267 10
3.945 1.934 8.269 10
3.914 1.86 8.286 11
3.883 1.786 8.31 10
3.876 1.759 8.322 9
3.892 1.747 8.291 10
3.916 1.762 8.255 10
3.952 1.783 8.216 11
4.019 1.824 8.173 10
4.062 1.85 8.173 10
4.098 1.874 8.202 10
4.118 1.91 8.255 10
4.106 1.927 8.312 10
4.079 1.946 8.384 10
4.06 1.968 8.427 10
4.048 1.958 8.425 10
4.05 1.953 8.41 10
4.067 1.946 8.382 10
4.108 1.96 8.324 10
4.146 1.987 8.283 10
4.141 2.039 8.245 10
4.153 2.085 8.216 10
4.141 2.109 8.216 10
4.192 2.121 8.14 10
4.271 2.073 8.054 10
4.333 2.032 7.958 10
4.369 1.982 7.898 10
4.343 1.944 7.915 10
4.22 1.956 7.982 10
4.11 1.996 8.08 10
4.027 2.047 8.142 10
3.979 2.106 8.188 10
4.027 2.145 8.202 10
4.089 2.126 8.178 10
4.146 2.078 8.173 10
4.168 2.02 8.185 10
4.161 1.98 8.233 10
4.067 1.991 8.324 10
3.979 2.032 8.396 10
3.907 2.082 8.444 10
3.864 2.116 8.456 10
3.924 2.097 8.377 10
3.993 2.07 8.331 10
4.046 2.035 8.31 10
4.101 2.037 8.329 10
4.113 2.068 8.403 10
4.098 2.133 8.473 10
4.077 2.126 8.384 10
4.053 2.08 8.255 10
4.163 1.977 8.075 10
4.29 1.848 7.867 10
4.321 1.733 7.754 10
4.412 1.759 7.639 10
4.369 1.843 7.575 10
4.278 1.934 7.539 13
4.24 1.999 7.572 7
4.141 1.922 7.608 10
4.067 2.013 7.697 10
4.041 2.097 7.757 10
4.048 2.197 7.886 10
4.007 2.252 8.037 10
3.943 2.14 8.135 10
3.916 2.068 8.298 10
3.907 2.063 8.384 10
3.948 2.027 8.599 10
4.024 1.872 8.985 10
4.062 1.675 9.306 10
4.199 1.436 9.512 11
4.398 1.271 9.531 9
4.56 1.225 9.38 10
4.642 1.223 9.246 10
4.625 1.264 9.227 10
4.616 1.417 9.062 10
4.75 1.704 8.734 10
4.965 1.948 8.389 10
5.063 2.09 8.058 10
5.09 2.121 7.91 10
4.872 1.879 7.845 10
4.795 1.692 7.783 10
4.836 1.608 7.706 10
4.551 1.412 7.85 10
4.371 1.403 8.082 10
4.05 1.338 8.312 10
3.742 1.326 8.47 10
3.758 1.426 8.408 10
3.792 1.46 8.312 10
3.873 1.484 8.19 10
3.943 1.455 8.14 10
4.027 1.472 8.07 10
4.089 1.508 8.025 10
4.113 1.57 8.003 10
4.173 1.666 7.97 10
4.218 1.716 7.955 10
4.28 1.771 7.943 10
4.316 1.814 7.982 10
4.316 1.824 8.032 9
4.34 1.833 8.116 12
4.347 1.838 8.197 8
4.347 1.86 8.226 11
4.398 1.896 8.176 9
4.424 1.932 8.092 10
4.491 1.97 7.958 11
4.582 1.987 7.829 10
4.642 1.953 7.745 9
4.683 1.874 7.654 10
4.683 1.793 7.613 10
4.627 1.721 7.613 10
4.467 1.692 7.73 11
4.326 1.709 7.855 10
4.127 1.683 8.08 9
3.983 1.647 8.264 11
3.971 1.616 8.372 9
4.022 1.616 8.437 10
4.129 1.659 8.401 12
4.273 1.695 8.353 9
4.371 1.719 8.298 9
4.405 1.699 8.312 10
4.424 1.699 8.339 11
4.407 1.707 8.377 10
4.381 1.738 8.42 10
4.357 1.781 8.437 9
4.319 1.8 8.485 10
4.261 1.86 8.53 11
4.213 1.896 8.571 10
4.23 1.965 8.537 10
4.328 2.047 8.439 10
4.446 2.087 8.343 9
4.56 2.128 8.228 11
4.611 2.135 8.188 10
4.58 2.116 8.171 9
4.513 2.047 8.147 11
4.448 1.977 8.142 10
4.345 1.848 8.135 9
4.271 1.738 8.125 11
4.218 1.656 8.123 10
4.17 1.525 8.145 10
4.161 1.453 8.169 10
4.156 1.323 8.19 9
4.199 1.192 8.197 11
4.237 1.11 8.18 10
4.311 1.043 8.13 10
4.381 1.034 8.082 9
4.443 1.07 8.025 11
4.505 1.137 7.994 10
4.532 1.189 7.996 10
4.592 1.292 7.984 10
4.625 1.374 7.996 9
4.644 1.486 7.996 11
4.632 1.625 8.01 10
4.587 1.714 8.039 9
4.537 1.807 8.104 11
4.544 1.836 8.164 9
4.582 1.838 8.209 10
4.596 1.869 8.271 11
4.616 1.896 8.298 10
4.551 1.934 8.346 10
4.443 1.96 8.406 10
4.359 1.958 8.449 10
4.304 1.922 8.482 10
4.29 1.877 8.485 10
4.395 1.79 8.415 10
4.558 1.671 8.317 10
4.692 1.584 8.228 10
4.781 1.472 8.159 10
4.735 1.417 8.171 10
4.632 1.395 8.212 10
4.534 1.388 8.209 10
4.481 1.407 8.188 10
4.498 1.434 8.097 10
4.551 1.46 7.984 10
4.599 1.472 7.915 10
4.666 1.486 7.843 10
4.721 1.489 7.819 10
4.735 1.484 7.855 10
4.742 1.491 7.934 10
4.73 1.496 8.015 10
4.711 1.491 8.099 10
4.697 1.493 8.145 10
4.707 1.484 8.044 9
4.685 1.465 7.692 10
4.671 1.455 7.338 10
4.649 1.285 7.074 10
4.611 1.177 6.986 11
4.604 1.079 7.149 10
4.62 1.079 7.472 9
4.644 1.24 7.704 11
4.436 1.335 8.058 12
4.266 1.367 8.295 8
4.072 1.3 8.372 10
4.211 1.328 8.13 10
4.582 1.359 7.694 10
5.068 1.501 7.374 10
5.394 1.58 7.278 9
5.386 1.563 7.501 11
5.245 1.491 7.903 9
4.807 1.309 8.415 11
4.529 1.189 8.702 9
4.357 1.065 8.829 10
4.319 0.995 8.777 11
4.505 1.01 8.53 9
4.63 0.995 8.291 11
4.649 0.986 8.212 10
4.623 1.031 8.125 10
4.515 1.058 8.125 10
4.529 1.046 7.915 9
4.841 1.359 7.501 10
5.197 1.618 7.094 10
5.446 1.654 6.902 11
5.475 1.833 7.158 10
5.207 1.687 7.618 10
4.771 1.412 8.204 10
4.443 1.359 8.576 9
4.218 1.209 8.669 10
4.074 1.086 8.719 11
4.098 1.094 8.643 9
4.249 1.161 8.497 10
4.458 1.249 8.384 10
4.618 1.304 8.303 10
4.733 1.328 8.245 11
4.721 1.292 8.257 10
4.608 1.223 8.336 9
4.45 1.113 8.408 11
4.338 1.034 8.456 10
4.252 0.974 8.449 10
4.266 0.948 8.374 10
4.316 1.005 8.283 10
4.378 1.11 8.185 10
4.414 1.197 8.142 10
4.434 1.295 8.097 10
4.429 1.355 8.087 10
4.417 1.381 8.092 10
4.424 1.417 8.08 10
4.448 1.441 8.07 10
4.493 1.472 7.999 10
4.546 1.484 7.898 10
4.58 1.486 7.814 10
4.606 1.493 7.752 10
4.611 1.493 7.752 9
4.58 1.503 7.86 11
4.479 1.474 8.078 10
4.386 1.441 8.274 9
4.316 1.403 8.504 10
4.271 1.359 8.647 11
4.311 1.316 8.662 10
4.352 1.266 8.643 9
4.369 1.221 8.59 10
4.405 1.175 8.518 11
4.424 1.168 8.465 10
4.491 1.182 8.406 10
4.582 1.206 8.327 9
4.654 1.23 8.267 11
4.718 1.273 8.221 10
4.714 1.343 8.231 9
4.685 1.403 8.259 11
4.623 1.477 8.3 10
4.568 1.532 8.327 9
4.539 1.537 8.334 11
4.517 1.484 8.317 9
4.529 1.417 8.288 12
4.541 1.319 8.267 9
4.548 1.23 8.25 10
4.556 1.213 8.288 10
4.503 1.228 8.35 10
4.45 1.273 8.406 10
4.333 1.273 8.418 10
4.149 1.292 8.379 10
4.024 1.28 8.317 10
3.979 1.17 8.236 10
3.998 1.106 8.197 10
4.204 0.955 8.07 10
4.51 0.744 7.764 10
4.738 0.632 7.477 10
4.776 0.495 7.204 9
4.687 0.411 7.038 11
4.288 0.49 7.184 13
3.727 0.675 7.486 7
3.356 0.883 7.773 9
3.213 1.086 7.984 11
3.574 1.072 8.032 10
4.096 0.952 7.924 10
4.594 0.833 7.991 9
4.865 0.718 8.135 11
4.735 0.756 8.48 10
4.613 0.842 8.853 10
4.515 0.928 9.052 9
4.546 1.017 9.289 11
4.683 1.067 9.356 10
4.855 1.017 9.454 9
5.063 0.936 9.449 11
5.142 0.852 9.406 9
5.257 0.802 9.162 11
5.312 0.847 8.695 10
5.331 0.924 8.331 9
5.26 1.046 7.864 11
5.152 1.134 7.599 9
5.037 1.259 7.424 11
4.879 1.256 7.331 10
4.812 1.209 7.34 9
4.764 1.089 7.433 11
4.74 0.89 7.599 9
4.618 0.687 7.819 10
4.498 0.373 8.147 10
4.359 0.131 8.391 11
4.127 -0.186 8.736 10
4.065 -0.361 8.925 9
4.0 -0.426 9.006 10
4.07 -0.469 9.016 10
4.232 -0.435 8.925 11
4.51 -0.416 8.777 10
4.797 -0.213 8.623 10
4.951 -0.031 8.542 10
5.054 0.292 8.48 10
5.013 0.617 8.494 10
4.826 0.849 8.544 10
4.575 1.103 8.552 10
4.374 1.216 8.54 9
4.141 1.338 8.441 11
4.046 1.369 8.312 9
4.137 1.331 8.113 11
4.273 1.302 7.86 9
4.441 1.264 7.692 10
4.52 1.185 7.577 10
4.467 1.091 7.618 11
4.369 0.988 7.714 10
4.309 0.835 7.809 9
4.338 0.723 7.852 11
4.388 0.572 7.898 10
4.378 0.313 8.01 10
4.331 0.105 8.123 10
4.24 -0.172 8.267 9
4.137 -0.349 8.365 10
4.062 -0.459 8.372 11
4.043 -0.55 8.353 10
4.067 -0.572 8.303 10
4.204 -0.521 8.204 10
4.364 -0.325 8.125 10
4.469 -0.148 8.073 10
4.56 0.045 8.027 10
4.539 0.167 8.03 10
4.527 0.248 8.027 10
4.52 0.414 8.025 10
4.527 0.562 8.015 9
4.57 0.725 7.991 11
4.611 0.823 7.977 10
4.831 0.78 7.896 9
5.114 0.723 7.833 11
5.36 0.651 7.785 9
5.537 0.555 7.793 10
5.425 0.553 7.881 11
5.25 0.565 7.951 9
4.987 0.517 8.025 11
4.793 0.493 8.044 10
4.699 0.347 8.003 9
4.596 0.126 7.943 11
4.582 -0.033 7.879 9
4.525 -0.107 7.857 10
4.472 -0.095 7.881 10
4.424 0.119 7.97 10
4.4 0.433 8.07 11
4.419 0.66 8.128 9
4.414 1.012 8.214 10
4.357 1.41 8.319 10
4.276 1.709 8.413 11
4.177 2.123 8.568 10
4.103 2.413 8.695 10
4.103 2.521 8.801 10
4.101 2.58 8.947 10
4.115 2.525 9.03 10
4.132 2.427 9.129 10
4.132 2.336 9.184 10
4.206 2.276 9.133 10
4.307 2.171 9.006 10
4.405 2.109 8.865 10
4.271 1.996 8.755 10
4.204 1.855 8.65 10
4.11 1.759 8.621 10
4.323 1.63 8.607 10
4.769 1.551 8.561 10
4.627 1.472 8.781 10
4.577 1.371 8.916 10
4.22 1.304 9.035 10
3.861 1.177 9.176 10
3.95 1.096 9.112 10
3.79 1.048 9.16 10
3.545 1.007 9.193 10
3.303 1.027 9.205 10
3.105 1.012 9.129 10
3.062 0.96 8.973 10
3.102 0.9 8.832 10
3.136 0.878 8.643 10
3.126 0.89 8.542 10
3.066 0.969 8.475 10
2.904 1.096 8.396 10
2.748 1.185 8.365 10
2.501 1.278 8.353 10
2.308 1.331 8.36 10
2.229 1.381 8.319 10
2.173 1.508 8.262 10
2.209 1.63 8.185 10
2.161 1.714 8.116 10
2.102 1.752 8.106 10
1.98 1.747 8.19 10
1.944 1.826 8.202 10
1.991 1.944 8.207 10
2.011 2.104 8.216 10
2.142 2.279 8.118 10
2.188 2.37 8.092 10
2.324 2.489 8.099 10
2.489 2.566 8.101 10
2.607 2.542 8.178 10
2.664 2.707 8.236 10
2.631 2.844 8.259 10
2.767 2.851 8.2 10
2.877 2.911 8.097 10
2.928 2.604 8.595 10
3.062 2.375 9.303 10
3.026 2.274 10.096 10
3.5 2.116 10.524 10
4.436 2.087 10.01 10
5.288 1.982 9.284 10
6.224 1.927 8.441 10
6.651 1.929 7.963 10
6.382 2.087 7.915 10
5.786 2.231 7.946 10
5.106 2.324 8.094 10
4.139 2.473 8.319 10
3.524 2.513 8.475 10
3.167 2.533 8.576 10
2.865 2.53 8.655 10
2.851 2.473 8.657 10
2.904 2.449 8.609 10
3.246 2.461 8.398 10
3.533 2.494 8.209 10
3.892 2.595 8.006 10
4.185 2.662 7.852 10
4.288 2.731 7.762 10
4.388 2.849 7.69 10
4.417 2.899 7.632 10
4.331 2.894 7.678 10
4.213 2.887 7.8 10
4.036 2.726 7.953 10
3.873 2.466 8.135 10
3.825 2.26 8.214 10
3.749 2.013 8.315 10
3.706 1.889 8.42 10
3.648 1.865 8.497 10
3.576 1.886 8.621 10
3.533 1.948 8.724 10
3.514 2.001 8.803 10
3.505 1.991 8.872 10
3.509 1.936 8.894 10
3.519 1.853 8.882 10
3.533 1.762 8.839 10
3.485 1.764 8.774 10
3.45 1.771 8.698 10
3.409 1.807 8.655 10
3.399 1.855 8.616 10
3.442 1.872 8.609 10
3.497 1.936 8.585 10
3.591 2.066 8.501 10
3.653 2.183 8.413 10
3.778 2.358 8.283 10
3.888 2.473 8.274 10
3.96 2.523 8.324 10
3.993 2.537 8.487 10
3.964 2.494 8.69 10
3.904 2.422 8.846 10
3.761 2.26 9.05 10
3.655 2.133 9.141 10
3.581 1.86 9.181 10
3.529 1.623 9.179 10
3.533 1.501 9.145 10
3.418 1.328 9.236 10
3.272 1.302 9.378 10
3.241 1.134 9.509 10
3.33 0.957 9.567 10
3.538 0.83 9.5 10
3.823 0.802 9.37 10
3.993 0.914 9.251 10
4.041 0.998 9.141 10
4.129 1.132 8.887 10
4.141 1.168 8.695 10
4.182 1.132 8.422 11
4.252 1.11 8.197 9
4.328 1.086 8.049 10
4.357 1.12 7.872 10
4.357 1.225 7.776 10
4.319 1.398 7.651 10
4.18 1.618 7.524 10
4.089 1.781 7.426 10
4.06 1.968 7.259 10
4.07 2.087 7.12 10
4.216 2.116 7.108 10
4.376 2.193 7.173 10
4.474 2.245 7.307 10
4.563 2.343 7.508 10
4.568 2.437 7.651 10
4.57 2.466 7.769 10
4.589 2.415 7.929 10
4.618 2.319 8.022 10
4.699 2.111 8.099 10
4.769 1.821 8.169 10
4.821 1.611 8.195 10
4.876 1.403 8.233 10
4.879 1.307 8.288 10
4.884 1.3 8.243 10
4.891 1.28 8.14 10
4.896 1.259 8.025 10
4.888 1.264 7.876 10
4.879 1.278 7.785 10
4.874 1.347 7.685 10
4.862 1.46 7.539 10
4.862 1.546 7.426 10
4.888 1.599 7.264 10
4.941 1.632 7.165 10
5.001 1.623 7.113 10
5.02 1.654 7.055 10
5.013 1.719 7.048 10
4.977 1.752 7.031 10
4.946 1.824 7.031 10
4.955 1.855 7.036 10
4.958 1.85 7.098 10
4.955 1.853 7.173 10
4.982 1.709 7.323 10
5.02 1.467 7.522 10
5.066 1.261 7.663 10
5.13 1.058 7.795 10
5.161 0.962 7.833 10
5.152 0.974 7.824 10
5.111 0.883 7.879 10
5.051 0.79 7.943 10
5.02 0.646 8.066 10
5.058 0.505 8.2 10
5.128 0.466 8.269 10
5.224 0.466 8.276 10
5.291 0.517 8.226 9
5.485 0.656 7.996 11
5.537 0.837 7.826 10
5.564 0.981 7.718 10
5.425 1.206 7.771 10
5.118 1.331 7.991 10
4.996 1.323 8.022 9
4.936 1.374 7.852 11
5.042 1.343 7.522 10
5.286 1.312 7.206 9
5.456 1.273 7.194 11
5.564 1.177 7.383 10
5.707 0.96 7.551 10
5.712 0.742 7.704 10
5.791 0.646 7.63 10
5.889 0.677 7.515 10
5.951 0.83 7.422 11
6.019 1.055 7.256 9
6.042 1.254 7.144 10
6.09 1.24 7.046 10
6.095 1.206 6.938 10
6.095 1.101 6.902 10
6.26 0.919 6.797 10
6.107 1.125 6.706 10
5.997 1.35 6.624 10
6.076 1.508 6.55 10
5.99 1.742 6.545 10
6.126 1.726 6.596 10
6.26 1.735 6.667 10
6.205 1.812 6.732 10
6.157 1.833 6.876 10
6.162 1.805 6.976 10
6.172 1.764 7.06 10
6.244 1.74 7.139 10
6.308 1.771 7.139 10
6.378 1.807 7.149 10
6.457 1.838 7.139 10
6.473 1.853 7.134 10
6.5 1.865 7.122 10
6.521 1.872 7.101 10
6.545 1.86 7.072 10
6.574 1.86 7.022 10
6.593 1.862 6.979 10
6.538 1.879 6.914 10
6.469 1.905 6.871 10
6.373 1.898 6.761 10
6.289 1.874 6.514 10
6.279 1.836 6.289 10
6.241 1.728 6.042 10
6.131 1.637 5.928 10
6.009 1.563 5.949 10
5.784 1.505 6.076 10
5.588 1.517 6.224 10
5.509 1.539 6.406 10
5.528 1.527 6.603 10
5.65 1.498 6.694 10
5.844 1.438 6.785 10
6.014 1.374 6.799 10
6.15 1.35 6.811 10
6.301 1.302 6.909 10
6.38 1.285 7.007 10
6.406 1.28 7.151 10
6.368 1.268 7.283 10
6.335 1.312 7.311 10
6.308 1.4 7.35 10
6.335 1.477 7.343 10
6.402 1.58 7.206 10
6.488 1.695 7.012 10
6.567 1.764 6.809 10
6.615 1.865 6.536 10
6.622 1.939 6.392 10
6.622 1.951 6.349 10
6.591 1.944 6.373 10
6.591 1.905 6.466 10
6.495 1.826 6.607 10
6.368 1.766 6.722 10
6.224 1.711 6.78 10
5.983 1.654 6.811 10
5.837 1.637 6.794 12
5.698 1.628 6.749 8
5.664 1.675 6.667 9
5.729 1.726 6.612 10
5.808 1.814 6.572 10
5.88 1.896 6.56 11
5.844 1.879 6.643 10
5.724 1.85 6.787 9
5.59 1.783 6.916 10
5.427 1.757 7.012 11
5.315 1.786 7.038 10
5.284 1.881 6.924 10
5.331 1.941 6.773 10
5.408 1.96 6.655 9
5.535 1.948 6.627 11
5.631 1.881 6.773 10
5.647 1.85 6.955 10
5.59 1.81 7.213 10
5.482 1.8 7.383 10
5.341 1.774 7.496 10
5.209 1.771 7.675 10
5.152 1.778 7.778 10
5.032 1.726 8.056 12
4.979 1.69 8.298 8
5.157 1.51 8.365 10
5.331 1.465 8.42 10
5.568 1.479 8.3 10
5.906 1.501 8.14 10
5.911 1.702 8.164 10
5.918 1.769 8.2 12
5.837 1.922 8.269 8
5.655 2.068 8.379 10
5.686 2.063 8.327 12
5.832 2.056 8.111 8
6.066 1.963 7.862 10
6.32 1.814 7.491 10
6.454 1.757 7.206 10
6.445 1.642 7.05 10
6.404 1.493 6.912 20
6.294 1.489 6.904 10
6.184 1.484 6.897 10
6.016 1.553 7.007 10
5.88 1.692 7.105 10
5.793 1.742 7.194 10
5.645 1.742 7.345 10
5.643 1.699 7.39 10
5.64 1.62 7.431 10
5.705 1.599 7.366 10
5.832 1.628 7.24 10
5.77 1.659 6.916 10
5.781 1.625 6.485 10
5.726 1.534 6.16 10
5.547 1.628 5.904 10
5.497 1.747 5.865 10
5.355 1.862 6.081 10
5.25 1.956 6.337 10
5.269 1.865 6.524 10
5.348 1.81 6.663 10
5.413 1.805 6.636 12
5.442 1.821 6.569 8
5.47 1.833 6.617 10
5.439 1.81 6.713 10
5.432 1.802 6.979 10
5.487 1.781 7.22 10
5.542 1.764 7.347 10
5.592 1.759 7.354 10
5.65 1.757 7.211 10
5.518 1.81 7.295 10
5.406 1.912 7.386 10
5.298 2.003 7.596 10
5.26 2.104 7.781 10
5.528 2.154 7.625 10
5.777 2.154 7.462 10
5.808 2.24 7.436 10
5.77 2.317 7.436 10
5.698 2.353 7.618 10
5.676 2.398 7.738 10
5.872 2.358 7.721 10
6.086 2.291 7.694 10
6.153 2.274 7.623 10
6.217 2.138 7.625 10
6.275 1.898 7.63 10
6.315 1.685 7.644 10
6.311 1.422 7.625 10
6.208 1.24 7.556 10
6.112 1.161 7.484 10
5.963 1.046 7.386 10
5.861 0.981 7.321 10
5.781 0.95 7.285 10
5.717 0.957 7.223 10
5.705 1.0 7.187 10
5.635 1.098 7.17 10
5.592 1.192 7.163 10
5.633 1.256 7.017 10
5.566 1.34 6.928 10
5.556 1.369 6.821 10
5.604 1.431 6.71 11
5.547 1.391 6.809 9
5.597 1.331 6.849 10
5.628 1.312 6.94 10
5.602 1.259 7.034 10
5.602 1.309 6.9 10
5.612 1.455 6.653 10
5.64 1.561 6.356 10
5.729 1.666 5.997 10
5.798 1.762 5.822 10
5.923 1.798 5.7 10
6.143 1.795 5.535 10
6.303 1.793 5.432 10
6.615 1.747 5.281 10
6.861 1.666 5.19 10
7.213 1.625 5.257 10
7.589 1.575 5.398 10
7.814 1.568 5.588 10
8.08 1.575 5.868 10
8.188 1.479 6.042 10
8.271 1.393 6.143 10
8.37 1.362 6.193 10
8.427 1.316 6.153 10
8.248 1.367 6.181 10
8.109 1.477 6.062 10
7.955 1.532 5.992 10
7.721 1.608 5.951 10
7.68 1.69 5.832 10
7.491 1.704 5.92 10
7.225 1.719 6.03 10
7.041 1.711 6.112 10
6.866 1.699 6.153 10
6.861 1.663 6.102 10
6.933 1.628 6.03 10
6.971 1.64 5.966 10
7.0 1.656 5.942 10
6.89 1.719 6.074 10
6.746 1.831 6.277 10
6.636 1.896 6.473 10
6.562 1.984 6.607 10
6.564 2.059 6.617 10
6.555 2.109 6.567 10
6.423 2.176 6.576 10
6.256 2.219 6.648 10
6.045 2.209 6.691 10
5.767 2.217 6.706 20
5.585 2.145 6.782 10
5.403 2.073 6.859 9
5.252 2.051 7.015 11
5.257 1.987 7.182 10
5.288 1.984 7.228 10
5.406 1.97 7.228 10
5.535 1.958 7.177 10
5.65 1.948 7.156 11
5.75 1.92 7.184 9
5.765 1.903 7.259 10
5.741 1.893 7.359 10
5.676 1.891 7.422 10
5.626 1.908 7.433 10
5.576 1.922 7.445 10
5.564 1.929 7.431 10
5.592 1.915 7.414 10
5.647 1.929 7.338 11
5.702 1.946 7.261 9
5.688 2.013 7.189 10
5.645 2.092 7.134 10
5.523 2.169 7.134 10
5.374 2.276 7.129 10
5.295 2.334 7.12 10
5.197 2.42 7.127 10
5.14 2.473 7.194 10
5.109 2.494 7.266 10
5.018 2.525 7.4 10
4.946 2.528 7.517 10
4.824 2.573 7.627 10
4.697 2.664 7.726 10
4.63 2.746 7.762 10
4.568 2.851 7.831 10
4.568 2.92 7.852 10
4.594 2.985 7.884 10
4.596 3.083 7.9 10
4.594 3.157 7.884 10
4.529 3.268 7.886 10
4.443 3.337 7.891 10
4.383 3.363 7.903 10
4.376 3.387 7.876 10
4.431 3.375 7.831 10
4.584 3.33 7.754 10
4.776 3.277 7.673 10
4.915 3.227 7.63 10
5.018 3.184 7.608 10
5.023 3.174 7.618 10
4.941 3.203 7.666 10
4.85 3.201 7.706 10
4.795 3.191 7.726 11
4.723 3.169 7.745 9
4.697 3.126 7.738 10
4.673 3.069 7.788 10
4.637 2.944 7.893 10
4.618 2.832 7.999 10
4.584 2.789 7.637 10
4.618 2.794 5.849 10
4.663 2.865 4.005 10
4.378 2.999 3.703 10
4.108 3.064 3.869 10
3.821 3.095 6.04 10
3.892 3.031 8.125 10
4.295 2.904 8.669 10
4.85 2.726 9.083 10
5.363 2.58 8.868 10
5.291 2.554 8.918 10
5.181 2.506 8.963 10
4.917 2.509 9.138 10
4.783 2.559 9.234 10
4.929 2.669 8.959 10
5.114 2.801 8.688 10
5.372 2.949 8.269 10
5.501 3.05 7.929 10
5.635 3.122 7.63 10
5.786 3.208 7.192 10
5.863 3.277 6.902 10
5.832 3.359 6.569 10
5.741 3.385 6.387 10
5.554 3.385 6.318 10
5.293 3.406 6.26 10
5.14 3.416 6.246 10
4.879 3.485 6.339 10
4.62 3.572 6.619 10
4.436 3.636 6.888 10
4.209 3.663 7.273 10
4.089 3.629 7.551 10
4.086 3.564 7.692 10
4.108 3.483 7.862 10
4.173 3.44 7.915 10
4.266 3.368 7.97 10
4.319 3.323 8.001 10
4.335 3.313 7.991 10
4.35 3.327 7.977 10
4.335 3.371 7.96 10
4.376 3.43 7.884 10
4.493 3.44 7.783 10
4.613 3.426 7.687 10
4.762 3.383 7.572 10
4.855 3.323 7.517 10
4.876 3.256 7.498 10
4.896 3.193 7.479 10
4.886 3.16 7.479 10
4.903 3.131 7.441 10
4.927 3.141 7.402 10
5.003 3.124 7.347 10
5.2 3.055 7.275 10
5.37 2.98 7.242 10
5.602 2.861 7.223 10
5.784 2.762 7.22 10
5.841 2.719 7.316 10
5.839 2.703 7.438 10
5.774 2.731 7.546 10
5.647 2.846 7.615 10
5.427 2.937 7.572 10
5.267 3.002 7.503 10
5.068 2.983 7.436 10
4.932 2.877 7.407 10
4.977 2.815 7.369 10
5.046 2.743 7.275 10
5.154 2.755 7.18 10
5.269 2.983 7.017 10
5.3 3.189 6.895 10
5.288 3.507 6.763 10
5.228 3.919 6.634 10
5.161 4.115 6.572 10
5.039 4.228 6.586 10
4.951 4.163 6.746 10
4.91 4.005 6.904 10
4.977 3.888 6.964 10
5.099 3.854 6.947 10
5.274 3.955 6.801 10
5.382 4.189 6.653 10
5.382 4.383 6.603 10
5.327 4.668 6.524 10
5.204 4.893 6.493 10
5.073 5.049 6.423 10
4.946 5.216 6.301 10
4.874 5.293 6.208 10
4.92 5.374 6.007 10
5.19 5.295 5.741 10
5.456 5.204 5.528 10
5.741 4.979 5.319 10
5.908 4.75 5.219 10
5.851 4.498 5.386 10
5.82 4.216 5.626 10
5.77 4.067 5.861 10
5.623 3.847 6.191 10
5.554 3.744 6.358 10
5.327 3.643 6.524 10
5.159 3.418 6.643 10
5.087 3.265 6.667 10
4.989 3.167 6.706 10
5.013 3.265 6.667 10
4.977 3.488 6.675 10
4.898 3.931 6.66 10
4.845 4.319 6.631 10
4.862 4.58 6.555 10
4.915 4.872 6.466 10
5.011 4.944 6.399 10
5.164 5.044 6.248 10
5.257 5.104 6.153 10
5.444 5.135 6.014 10
5.686 5.13 5.856 10
5.87 5.097 5.781 10
6.057 5.018 5.724 10
6.114 4.936 5.722 10
6.105 4.807 5.686 10
5.959 4.678 5.765 10
5.81 4.594 5.827 10
5.612 4.357 5.719 10
5.363 4.197 5.691 10
5.25 4.036 5.547 10
5.003 3.924 5.403 10
4.807 3.964 5.43 10
4.625 4.082 5.442 10
4.436 4.189 5.48 10
4.381 4.249 5.518 10
4.352 4.314 5.564 10
4.371 4.309 5.597 10
4.4 4.362 5.621 10
4.402 4.493 5.702 10
4.378 4.62 5.777 10
4.273 4.774 5.94 10
4.153 4.824 6.15 15
4.06 4.795 6.303 5
4.077 4.627 6.49 10
4.175 4.434 6.588 10
4.371 4.158 6.689 10
4.577 3.833 6.926 10
4.673 3.646 7.129 10
4.738 3.45 7.46 10
4.716 3.39 7.723 10
4.764 3.404 7.771 10
4.75 3.378 7.872 10
4.766 3.361 7.845 10
4.747 3.172 7.905 10
4.711 2.832 8.137 10
4.738 2.533 8.317 10
4.747 2.185 8.619 10
4.793 2.011 8.834 10
4.814 1.97 8.937 10
4.946 1.941 8.896 10
5.094 1.96 8.734 10
5.274 2.023 8.446 10
5.415 2.078 8.178 10
5.377 2.193 8.039 10
5.267 2.339 7.991 10
5.125 2.442 8.068 10
4.989 2.511 8.209 10
4.991 2.442 8.391 10
5.066 2.341 8.482 10
5.233 2.202 8.568 10
5.396 2.097 8.59 10
5.506 2.035 8.568 10
5.578 1.941 8.494 10
5.556 1.886 8.425 10
5.501 1.752 8.291 10
5.43 1.642 8.173 10
5.657 1.458 7.955 10
5.872 1.218 7.733 10
6.121 1.058 7.575 10
6.03 1.019 7.46 10
5.652 1.165 7.505 10
5.286 1.367 7.556 10
4.891 1.501 7.733 10
4.836 1.513 7.867 10
4.754 1.505 8.027 10
4.613 1.58 8.195 20
4.443 1.738 8.207 10
4.273 1.896 8.219 10
4.18 2.013 8.104 10
4.228 2.114 7.884 20
4.381 2.262 7.728 10
4.534 2.41 7.572 10
4.671 2.494 7.647 10
4.695 2.444 7.879 10
4.671 2.329 8.075 10
4.618 2.229 8.267 10
4.556 2.176 8.315 10
4.525 2.193 8.303 10
4.525 2.202 8.252 10
4.553 2.197 8.207 10
4.625 2.149 8.128 10
4.699 2.075 8.008 10
4.742 2.008 7.927 10
4.766 1.982 7.814 10
4.75 1.996 7.742 10
4.707 2.099 7.721 10
4.651 2.157 7.742 10
4.616 2.173 7.795 10
4.568 2.164 7.886 10
4.532 2.085 7.977 10
4.508 2.051 8.025 11
4.443 2.008 8.061 9
4.39 1.991 8.058 10
4.331 1.965 8.07 10
4.268 1.893 8.061 10
4.247 1.831 8.063 10
4.194 1.745 8.082 10
4.161 1.675 8.078 10
4.127 1.671 8.109 10
4.098 1.714 8.14 10
4.101 1.781 8.154 10
4.11 1.922 8.157 10
4.12 2.039 8.133 10
4.125 2.109 8.109 10
4.149 2.159 8.094 10
4.165 2.135 8.092 10
4.223 2.09 8.116 10
4.323 2.027 8.113 10
4.405 1.984 8.101 10
4.455 1.889 8.073 10
4.467 1.819 8.03 10
4.395 1.733 7.994 10
4.462 1.608 7.898 10
4.56 1.537 7.819 10
4.781 1.503 7.747 10
4.718 1.453 8.003 10
4.517 1.441 8.319 10
4.414 1.304 8.652 10
4.189 1.13 8.978 10
4.311 0.976 8.937 10
4.467 0.847 8.798 10
4.525 0.842 8.643 10
4.63 0.964 8.453 10
4.711 1.115 8.322 10
4.707 1.283 8.384 10
4.642 1.465 8.573 10
4.529 1.52 8.796 10
4.405 1.539 9.026 10
4.388 1.429 9.066 10
4.431 1.304 8.98 10
4.534 1.089 8.781 10
4.649 0.909 8.576 10
4.697 0.794 8.401 10
4.716 0.723 8.212 10
4.675 0.742 8.135 10
4.556 0.802 8.101 10
4.448 0.885 8.13 10
4.328 0.94 8.152 10
4.244 1.072 8.104 10
4.24 1.163 8.013 10
4.237 1.393 7.857 10
4.276 1.608 7.723 10
4.254 1.884 7.63 10
4.216 2.214 7.548 10
4.175 2.406 7.532 9
4.103 2.533 7.551 11
4.055 2.437 7.68 10
4.024 2.286 7.797 9
4.027 2.154 8.022 11
4.06 2.087 8.212 10
4.137 2.106 8.413 10
4.144 1.965 8.726 10
4.118 1.805 8.932 9
3.919 1.446 9.241 11
3.677 1.086 9.457 10
3.406 0.79 9.627 10
3.107 0.428 9.823 10
2.98 0.265 9.916 10
2.911 0.098 9.976 10
3.055 0.0 9.933 10
3.227 -0.033 9.864 10
3.433 -0.079 9.804 10
3.581 -0.119 9.777 10
3.545 -0.112 9.83 10
3.404 -0.028 9.892 10
3.229 0.067 9.945 10
2.966 0.196 9.959 10
2.772 0.306 9.931 10
2.6 0.423 9.909 10
2.351 0.658 9.919 10
2.19 0.859 9.967 10
2.03 1.142 9.952 10
1.989 1.34 9.801 10
2.025 1.422 9.619 10
2.116 1.458 9.402 10
2.207 1.412 9.246 10
2.291 1.338 9.193 10
2.274 1.122 9.184 10
2.202 0.952 9.21 10
2.061 0.588 9.232 10
1.891 0.253 9.27 10
1.8 -0.04 9.239 10
1.683 -0.363 9.188 10
1.635 -0.493 9.143 10
1.671 -0.61 9.03 10
1.728 -0.627 8.944 10
1.98 -0.615 8.786 10
2.303 -0.684 8.674 10
2.542 -0.766 8.628 10
2.738 -0.768 8.738 10
2.782 -0.667 9.064 10
2.753 -0.486 9.344 10
2.767 -0.28 9.667 10
2.825 -0.153 9.835 12
2.904 -0.153 9.89 8
2.964 -0.184 9.974 10
2.98 -0.239 10.014 10
2.858 -0.356 10.06 10
2.7 -0.45 10.093 10
2.291 -0.55 10.182 10
1.721 -0.61 10.311 10
1.29 -0.608 10.436 10
1.0 -0.641 10.369 10
1.189 -1.185 9.852 10
1.539 -1.769 9.294 10
1.723 -1.697 7.156 10
1.766 -1.589 5.209 10
3.141 -0.39 3.653 10
4.022 0.064 3.363 10
5.068 -0.136 4.654 10
5.758 -0.071 6.39 10
4.908 -0.55 8.101 10
4.661 -0.735 8.094 10
4.309 -0.328 7.649 11
4.314 -0.186 6.758 9
4.757 -0.361 5.442 10
5.295 -0.687 5.145 10
5.94 -1.604 5.286 10
6.347 -2.284 5.98 10
6.315 -2.647 7.101 10
6.11 -3.263 7.594 10
5.679 -4.429 8.315 10
5.485 -5.832 8.482 10
5.482 -7.252 8.647 10
5.449 -7.819 8.872 10
5.975 -7.836 8.676 10
6.399 -6.749 8.346 10
6.631 -5.645 8.018 10
6.524 -4.498 7.572 10
5.894 -3.979 7.484 10
5.367 -4.563 7.529 10
4.702 -5.458 7.649 10
4.376 -6.397 7.886 10
4.505 -6.251 7.671 10
4.738 -5.638 7.115 10
5.109 -4.714 6.485 10
5.379 -4.034 5.849 10
5.382 -3.811 5.501 10
5.489 -3.567 5.269 10
5.528 -3.301 5.09 10
5.667 -2.791 4.917 10
5.645 -2.779 5.183 10
5.331 -2.36 6.002 10
5.087 -1.963 6.768 10
4.829 -1.185 7.565 10
4.73 0.09 7.924 10
4.695 0.62 7.982 10
4.491 1.383 7.996 10
4.302 1.766 7.979 10
4.343 1.831 7.845 10
4.405 1.747 7.685 10
4.726 0.598 7.235 10
4.738 0.445 6.785 10
4.52 0.61 6.452 10
3.72 2.147 6.641 10
2.829 4.515 7.163 10
2.53 4.915 7.833 10
3.052 3.495 7.917 10
4.156 0.703 7.479 10
5.015 -2.087 7.012 10
5.276 -3.538 6.976 10
4.716 -3.169 7.527 10
4.362 -3.689 8.233 10
4.252 -4.209 8.968 10
4.927 -5.501 8.669 10
5.58 -6.651 8.248 10
6.028 -6.912 7.671 10
6.567 -6.813 6.967 10
6.801 -6.26 6.648 11
7.058 -5.851 6.452 9
7.455 -4.85 6.217 10
7.762 -4.209 6.11 10
7.91 -3.086 6.212 10
7.987 -2.521 6.368 10
7.922 -2.547 6.562 10
8.106 -2.937 6.687 10
8.283 -3.859 6.67 10
8.65 -4.525 6.667 10
8.717 -5.035 6.737 10
8.535 -5.181 6.876 10
8.224 -5.212 6.907 10
7.795 -4.941 6.871 10
7.283 -4.62 6.631 10
6.469 -3.885 6.296 10
5.784 -3.265 6.069 9
5.099 -2.528 5.887 11
4.908 -1.515 5.851 9
5.018 -0.916 5.911 11
4.929 -0.323 6.272 10
4.841 0.153 6.588 9
4.778 0.047 6.742 11
4.869 -0.222 6.897 10
5.159 -0.488 6.751 10
5.676 -0.893 6.5 10
6.057 -1.197 6.397 10
6.514 -1.314 6.196 9
6.981 -1.412 6.059 11
7.22 -1.371 6.028 9
6.904 -0.9 6.153 11
6.358 -0.45 6.373 9
5.65 -0.129 6.603 11
5.082 0.148 6.797 9
5.07 -0.004 6.835 11
4.821 0.208 7.094 10
4.58 0.744 7.347 10
4.197 1.323 7.637 10
3.96 1.891 7.86 10
3.96 2.092 7.862 10
4.297 2.121 7.704 10
4.762 2.195 7.594 10
5.08 2.281 7.551 10
5.403 2.348 7.536 10
5.535 2.375 7.613 10
5.521 2.3 7.692 10
5.427 2.166 7.843 10
5.329 2.051 7.965 10
5.068 1.872 8.183 10
4.642 1.723 8.456 10
4.295 1.635 8.657 10
3.811 1.592 8.942 10
3.49 1.613 9.131 10
3.375 1.57 9.248 10
3.363 1.424 9.263 10
3.488 1.233 9.193 10
3.643 1.051 9.045 10
3.778 0.957 8.863 10
3.837 1.027 8.678 10
3.921 1.189 8.418 10
3.974 1.343 8.236 10
4.003 1.587 8.01 10
4.015 1.786 7.867 10
4.003 1.891 7.8 10
4.072 1.982 7.642 10
4.165 1.982 7.527 10
4.302 1.934 7.393 10
4.505 1.884 7.24 10
4.627 1.848 7.177 10
4.795 1.731 7.129 10
4.908 1.647 7.125 10
4.987 1.489 7.168 10
5.018 1.264 7.302 10
5.003 1.12 7.422 10
4.987 0.909 7.58 10
4.991 0.73 7.697 10
5.044 0.617 7.723 10
5.073 0.474 7.766 10
5.104 0.397 7.771 10
4.996 0.387 7.838 10
4.881 0.43 7.943 10
4.79 0.505 8.032 10
4.747 0.629 8.14 10
4.788 0.732 8.197 10
4.898 0.773 8.228 10
5.061 0.799 8.248 10
5.176 0.775 8.248 10
5.276 0.739 8.233 10
5.226 0.754 8.212 10
5.123 0.782 8.202 10
5.008 0.847 8.19 10
4.908 0.924 8.192 10
4.886 1.015 8.207 10
4.867 1.063 8.238 10
4.86 1.074 8.271 10
4.958 1.048 8.288 10
5.14 0.936 8.231 12
5.319 0.866 8.157 8
5.449 0.778 8.078 10
5.473 0.727 8.015 10
5.257 0.682 8.092 10
5.042 0.636 8.169 10
4.711 0.572 8.358 10
4.4 0.471 8.576 10
4.254 0.397 8.712 10
4.283 0.313 8.765 10
4.618 0.284 8.609 10
4.934 0.292 8.425 10
5.293 0.351 8.178 10
5.477 0.421 8.015 10
5.396 0.517 7.958 11
5.135 0.632 7.948 9
4.831 0.694 8.001 10
4.493 0.77 8.08 10
4.28 0.804 8.154 10
4.357 0.778 8.154 10
4.56 0.737 8.121 10
4.797 0.682 8.061 10
5.097 0.67 7.943 10
5.207 0.739 7.855 10
5.19 0.823 7.8 10
5.027 0.885 7.8 10
4.802 0.905 7.857 10
4.51 0.806 7.999 10
4.199 0.696 8.204 10
4.034 0.608 8.355 10
3.938 0.529 8.473 10
3.988 0.526 8.504 10
4.194 0.507 8.384 10
4.462 0.493 8.212 10
4.661 0.469 8.073 10
4.805 0.524 7.936 10
4.754 0.696 7.908 10
4.642 0.864 7.931 10
4.477 1.115 7.963 10
4.367 1.288 7.991 10
4.326 1.424 7.979 10
4.419 1.551 7.931 10
4.565 1.594 7.876 10
4.848 1.642 7.807 10
5.118 1.637 7.757 10
5.312 1.644 7.738 10
5.465 1.606 7.752 10
5.482 1.563 7.781 10
5.422 1.441 7.862 10
5.257 1.256 7.984 10
5.133 1.118 8.073 10
4.989 0.936 8.195 10
4.922 0.833 8.264 10
4.903 0.766 8.307 10
4.908 0.696 8.324 10
4.932 0.67 8.307 10
5.039 0.584 8.24 10
5.147 0.521 8.164 10
5.262 0.45 8.082 10
5.322 0.38 7.989 10
5.298 0.371 7.946 10
5.176 0.402 7.886 10
4.953 0.466 7.874 10
4.786 0.529 7.874 10
4.618 0.569 7.927 10
4.548 0.569 7.996 10
4.62 0.507 8.075 10
4.824 0.416 8.13 10
5.027 0.347 8.133 10
5.307 0.28 8.094 10
5.516 0.253 8.03 10
5.556 0.239 7.991 10
5.465 0.225 7.989 10
5.298 0.208 8.027 10
4.96 0.203 8.14 10
4.659 0.215 8.25 10
4.481 0.26 8.341 11
4.477 0.339 8.374 9
4.642 0.407 8.334 10
4.697 0.387 8.248 10
5.106 0.526 7.869 10
5.343 0.632 7.548 10
5.54 0.73 7.307 10
5.846 0.914 7.11 10
5.602 0.869 7.338 10
5.406 0.878 7.503 10
5.25 0.895 7.589 10
4.927 0.907 7.788 10
4.807 0.957 7.838 10
4.699 0.936 7.934 10
4.666 0.916 8.003 10
4.8 0.902 7.96 10
4.972 0.873 7.872 10
4.989 0.89 7.86 10
4.932 0.905 7.874 10
4.831 0.912 7.939 10
4.692 0.933 8.049 10
4.644 0.916 8.113 10
4.654 0.871 8.178 10
4.707 0.833 8.192 10
4.838 0.746 8.171 10
4.975 0.67 8.135 10
5.042 0.622 8.078 10
5.001 0.608 8.063 10
4.881 0.641 8.085 10
4.745 0.689 8.118 10
4.668 0.684 8.137 10
4.699 0.646 8.113 10
4.788 0.579 8.039 10
4.893 0.497 7.953 10
4.936 0.476 7.879 10
4.92 0.44 7.824 10
4.845 0.433 7.819 10
4.807 0.457 7.824 10
4.783 0.474 7.852 10
4.867 0.543 7.86 10
4.934 0.62 7.9 10
4.965 0.665 7.931 10
5.015 0.754 7.943 10
5.025 0.799 7.946 10
5.051 0.837 7.915 10
5.049 0.861 7.905 10
5.027 0.842 7.915 10
4.977 0.811 7.97 10
4.944 0.785 8.042 10
4.939 0.773 8.092 10
4.96 0.758 8.128 10
5.003 0.761 8.13 10
5.023 0.711 8.133 10
5.073 0.653 8.082 10
5.097 0.598 8.046 10
5.114 0.598 8.013 10
5.137 0.646 7.963 10
5.104 0.699 7.965 10
5.027 0.792 7.939 10
4.958 0.83 7.91 10
4.91 0.866 7.864 10
4.896 0.919 7.814 10
4.924 0.931 7.793 10
5.025 0.847 7.74 10
5.104 0.766 7.704 10
5.214 0.675 7.656 10
5.24 0.677 7.505 10
5.135 0.782 7.307 15
5.03 0.888 7.108 5
4.886 0.988 6.926 10
4.853 0.878 6.952 10
5.03 0.758 7.23 10
5.207 0.639 7.508 13
5.556 0.435 7.8 7
5.896 0.418 7.991 10
6.086 0.404 8.01 9
6.107 0.481 8.128 14
5.956 0.641 8.231 7
5.695 0.778 8.248 10
5.284 0.849 8.274 10
5.039 0.83 8.202 10
4.85 0.6 8.176 10
4.754 0.325 8.231 10
4.97 0.148 8.276 20
5.185 -0.028 8.322 10
5.382 0.198 8.109 10
5.482 0.426 7.836 10
5.422 0.62 7.563 10
5.276 0.725 7.414 9
5.094 0.636 7.479 11
4.958 0.433 7.627 10
4.58 0.325 7.759 10
4.288 0.306 7.766 10
4.338 0.294 7.678 10
4.438 0.397 7.565 10
4.805 0.402 7.465 10
5.298 0.442 7.275 10
5.449 0.476 7.182 10
5.585 0.526 7.098 10
5.698 0.579 7.019 9
5.652 0.596 7.086 11
5.564 0.61 7.268 20
5.437 0.62 7.551 10
5.391 0.624 7.821 10
5.377 0.629 8.034 9
5.408 0.61 8.154 12
5.492 0.579 8.164 9
5.509 0.567 8.204 10
5.537 0.545 8.257 10
5.564 0.55 8.288 10
5.549 0.588 8.315 10
5.521 0.612 8.322 10
5.451 0.687 8.264 10
5.389 0.775 8.123 9
5.367 0.83 7.987 11
5.341 0.866 7.826 10
5.353 0.828 7.68 10
5.358 0.775 7.618 10
5.382 0.72 7.522 9
5.41 0.684 7.45 11
5.432 0.656 7.424 10
5.396 0.62 7.431 10
5.341 0.586 7.472 9
5.188 0.545 7.553 11
5.032 0.531 7.627 10
4.963 0.529 7.671 10
4.951 0.505 7.733 10
5.037 0.488 7.754 10
5.128 0.464 7.785 10
5.166 0.474 7.797 10
5.147 0.505 7.79 10
5.133 0.572 7.754 10
5.114 0.646 7.709 10
5.109 0.708 7.68 11
5.075 0.768 7.68 9
5.037 0.792 7.709 10
5.02 0.818 7.74 10
5.013 0.818 7.771 10
5.037 0.842 7.773 10
5.061 0.885 7.785 10
5.063 0.926 7.795 10
5.08 0.986 7.797 10
5.099 1.022 7.79 10
5.118 1.039 7.773 10
5.171 1.029 7.728 10
5.209 1.0 7.69 10
5.195 0.936 7.678 10
5.121 0.883 7.706 10
5.013 0.857 7.764 10
4.932 0.845 7.809 10
4.898 0.871 7.838 10
4.953 0.895 7.819 10
5.018 0.921 7.776 10
5.056 0.933 7.745 10
5.111 0.955 7.69 10
5.149 0.936 7.623 10
5.178 0.914 7.58 10
5.178 0.861 7.58 10
5.161 0.799 7.603 10
5.135 0.761 7.668 10
5.142 0.725 7.716 10
5.178 0.72 7.721 10
5.185 0.713 7.74 10
5.19 0.713 7.738 10
5.173 0.701 7.73 10
5.104 0.703 7.735 10
5.063 0.708 7.726 10
5.001 0.723 7.752 10
4.934 0.751 7.85 10
4.92 0.766 7.936 10
4.941 0.761 8.066 10
4.984 0.746 8.159 10
5.046 0.72 8.178 10
5.111 0.694 8.149 10
5.14 0.687 8.078 10
5.152 0.687 8.003 10
5.137 0.694 7.953 10
5.061 0.715 7.999 10
5.035 0.727 8.037 10
5.025 0.732 8.078 10
5.049 0.751 8.145 10
5.133 0.756 8.164 10
5.181 0.727 8.173 10
5.216 0.708 8.142 10
5.219 0.675 8.085 10
5.19 0.646 8.015 10
5.123 0.689 7.965 10
5.068 0.723 7.955 10
5.044 0.773 7.922 10
5.051 0.818 7.9 10
5.097 0.847 7.879 10
5.171 0.842 7.857 10
5.214 0.821 7.86 10
5.248 0.802 7.888 10
5.267 0.77 7.915 10
5.262 0.78 7.936 10
5.238 0.811 7.965 10
5.224 0.84 7.967 10
5.166 0.859 7.958 10
5.125 0.859 7.934 10
5.104 0.837 7.903 10
5.123 0.816 7.845 10
5.185 0.804 7.8 10
5.224 0.823 7.802 10
5.224 0.825 7.833 10
5.183 0.828 7.891 10
5.133 0.799 7.948 10
5.085 0.751 7.977 10
5.054 0.711 7.898 10
5.02 0.713 7.831 10
4.996 0.746 7.764 10
4.991 0.804 7.738 10
5.058 0.873 7.817 10
5.128 0.9 7.884 11
5.214 0.936 7.881 9
5.281 0.948 7.838 10
5.147 0.931 7.764 10
4.855 0.883 7.745 10
4.546 0.825 7.795 10
4.529 0.797 7.771 11
4.663 0.794 7.752 9
5.327 0.876 7.623 10
5.894 0.854 7.726 10
6.169 0.804 7.903 10
6.435 0.682 8.161 10
6.21 0.577 8.295 10
6.081 0.574 8.197 10
5.786 0.818 7.884 10
5.501 1.134 7.489 10
5.413 1.458 7.129 10
5.528 1.69 6.665 10
5.808 1.675 6.416 10
6.143 1.582 6.445 10
6.402 1.412 6.617 10
6.246 1.213 7.029 10
5.889 1.007 7.412 10
5.477 0.881 7.517 10
4.9 0.761 7.663 10
4.534 0.761 7.675 10
4.386 0.763 7.766 10
4.402 0.828 7.946 10
4.584 0.885 8.085 10
4.79 0.94 8.259 10
5.099 1.024 8.224 10
5.243 1.046 8.099 10
5.374 1.091 7.881 10
5.482 1.139 7.627 10
5.446 1.074 7.371 10
5.47 1.144 7.18 10
5.506 1.189 7.082 10
5.513 1.165 7.103 10
5.544 1.23 7.287 13
5.487 1.113 7.479 8
5.403 0.995 7.675 9
5.348 0.948 7.752 10
5.324 0.945 7.778 10
5.284 1.06 7.745 10
5.269 1.175 7.706 10
5.214 1.29 7.668 10
5.128 1.359 7.68 9
5.087 1.307 7.687 11
5.111 1.252 7.73 10
5.176 1.197 7.773 10
5.288 1.149 7.805 10
5.401 1.154 7.829 10
5.461 1.211 7.754 10
5.559 1.268 7.601 10
5.609 1.319 7.46 9
5.676 1.371 7.259 11
