# Accelerometer Data File
# Started @Thu Apr 29 15:39:56 GMT+01:00 2021
#
#
# sensor Vendor: Bosch
# sensor Name: BMA254
# sensor Resolution: 0.009576807m/sec^2; Max Range: 39.2; Min Delay: 10000 microseconds
# The sensor's attributes are the result hardware and the Android capabilities.
# It means that the Android may not utilize all features provided by the hardware.
#
# Some devices and Android versions save battery too much so the device may go to sleep.
# It just happens after couple of minutes from turning off the scree and it is easy to find it out.
#
# The following file provides the data from accelerometer in the m/s^2 format.
# The diff value is just a time delta between the samples
#
#
# data format:
# so we have 4 columns with values separated by the " "
# X Y Z time_from_previous_sample(ms)

# sensor speed set to:NORMAL
# units set to: m/sec^2
# gravity NOT filtered out
# Accuracy: HIGH
4.75 0.215 8.374 0
4.855 -0.033 8.288 200
5.312 -0.538 8.068 200
5.463 -0.701 8.073 202
5.489 -1.362 7.943 200
5.774 -1.577 8.049 200
5.02 -2.92 7.783 200
4.369 -4.661 7.129 199
2.636 -5.753 7.151 202
2.166 -5.025 7.35 198
2.604 -3.234 7.125 198
2.966 -0.265 6.605 204
4.69 2.229 6.871 197
4.96 2.245 6.406 200
4.673 2.257 7.074 201
3.629 1.79 8.87 198
2.578 2.114 8.688 201
0.308 3.579 8.619 200
-1.821 4.663 8.101 200
-2.466 6.588 7.031 201
-3.102 8.432 6.141 198
-4.627 8.552 5.042 201
-4.946 8.532 4.611 200
-5.935 5.762 5.135 199
-6.16 2.08 6.172 201
-3.186 1.11 7.003 200
-0.442 1.477 7.778 200
1.546 3.143 7.584 200
2.844 4.69 7.51 200
2.908 4.304 8.152 199
2.173 2.983 8.3 200
2.023 2.978 8.226 201
1.62 4.45 7.431 200
0.579 6.813 6.232 203
0.184 9.787 3.962 196
-0.165 11.58 1.113 200
-0.787 11.259 -0.543 200
-2.331 9.864 -0.059 201
-4.582 6.856 1.242 200
-6.528 3.265 4.039 199
-6.038 0.023 6.275 200
-3.526 -1.663 5.786 201
0.596 -0.615 5.221 200
4.611 1.146 5.434 199
5.501 3.581 5.59 200
5.511 4.378 6.892 200
4.027 3.289 8.293 201
1.941 2.226 8.362 200
-0.011 2.975 7.582 199
-1.156 5.02 5.753 200
-1.379 8.008 3.564 200
-1.175 10.917 0.277 200
-0.366 11.219 -1.735 200
-0.368 9.497 -1.048 200
-2.523 7.635 0.749 200
-4.79 3.952 4.335 201
-4.01 0.646 6.653 199
-2.983 -0.481 7.23 201
-0.411 -0.385 5.408 201
3.442 1.817 5.379 198
3.368 4.115 6.083 200
3.129 5.08 6.706 200
2.231 4.074 8.846 200
0.497 3.648 8.528 201
0.158 4.211 7.395 201
0.021 6.224 5.26 198
0.718 8.942 2.796 203
1.209 10.137 0.169 198
1.666 10.256 -2.363 201
-0.237 9.191 -1.249 199
-3.05 7.285 -0.627 199
-6.107 4.73 0.447 201
-6.976 1.81 2.705 200
-5.276 1.386 3.548 200
-1.604 1.448 4.771 201
2.382 3.311 5.499 198
3.263 6.373 6.442 202
4.228 6.066 6.375 198
3.198 5.231 7.311 201
1.455 4.754 8.305 199
0.366 4.9 7.299 201
-0.507 6.655 6.028 201
-0.924 9.165 3.43 199
-0.586 10.623 0.184 199
0.191 10.632 -1.829 201
-1.039 8.707 -1.175 199
-2.466 7.762 0.227 201
-4.551 5.442 2.755 200
-5.037 3.134 5.698 200
-3.564 3.402 5.729 199
-2.13 3.327 6.995 200
0.766 4.577 7.17 201
1.17 5.877 7.577 200
1.13 5.592 7.898 200
1.786 4.642 7.4 200
0.308 4.96 6.959 200
-0.715 7.048 4.714 200
-1.97 9.124 1.379 201
-2.039 10.881 -1.501 199
-0.43 10.984 -2.468 201
-1.005 9.78 -0.701 198
-2.106 7.979 0.976 200
-4.548 5.178 2.734 201
-6.459 3.157 4.544 200
-5.422 2.489 3.768 200
-2.312 2.774 5.619 199
0.706 4.862 6.639 200
2.023 5.494 6.957 200
2.679 4.778 8.221 200
0.869 3.746 8.456 201
-2.209 1.711 8.566 201
-4.331 0.976 8.274 199
-6.203 -0.213 7.206 201
-5.463 -0.83 6.95 199
-4.39 -1.096 5.798 200
-7.173 1.283 3.263 199
-7.996 2.145 0.787 200
-9.588 4.122 -0.766 200
-10.84 6.093 -0.356 200
-7.79 4.441 1.355 200
-7.613 4.558 3.071 200
-7.994 4.295 2.066 200
-8.159 3.675 0.09 200
-9.052 4.434 -0.986 201
-9.605 5.279 1.163 200
-8.47 2.434 3.95 199
-5.47 -0.418 5.784 200
-2.6 -2.193 7.934 201
1.632 -2.896 6.921 199
6.114 -0.921 6.469 201
7.031 0.809 6.533 199
6.703 -0.869 5.935 201
5.88 -3.541 5.896 199
1.783 -7.692 4.187 205
1.702 -8.827 4.141 195
2.882 -7.812 4.455 201
2.815 -6.971 5.276 201
4.879 -3.749 7.752 199
2.085 -4.395 8.188 201
0.136 -4.975 5.489 199
-0.074 -6.318 3.399 199
-1.292 -5.906 3.806 201
-0.234 -3.418 4.642 201
-0.545 -1.357 7.374 198
-2.913 0.89 8.468 200
-5.212 -0.818 5.173 201
-6.131 -2.767 1.051 199
-7.4 -4.247 -3.179 201
-7.149 -5.183 -6.768 201
-7.11 -3.825 -7.149 199
-9.071 -2.985 -5.458 200
-9.457 -2.968 -2.743 200
-9.253 -2.43 1.058 200
-7.388 -2.592 4.086 200
-3.162 -2.542 6.651 199
0.881 -1.417 8.482 200
3.909 -1.091 8.47 201
6.794 1.084 8.092 201
7.125 1.845 6.782 199
6.725 1.091 5.707 199
6.995 1.405 5.137 201
5.403 -3.313 5.185 200
5.511 -5.121 5.367 200
6.624 -3.739 5.645 201
6.639 -4.082 6.643 199
6.366 -1.766 6.057 200
3.533 -3.191 7.043 200
0.773 -6.804 6.569 200
1.082 -5.805 5.904 200
1.41 -4.63 7.345 199
4.572 -2.463 6.878 200
5.681 -0.6 7.807 202
4.094 -2.138 8.487 199
2.497 -4.101 8.303 200
-0.466 -4.625 8.662 200
-2.537 -5.207 8.382 199
-3.454 -5.966 8.851 201
-2.353 -5.956 7.905 201
0.105 -6.224 7.252 198
3.002 -5.389 6.938 202
4.884 -4.838 5.219 199
5.087 -3.062 5.434 199
5.398 -1.118 6.016 201
5.075 0.603 6.991 199
4.508 3.21 8.473 200
4.316 3.727 8.81 201
2.808 4.388 8.65 199
1.673 5.097 7.443 200
0.751 6.351 5.865 200
-0.89 8.461 2.267 202
-1.18 9.425 -1.695 200
-1.019 10.014 -4.635 199
-2.317 8.542 -5.971 201
-3.897 7.094 -4.192 200
-5.844 4.304 -3.028 198
-8.013 1.558 -0.588 200
-7.206 -0.122 1.687 200
-5.207 0.102 3.083 600
-2.889 3.007 5.925 200
-1.422 4.434 7.524 200
-1.209 6.016 7.929 200
-1.106 5.365 7.718 200
-2.035 4.975 6.651 201
-1.642 6.979 4.592 201
-0.866 8.942 2.128 202
0.083 10.644 -1.319 196
2.147 10.716 -3.869 200
2.786 9.921 -5.109 200
1.376 8.851 -4.623 202
-1.089 7.728 -2.882 201
-4.496 5.743 -1.747 199
-7.474 3.148 0.615 201
-7.261 0.701 2.197 199
-5.262 0.158 3.632 200
-3.117 2.331 5.827 199
-2.061 5.722 5.99 208
-2.43 8.034 6.327 201
-3.687 8.303 6.945 201
-4.517 6.643 7.582 200
-3.756 4.606 7.532 201
-3.473 4.905 6.327 200
-2.703 6.55 4.335 202
-1.199 8.726 1.776 200
0.114 10.46 -0.237 201
1.881 9.907 -2.511 197
4.395 8.681 -3.813 202
4.314 7.208 -2.738 201
1.687 5.904 -0.902 197
-2.035 4.735 1.074 199
-6.962 2.961 2.315 203
-9.421 0.895 2.509 200
-7.048 -0.169 2.772 199
-4.031 1.055 4.335 201
-1.034 2.511 5.882 198
0.976 5.3 6.739 201
0.809 6.263 7.405 197
0.936 5.99 7.508 200
1.015 5.334 7.738 200
-0.418 5.88 6.708 200
-1.414 7.228 5.013 200
-1.663 8.825 2.944 200
-1.142 10.426 0.031 200
1.233 10.527 -2.815 200
3.102 9.373 -4.967 201
1.956 8.389 -5.971 200
-0.629 7.651 -5.511 200
-3.768 4.745 -4.809 201
-6.833 3.126 -2.504 200
-7.062 1.343 0.16 201
-6.105 1.637 1.357 199
-4.175 3.277 2.899 200
-3.567 5.41 3.543 201
-4.096 6.081 3.531 199
-4.544 4.982 4.704 198
-5.487 4.414 6.624 200
-4.934 3.478 7.005 200
-4.156 4.489 5.975 200
-3.318 6.014 3.552 200
-1.819 8.214 0.435 200
-0.064 9.203 -2.492 200
2.334 9.466 -3.955 200
3.299 8.813 -3.878 200
0.708 7.515 -3.5 200
-2.839 5.863 -3.215 200
-5.695 2.667 -4.103 200
-7.939 -0.761 -2.588 200
-7.134 -2.578 -1.012 200
-6.272 -1.438 0.691 200
-5.695 1.75 2.245 200
-5.621 4.862 0.936 201
-5.877 6.33 -0.079 199
-6.15 6.502 -0.328 200
-7.196 5.717 1.015 200
-7.508 4.843 2.81 200
-7.745 4.235 4.316 200
-6.878 3.615 4.388 200
-6.177 4.268 3.26 200
-4.314 6.545 2.451 200
-1.57 8.458 0.404 200
0.993 8.923 -1.249 200
3.411 8.607 -2.765 200
5.121 7.228 -4.39 200
5.537 5.791 -5.006 200
5.152 5.276 -5.889 340
1.067 0.912 -9.471 212
-7.242 -4.113 -9.198 208
-7.702 -3.924 -4.101 470
-8.046 -2.671 0.296 200
-6.849 -2.097 4.144 200
-5.693 -0.61 7.661 201
-5.614 -0.201 8.401 200
-5.049 0.026 8.59 199
-5.193 0.524 8.81 201
-5.533 0.086 8.887 202
-5.08 -0.196 8.283 200
-4.544 -0.845 8.762 201
-4.264 -0.897 9.282 199
-3.311 -0.804 9.641 200
-3.325 -0.739 9.442 199
-3.303 -0.665 9.363 200
-3.497 -0.586 9.1 199
-4.237 -0.555 8.82 199
-4.745 -0.483 8.911 201
-4.671 -0.629 8.906 200
-4.589 -0.572 9.042 199
-4.771 -0.368 8.949 201
-5.109 -0.5 8.633 201
-5.511 -0.052 8.427 199
-5.846 -0.124 8.121 203
-5.497 -0.435 8.183 198
-5.097 -0.584 8.434 199
-4.63 -1.084 8.789 199
-3.895 -1.206 9.145 200
-4.199 -1.3 9.32 200
-4.465 -1.12 9.315 200
-4.192 -1.625 9.078 200
-4.486 -1.371 8.978 200
-4.247 -1.11 8.786 200
-4.043 -1.134 8.719 200
-4.68 -0.445 8.839 200
-4.742 -0.5 8.827 200
-4.8 -0.421 8.738 200
-4.599 -0.679 8.652 200
-4.575 -0.715 8.609 200
-4.663 -0.821 8.667 200
-4.477 -0.885 8.655 200
-4.276 -0.555 8.911 200
-3.993 -0.495 9.179 200
-3.837 -0.45 9.119 200
-4.05 -0.531 9.212 200
-4.548 -0.478 9.014 201
-4.754 -0.802 8.736 199
-4.69 -1.024 8.681 201
-4.814 -0.993 8.621 202
-4.848 -0.974 8.628 200
-4.786 -0.837 8.609 200
-4.805 -0.821 8.585 197
-4.668 -0.914 8.64 200
-4.462 -1.058 8.741 201
-4.481 -1.017 8.769 199
-4.376 -1.041 8.573 200
-4.378 -1.029 8.604 200
-4.505 -1.017 8.532 200
-4.553 -1.11 8.611 200
-4.534 -1.273 8.741 200
-4.733 -1.383 8.477 200
-5.042 -1.515 8.322 200
-5.161 -1.699 8.231 200
-5.183 -1.493 7.994 200
-5.578 -1.254 8.207 200
-5.564 -1.17 8.257 200
-5.786 -0.964 8.051 200
-6.337 -0.984 8.319 200
-5.755 -1.18 8.425 200
-5.473 -1.139 8.432 200
-5.214 -1.177 8.585 200
-5.604 -0.761 8.379 200
-5.693 -1.127 8.13 200
-6.035 -1.211 8.015 200
-6.196 -1.158 7.977 200
-5.76 -1.537 8.188 201
-6.136 -1.108 8.192 201
-6.121 -1.086 7.948 198
-6.311 -1.144 7.805 200
-6.409 -1.139 7.651 600
-6.356 -1.168 7.472 200
-6.246 -1.175 7.778 202
-6.074 -1.046 7.886 198
-5.968 -1.094 7.912 201
-5.959 -0.701 7.769 200
-6.038 -0.665 7.682 199
-6.315 -0.588 7.515 202
-6.289 -0.615 7.347 198
-6.184 -0.754 7.651 200
-6.217 -0.656 7.666 200
-5.978 -0.732 7.881 201
-6.066 -0.49 8.099 199
-6.107 -0.691 8.147 201
-6.107 -0.746 8.099 200
-5.736 -1.101 7.829 199
-5.844 -0.909 7.958 200
-5.803 -0.974 7.92 201
-5.863 -0.972 7.908 199
-6.215 -0.675 7.943 201
-5.906 -1.467 7.929 201

# Completed @Thu Apr 29 15:41:15 GMT+01:00 2021
