# Accelerometer Data File
# Started @Thu Apr 29 15:31:40 GMT+01:00 2021
#
#
# sensor Vendor: Bosch
# sensor Name: BMA254
# sensor Resolution: 0.009576807m/sec^2; Max Range: 39.2; Min Delay: 10000 microseconds
# The sensor's attributes are the result hardware and the Android capabilities.
# It means that the Android may not utilize all features provided by the hardware.
#
# Some devices and Android versions save battery too much so the device may go to sleep.
# It just happens after couple of minutes from turning off the scree and it is easy to find it out.
#
# The following file provides the data from accelerometer in the m/s^2 format.
# The diff value is just a time delta between the samples
#
#
# data format:
# so we have 4 columns with values separated by the " "
# X Y Z time_from_previous_sample(ms)

# sensor speed set to:NORMAL
# units set to: m/sec^2
# gravity NOT filtered out
# Accuracy: HIGH
5.458 0.114 7.711 0
4.994 -0.083 7.939 199
4.663 -0.196 8.157 204
4.177 -0.196 8.786 197
4.568 -0.079 8.911 203
5.597 0.325 8.362 199
6.189 0.39 7.73 199
7.036 0.945 6.766 201
7.225 1.352 6.789 200
6.679 1.034 6.397 198
4.517 1.558 7.206 200
1.381 1.362 8.968 202
-1.568 0.845 9.301 199
-3.768 0.723 10.52 201
-4.443 -0.138 10.582 197
-3.342 -0.488 9.837 200
-0.907 -0.102 9.811 200
1.067 -0.028 8.717 201
3.711 0.859 7.129 201
3.737 2.355 7.108 199
0.964 2.868 6.988 199
-2.796 2.24 7.642 200
-6.55 1.841 7.709 200
-9.342 0.138 6.301 200
-9.777 -0.457 5.861 200
-8.224 0.706 5.729 200
-5.307 1.206 7.041 200
-0.936 2.049 7.508 200
1.137 2.748 7.508 200
-1.137 2.999 9.124 200
-4.017 1.522 8.022 201
-7.199 0.445 7.376 199
-8.609 -1.486 7.302 201
-6.698 -2.657 6.078 199
-4.223 -1.41 7.364 200
-0.902 -0.533 8.47 200
1.347 0.608 8.482 200
2.614 1.096 8.212 201
0.519 1.489 8.473 202
-4.362 0.9 7.773 198
-7.661 -0.189 6.643 199
-9.916 -1.221 5.94 200
-9.777 -2.375 5.085 202
-7.951 -2.205 6.354 198
-5.82 -0.766 7.809 200
-3.136 0.916 8.705 200
-0.828 1.659 9.009 200
-1.151 2.157 9.301 202
-3.268 2.236 9.399 198
-5.595 0.878 8.779 200
-7.223 -0.201 8.339 201
-6.777 -0.454 7.682 199
-4.067 -0.804 7.996 200
-1.491 0.28 9.411 200
1.003 1.0 9.002 204
1.9 1.134 9.337 198
1.312 1.699 9.495 198
-2.961 2.355 7.936 200
-7.185 3.833 6.725 201
-8.954 4.091 5.195 199
-11.609 3.423 3.069 200
-9.904 2.865 2.959 200
-8.798 2.087 4.498 209
-7.668 2.157 5.702 201
-4.74 2.47 7.254 200
-2.238 1.738 7.321 200
-0.842 1.695 7.967 200
-1.62 1.989 8.884 202
-2.466 2.798 9.775 198
-3.682 3.148 10.512 201
-4.668 2.442 10.575 199
-3.591 1.946 9.967 200
-2.006 0.969 9.586 201
-0.131 0.785 9.481 199
2.121 0.268 8.645 203
2.844 -0.804 8.588 197
0.976 -1.07 8.714 200
-1.381 -0.945 8.98 200
-3.998 -0.641 9.244 200
-5.363 0.165 8.92 200
-5.573 0.251 8.192 200
-5.796 0.284 8.192 200
-4.398 1.666 8.705 200
-2.762 1.893 9.011 200
-0.373 1.975 8.987 200
1.903 1.963 8.729 200
2.36 1.254 8.698 200
1.101 2.42 8.875 200
-1.455 3.737 9.112 200
-4.458 3.804 8.166 200
-6.991 2.798 5.212 200
-8.633 0.876 1.802 200
-9.114 -1.12 -1.412 200
-9.236 -2.497 -3.744 200
-8.049 -3.696 -4.108 200
-5.825 -5.657 -3.402 200
-3.433 -7.376 -1.786 200
-1.74 -7.501 1.154 200
-2.908 -6.162 4.58 200
-4.675 -4.125 7.426 200
-7.388 -2.135 7.469 203
-9.471 -0.758 5.149 200
-9.677 -0.141 1.697 197
-9.686 -0.179 -1.97 200
-9.368 -0.632 -4.18 200
-7.975 -2.516 -5.442 200
-2.161 -3.866 -4.055 201
-0.301 -4.999 -1.359 199
2.786 -5.204 2.664 202
2.073 -3.462 7.084 198
-2.255 -2.918 9.002 200
-4.69 -1.968 7.637 200
-8.793 -1.144 5.09 200
-9.32 -0.878 2.015 200
-10.342 -0.328 -1.185 202
-9.296 -0.799 -2.937 198
-6.37 -2.37 -3.948 201
-2.904 -4.754 -3.986 199
-0.517 -6.619 -1.697 200
1.529 -6.09 2.612 200
-0.629 -4.838 7.041 200
-3.888 -2.784 8.927 200
-6.385 -0.383 6.754 200
-9.066 0.407 3.143 200
-9.042 0.464 -1.455 201
-8.066 -0.464 -4.582 199
-5.803 -2.355 -5.65 200
-2.236 -4.551 -5.968 200
1.139 -6.064 -4.826 200
3.402 -5.781 -1.07 200
-0.773 -5.41 3.375 200
-3.993 -4.122 4.515 200
-8.111 -2.116 4.182 202
-11.331 -0.555 0.871 198
-9.169 0.699 -2.798 200
-9.339 0.802 -4.177 200
-7.019 -0.289 -5.504 200
-4.848 -2.602 -6.126 200
-1.307 -4.381 -6.416 202
1.635 -5.966 -5.949 198
3.162 -7.103 -3.641 202
2.157 -5.76 1.031 198
-1.802 -4.673 5.197 200
-4.606 -3.213 5.142 200
-7.922 -0.691 3.229 200
-8.82 -0.325 -0.751 200
-8.212 0.763 -5.365 202
-7.742 1.034 -5.923 198
-6.845 -0.617 -6.004 201
-6.15 -2.817 -6.157 199
-4.209 -5.367 -4.862 200
-7.448 -5.626 -3.995 200
-7.031 -5.983 -3.572 200
-4.268 -5.195 -1.738 200
-4.0 -3.406 2.722 200
0.292 -3.797 5.671 200
0.902 0.052 8.535 200
-1.388 4.551 8.777 200
-2.456 7.881 5.248 200
-3.665 9.725 3.22 200
-5.504 7.125 1.97 200
-6.596 3.081 1.956 200
-7.812 -0.349 2.947 200
-8.465 -2.367 2.525 200
-6.833 -4.194 1.951 200
-6.509 -5.446 1.297 200
-6.342 -6.265 -1.905 200
-4.335 -6.121 -3.186 200
-6.272 -4.697 -3.931 200
-7.58 -3.282 -4.426 200
-8.286 -1.414 -2.959 200
-9.528 -0.792 -3.002 201
-7.711 -1.058 -3.799 199
-4.56 -1.161 -5.422 201
-3.485 -2.959 -7.436 206
-4.417 -1.237 -7.592 193
-5.908 1.91 -5.865 201
-8.236 3.074 -3.643 199
-6.859 4.783 -1.793 202
-6.469 2.516 1.357 198
-7.115 1.58 2.214 200
-7.465 2.31 3.047 200
-9.246 3.663 3.646 200
-8.671 6.83 1.683 200
-7.869 6.799 0.057 200
-5.659 5.291 -1.067 200
-7.084 3.002 -0.304 200
-8.856 2.286 1.292 201
-9.093 2.051 3.177 200
-10.975 3.198 3.502 200
-9.715 5.102 1.663 199
-7.994 3.828 1.493 200
-10.328 5.626 1.225 200
-10.532 5.856 2.291 203
-10.963 5.051 3.651 197
-11.319 5.616 2.217 200
-7.448 3.071 -0.268 200
-7.156 2.205 -2.54 200
-7.915 3.962 -3.354 201
-7.716 3.746 -4.498 199
-6.959 3.9 -5.568 200
-6.021 5.111 -5.173 200
-5.47 4.656 -4.395 200
-5.659 6.332 -1.352 200
-6.742 7.908 0.615 200
-5.944 8.003 0.296 200
-5.513 6.797 -1.043 202
-4.917 4.898 -4.508 198
-5.647 2.875 -6.847 200
-7.41 -0.15 -7.11 201
-6.682 -2.133 -4.019 199
-6.191 -2.595 -0.265 200
-6.636 -2.439 4.474 200
-5.832 -1.28 7.692 202
-5.875 -0.313 7.967 198
-6.05 -0.902 8.403 202
-4.948 -1.601 8.453 198
-5.619 -2.051 8.949 201
-5.583 -2.729 7.738 199
-6.042 -2.169 8.643 200
-5.858 -2.279 8.904 200
-5.379 -2.094 8.604 200
-5.331 -1.826 9.528 200
-5.166 -2.293 8.535 202
-5.343 -2.145 8.487 198
-5.279 -2.135 8.295 203
-5.746 -1.699 8.817 207

# Completed @Thu Apr 29 15:32:26 GMT+01:00 2021
