# Accelerometer Data File
# Started @Thu Mar 25 14:21:07 GMT 2021
#
#
# sensor Vendor: Bosch
# sensor Name: BMA254
# sensor Resolution: 0.009576807m/sec^2; Max Range: 39.2; Min Delay: 10000 microseconds
# The sensor's attributes are the result hardware and the Android capabilities.
# It means that the Android may not utilize all features provided by the hardware.
#
# Some devices and Android versions save battery too much so the device may go to sleep.
# It just happens after couple of minutes from turning off the scree and it is easy to find it out.
#
# The following file provides the data from accelerometer in the m/s^2 format.
# The diff value is just a time delta between the samples
#
#
# data format:
# so we have 4 columns with values separated by the " "
# X Y Z time_from_previous_sample(ms)

# sensor speed set to:NORMAL
# units set to: m/sec^2
# gravity NOT filtered out
# Accuracy: HIGH
1.75 -1.438 9.691 0
1.673 -1.357 9.684 200
1.426 -1.446 9.751 200
1.467 -1.359 9.708 200
1.525 -1.551 9.55 200
1.431 -1.551 9.402 199
1.187 -2.09 8.923 201
0.215 -2.935 9.062 199
-0.754 -4.046 9.004 201
-1.563 -5.118 8.602 201
-1.972 -5.805 8.525 199
-1.922 -5.99 7.953 201
-2.173 -5.363 7.465 199
-2.43 -5.066 7.582 199
-2.377 -4.644 7.85 201
-2.865 -4.606 8.295 200
-2.863 -4.764 9.387 200
-1.824 -4.175 10.153 199
-0.217 -2.901 10.091 201
2.549 -2.41 8.985 201
4.663 -4.477 6.897 198
0.119 -7.232 6.454 200
-4.144 -7.893 7.278 200
-5.327 -8.418 7.199 603
-9.849 -6.459 10.345 198
-7.39 -4.137 9.742 202
-4.11 -1.587 9.27 198
-3.153 -0.447 9.184 201
1.927 -1.596 5.796 202
-0.141 -4.56 6.339 198
-3.066 -6.438 6.531 201
-2.995 -6.277 7.307 198
-3.392 -5.221 8.535 201
2.3 -4.0 6.495 210
-0.035 -4.122 8.001 203
-3.873 -3.892 7.491 196
-5.307 -2.054 7.407 200
-5.834 0.059 8.99 204
0.071 -3.265 5.231 195
-0.61 -3.746 7.378 200
-2.032 -4.46 7.369 201
-3.675 -3.605 8.535 202
-3.303 -1.572 9.847 203
0.179 -4.812 6.167 197
-1.115 -5.109 7.113 201
-3.047 -5.171 5.523 199
-4.129 -3.758 6.083 198
-2.147 -2.221 8.159 201
-2.896 -5.817 6.454 202
-2.844 -6.117 8.659 198
-2.09 -5.487 7.328 201
-3.363 -4.132 7.254 200
1.338 -1.395 8.374 199
1.508 -5.683 5.319 202
-3.186 -6.56 7.896 196
-3.871 -5.365 6.861 200
-3.519 -4.963 7.184 201
0.792 -3.131 7.053 201
-0.126 -6.873 5.698 201
-3.813 -7.366 7.831 200
-5.406 -6.44 8.88 201
-6.988 -4.331 10.821 198
-1.086 -2.006 10.194 202
-2.489 -6.481 8.549 197
-5.734 -6.366 7.898 202
-5.971 -5.063 6.904 200
-6.32 -2.861 7.177 200
0.83 -0.746 6.667 200
2.65 -3.919 4.948 201
-0.462 -5.226 5.951 206
-3.445 -5.714 5.695 203
-5.6 -3.076 7.431 199
-1.953 -0.825 8.106 201
1.35 -2.102 6.837 201
0.699 -3.038 8.35 198
-1.783 -2.975 8.65 202
-3.794 -0.859 9.514 199
-3.253 0.016 10.484 202
0.909 -0.543 8.197 199
0.301 -3.105 7.338 200
-2.212 -4.831 7.201 199
-2.047 -3.076 7.187 201
-2.293 -1.043 8.477 197
2.379 0.0 8.121 203
5.214 -2.205 6.129 200
1.331 -3.586 6.854 199
-1.896 -4.084 6.378 201
-2.58 -2.226 6.995 200
-1.79 -0.385 8.655 200
2.097 -1.276 7.17 199
0.624 -3.73 7.86 201
-4.043 -4.118 7.922 200
-4.489 -2.7 7.235 199
-4.912 -1.027 8.006 200
0.517 -0.383 6.909 200
3.988 -3.387 4.946 200
0.126 -4.129 6.414 200
-1.697 -4.192 5.908 201
-3.349 -1.917 7.611 199
-2.612 0.339 9.172 198
1.805 -0.845 8.231 200
0.541 -3.478 7.857 200
-3.078 -4.41 8.054 202
-3.943 -3.438 7.79 200
-5.075 -1.994 8.339 201
-1.472 -0.191 9.543 199
3.181 -1.383 8.022 200
0.608 -2.942 8.65 200
-1.889 -2.681 8.82 200
-2.937 -1.537 9.639 199
-3.742 0.217 10.254 200
0.141 -0.323 9.84 201
2.518 -2.832 8.614 198
-0.136 -3.687 8.09 200
-3.277 -3.529 8.039 200
-3.775 -1.527 8.604 202
-2.755 -0.215 9.469 200
0.907 -1.711 7.812 200
0.881 -4.661 7.07 200
-2.808 -4.967 6.402 198
-2.978 -3.727 5.214 201
-4.242 -1.422 6.607 200
-0.811 0.531 7.623 201
4.053 -1.031 7.443 200
0.505 -3.711 7.467 200
-3.196 -4.103 7.326 198
-6.612 -3.32 6.21 199
-6.203 -2.834 7.431 203
-2.437 -0.818 8.022 201
-1.81 -0.73 7.69 200
-0.699 0.699 8.813 199
-0.624 1.541 7.623 200
-4.273 2.712 7.805 200
-3.062 5.001 6.196 201
-2.03 3.28 6.112 199
-0.866 3.529 5.533 200
-1.587 2.638 6.107 198
-2.724 2.98 7.668 200
-4.853 4.302 7.304 208
-9.169 4.671 8.743 195
-4.656 5.329 7.896 199
-2.312 3.775 8.18 200
-2.683 5.731 5.695 201
-2.652 5.568 4.168 199
-2.667 6.028 4.362 199
-2.3 5.19 6.754 202
-0.193 2.949 9.737 198
-2.71 4.299 9.591 203
-4.759 4.17 9.935 198
-1.498 4.276 7.503 199
0.811 3.021 6.888 200
-0.162 4.888 5.746 201
-1.92 5.231 3.912 200
-5.518 5.516 3.897 197
-3.651 6.584 4.343 200
-1.01 3.653 4.721 200
-1.06 4.888 5.489 200
-1.11 6.428 4.39 200
-4.836 6.988 2.358 200
1.158 6.801 2.035 200
0.196 4.989 2.964 200
-3.009 4.606 2.552 201
-4.086 4.07 3.904 203
-8.451 4.594 7.015 200
-2.082 4.951 5.451 199
0.553 3.33 6.54 201
-0.217 3.612 6.957 200
-2.288 4.601 6.215 200
-6.153 4.465 7.448 200
-2.322 4.893 6.447 200
-1.41 4.589 5.688 200
-2.477 5.683 3.49 199
-2.741 6.095 3.55 207
-2.772 5.906 2.952 202
-0.248 5.032 3.088 201
0.782 4.077 4.999 201
0.912 4.331 5.635 199
-2.583 5.018 7.58 199
-5.099 6.011 8.441 202
-3.916 4.656 8.801 199
-3.569 3.296 8.422 201
-3.385 2.312 8.128 198
-0.866 0.311 7.879 201
-2.698 -2.451 7.252 201
-4.534 -4.151 6.588 199
-5.834 -4.611 5.844 200
-6.986 -2.573 5.978 202
-3.435 -0.045 6.394 204
0.651 0.845 6.476 205
4.355 -0.893 6.569 199
2.671 -4.065 5.93 202
-1.91 -5.521 6.849 197
-3.605 -4.086 6.758 202
-5.056 -2.006 7.872 200
-1.678 0.474 8.42 197
3.921 -0.541 6.452 201
1.527 -4.264 7.85 201
-0.916 -5.231 8.099 200
-1.697 -4.838 7.029 204
-3.545 -2.308 8.461 196
0.086 0.158 7.795 200
4.266 -0.763 6.797 206
1.946 -3.77 7.029 204
-1.448 -4.644 7.601 203
-1.276 -3.579 7.0 198
-3.234 -1.908 7.845 200
-0.646 0.035 8.722 197
3.909 -1.596 7.132 204
-0.277 -4.934 8.075 198
-3.445 -4.951 7.632 201
-4.077 -3.313 8.623 199
-4.975 -1.118 9.495 199
-0.933 0.241 9.198 201
3.842 -1.35 8.487 201
0.495 -4.711 7.685 198
-3.488 -5.396 8.066 200
-4.632 -3.069 8.58 201
-5.54 -1.453 9.579 200
-1.027 -0.749 8.595 201
3.541 -2.255 7.144 198
0.756 -4.85 7.501 201
-3.588 -5.19 7.213 201
-5.231 -3.045 9.114 198
-5.683 -1.175 10.431 202
-1.06 -0.555 9.1 197
2.964 -2.396 7.927 203
-0.112 -3.773 7.946 199
-1.637 -2.806 5.705 201
-3.512 -1.383 6.78 205
-2.777 0.445 7.951 202
2.047 -0.572 6.095 200
1.699 -4.268 6.691 200
-0.811 -5.839 6.074 200
-0.861 -5.221 4.716 201
-2.679 -3.145 5.954 199
-0.28 -0.718 7.297 202
4.388 -1.632 6.186 200
1.541 -4.709 7.11 201
-2.7 -5.011 8.03 197
-3.306 -3.6 7.326 200
-4.953 -1.58 8.688 203
-1.826 0.395 9.406 199
3.526 -1.826 6.464 200
-0.146 -5.097 8.418 201
-4.577 -6.291 8.329 198
-5.602 -3.976 8.82 202
-6.339 -1.807 10.366 199
-0.95 -1.182 8.707 201
3.308 -2.444 7.388 198
0.428 -4.97 7.802 198
-3.162 -4.967 7.323 201
-4.486 -2.157 7.692 202
-4.077 -0.143 8.87 200
0.198 -0.138 7.264 199
3.658 -2.303 6.505 200
-0.538 -4.24 7.747 201
-2.585 -3.153 6.861 197
-3.28 -2.379 7.587 200
-2.487 -0.143 8.817 201
2.683 -0.572 6.677 202
3.667 -3.184 6.179 200
-0.366 -3.471 7.05 200
0.325 -2.892 5.506 198
-1.829 -1.18 7.153 202
-1.022 0.313 8.449 200
3.466 -0.837 6.572 200
-0.586 -4.948 7.575 200
-3.361 -6.799 7.68 204
-3.124 -6.452 6.447 194
-3.804 -5.123 7.232 200
0.502 -2.997 7.201 202
4.896 -3.971 5.26 199
2.645 -6.459 7.091 201
-0.395 -6.598 6.564 200
-1.81 -4.182 7.182 199
-2.506 -1.965 8.54 202
0.876 -0.014 7.386 199
3.62 -1.699 7.352 200
0.61 -5.24 7.666 199
-3.076 -5.877 7.644 201
-3.897 -4.601 8.248 200
-4.513 -1.989 8.753 199
-0.804 -0.744 8.078 201
3.615 -1.994 7.151 200
-0.225 -5.068 7.52 200
-3.05 -7.833 7.654 199
-4.213 -6.426 6.792 200
-5.573 -4.697 7.757 200
-1.28 -3.809 7.115 202
2.865 -3.96 5.293 199
-0.481 -6.823 7.254 200
-3.325 -6.186 7.242 199
-5.008 -3.933 8.01 200
-5.063 -2.173 10.084 201
-0.814 -0.746 8.64 207
-0.974 -4.05 7.457 200
-4.316 -6.071 7.548 201
-4.843 -4.659 6.236 200
-6.205 -3.787 7.412 202
-1.687 -1.793 8.075 201
2.887 -2.839 6.184 199
-0.354 -5.506 7.673 200
-1.491 -4.776 6.584 199
-2.466 -7.132 6.11 202
-4.644 -7.295 6.682 200
-4.96 -7.699 6.651 198
-6.921 -8.489 6.303 202
-7.601 -5.554 6.682 203
-6.579 -4.223 7.347 196
-6.943 -2.657 7.017 200
-7.134 -1.711 7.671 200
-5.135 -4.096 7.74 201
-5.597 -5.631 5.896 198
-5.453 -7.347 6.342 202
-4.654 -9.306 6.39 198
-9.279 -6.734 5.331 202
-9.418 -3.703 7.072 199
-5.959 -1.031 6.548 201
-1.024 -1.388 6.344 200
2.688 -3.347 6.387 199
1.125 -5.865 7.362 198
-1.462 -6.074 7.611 200
-4.252 -3.129 8.372 205
-3.526 -2.267 9.591 197
-0.287 -2.48 7.881 200
-1.422 -3.754 8.403 205
-2.834 -7.366 8.676 193
-3.457 -8.489 7.826 202
-6.332 -7.898 8.034 200
-3.773 -8.724 7.065 199
-3.622 -7.929 5.379 201
-7.541 -7.156 4.601 200
-7.829 -6.382 3.861 200
-8.018 -5.013 3.988 199
-6.715 -3.823 5.24 201
-4.333 -2.758 7.603 200
-2.41 -2.202 9.54 200
-1.551 -1.407 9.837 199
-0.608 -1.271 9.315 201
0.402 -1.082 8.88 201
1.048 -1.048 8.678 199
0.957 -1.431 9.382 200
0.347 -1.584 10.096 200
-0.033 -1.812 10.192 200
-0.313 -1.608 10.218 199
-0.21 -1.417 9.064 201
-0.385 -2.08 9.543 200
-0.43 -3.059 9.109 200
-0.497 -4.264 8.554 201
-0.581 -4.541 9.437 200
0.1 -3.773 8.212 198
-0.481 -3.629 9.258 201
-1.11 -3.234 9.689 201
-1.218 -3.493 9.318 200
-1.999 -3.552 10.247 199
-1.75 -2.597 9.713 197
-1.211 -2.02 9.885 201
-0.727 -1.613 9.923 203
-0.1 -1.34 9.67 199
0.165 -1.328 9.739 198
0.339 -1.28 9.682 202
0.26 -1.288 9.768 199
0.344 -1.412 9.835 201
0.531 -1.185 9.749 200
0.703 -1.115 9.821 200
0.849 -0.981 9.883 200
1.048 -0.73 9.823 200
1.168 -0.644 9.907 200
0.392 -0.895 10.546 201
0.45 -0.756 10.465 199
0.284 -0.593 10.508 201
0.248 -0.294 10.378 200
0.883 0.284 9.801 200
0.797 0.361 9.828 198
0.703 0.414 9.598 202
0.586 -0.069 9.516 200
0.26 -0.739 9.792 199
-0.39 -2.145 9.868 203
-0.859 -3.45 9.682 196
-1.206 -3.342 9.454 202
-1.252 -2.621 8.949 198
-1.063 -0.814 8.87 203
-1.833 -0.586 9.686 198
-2.813 -0.38 9.801 199
-2.875 -0.849 9.811 200
-2.595 -1.455 9.167 199
-1.323 -0.694 9.014 201
-0.464 -2.051 9.315 200
-0.292 -2.817 9.083 202
-0.179 -3.493 9.402 199
-0.059 -3.507 9.119 200
0.208 -2.954 9.71 200
-0.05 -2.104 9.873 201
-0.524 -1.175 9.916 200
-0.895 -0.95 9.921 200
-0.711 -0.179 9.284 199
-0.055 -0.138 9.414 200
0.529 -0.32 9.653 198
0.995 -0.49 9.636 203
1.228 -0.725 9.682 199
1.12 -0.754 9.794 200
1.807 -0.814 9.442 201
1.726 -0.703 9.574 199
1.707 -0.493 9.531 201
1.776 -0.304 9.528 200
0.902 0.026 9.964 199
0.727 0.323 9.782 201
0.418 0.469 9.722 200
0.387 0.337 9.828 199
0.445 0.043 9.737 199
0.476 -0.481 9.809 199
0.694 -0.804 9.825 202
0.478 -1.264 10.041 200
0.849 -1.127 9.84 200
0.938 -0.792 9.734 200
0.679 -0.624 10.005 200
0.96 0.543 9.485 201
0.859 0.876 9.607 200
1.072 1.18 9.73 197
1.654 1.491 9.402 203
1.917 1.072 9.629 200
2.085 1.142 9.5 199
2.102 1.103 9.414 201
1.91 1.156 9.452 200
1.762 1.328 9.418 200
1.46 1.213 9.737 198
1.233 1.113 9.797 200
1.211 0.78 9.789 201
1.242 0.553 9.852 201
1.242 0.294 9.756 200
1.216 -0.064 9.751 198
0.761 0.014 9.849 201
0.627 -0.435 9.856 201
0.32 -0.739 9.88 200
0.136 -0.409 9.821 198
0.189 -0.524 9.674 201
-0.007 -0.155 9.732 200
0.181 -0.191 9.674 200
0.294 0.071 10.603 201
-2.408 1.235 9.658 199
-1.96 1.414 8.954 201
-1.735 2.324 8.236 201
-0.84 2.288 7.053 199
2.865 1.376 7.912 199
3.299 1.343 8.2 201
3.806 1.101 8.767 200
3.452 1.233 8.858 198
3.229 1.338 8.942 200
3.272 1.537 9.021 202
3.342 1.503 8.927 200
3.363 1.307 9.062 199
3.239 1.35 9.155 199
2.964 1.369 9.217 202
2.719 1.458 9.402 200
2.703 1.278 9.528 200
2.726 1.027 9.473 200
2.64 0.945 9.56 199
2.549 0.756 9.612 201
2.497 0.785 9.521 200
2.396 0.871 9.49 199
2.365 0.933 9.464 199
2.13 1.165 9.533 201
1.783 1.838 9.485 200
1.386 2.138 9.488 199
1.13 1.965 9.519 201
1.074 1.431 9.576 201
0.952 0.349 9.804 200
0.919 -0.112 10.031 199
0.591 -0.208 10.223 200
0.251 0.016 10.184 201
-0.442 0.471 10.103 200
-0.969 0.44 10.046 198
-1.079 0.349 9.753 202
-1.12 -0.462 9.921 199
-0.27 -1.302 9.852 201
0.567 -2.147 9.641 200
1.074 -2.791 9.844 196
1.448 -2.597 9.598 200
1.426 -2.461 9.612 200
1.323 -2.152 9.73 202
1.283 -1.991 9.634 199
1.283 -1.991 9.634 200
1.283 -1.991 9.634 210
1.283 -1.991 9.634 199
1.283 -1.991 9.634 202
1.283 -1.991 9.634 200
1.283 -1.991 9.634 202
1.283 -1.991 9.634 198
1.283 -1.991 9.634 202
1.283 -1.991 9.634 200
1.283 -1.991 9.634 200
1.283 -1.991 9.634 200
1.283 -1.991 9.634 200
1.283 -1.991 9.634 197
1.283 -1.991 9.634 200
1.283 -1.991 9.634 200
1.283 -1.991 9.634 200
1.517 -1.367 9.593 200
1.731 -0.754 9.55 200
1.956 -0.064 9.552 200
2.032 0.675 9.471 202
1.939 0.435 9.567 198
1.805 0.232 9.715 200
1.683 -0.11 9.773 204
1.707 -0.44 9.825 195
2.398 -0.632 9.337 201
2.444 -0.656 9.174 199
2.53 -0.653 9.16 203
2.444 -0.565 9.215 200
1.604 -0.229 9.66 199
1.517 -0.083 9.715 202
1.321 0.064 9.701 199
1.34 0.045 9.662 201
1.41 -0.016 9.667 199
1.386 -0.086 9.749 201
1.467 -0.15 9.739 208
1.484 -0.282 9.792 201
1.503 -0.272 9.837 200
-0.665 -0.572 11.173 197
-0.761 -0.529 11.231 200
-0.749 -0.469 11.221 200
-0.761 -0.459 11.183 201
1.644 -0.237 9.749 200
1.369 -0.191 9.701 200
1.405 -0.11 9.655 200
1.362 -0.083 9.634 199
1.156 0.052 9.727 200
1.623 0.045 9.512 202
1.877 -0.093 9.208 199
1.944 -0.129 9.279 200
1.91 -0.15 9.186 200
1.757 -0.208 9.493 200
1.383 -0.045 9.957 202
1.47 -0.074 9.816 197
1.534 -0.124 9.816 202
1.62 -0.074 9.624 198
1.687 -0.102 9.516 202
1.702 -0.052 9.612 202
1.498 -0.023 9.804 197
1.601 0.026 9.828 200
1.781 0.102 9.773 200
1.776 0.186 9.732 200
2.07 0.234 9.55 200
2.001 0.232 9.615 204
1.996 0.167 9.646 197
2.054 0.011 9.651 202
2.097 -0.026 9.586 200
2.226 -0.011 9.595 199
2.245 -0.081 9.493 201
2.099 -0.105 9.469 200
2.157 -0.217 9.514 200
2.255 -0.275 9.437 199
2.379 -0.282 9.521 200
2.765 -0.363 9.308 200
2.77 -0.263 9.277 201
2.822 -0.383 9.236 197
2.801 -0.411 9.184 199
2.686 -0.272 9.299 204
2.676 -0.385 9.38 204
2.475 -0.426 9.418 199
2.406 -0.457 9.481 195
2.327 -0.517 9.555 202
2.408 -0.514 9.533 200
2.516 -0.452 9.619 198
2.798 -0.509 9.488 201
2.631 -0.483 9.504 197
2.59 -0.478 9.442 200
2.324 -0.294 9.406 600
2.059 -0.035 9.502 200
2.099 0.119 9.536 200
2.085 0.423 9.524 200
2.14 0.304 9.495 200
2.039 0.251 9.56 200
1.96 0.196 9.576 202
1.752 0.023 9.665 199
1.752 0.064 9.665 202
1.651 0.047 9.624 200
1.594 -0.002 9.672 200
1.62 -0.016 9.61 198
1.546 -0.09 9.78 206
1.508 -0.22 9.809 194
1.515 -0.277 9.813 202
1.455 -0.311 9.868 201
1.484 -0.418 9.782 198
1.661 -0.462 9.811 201
1.8 -0.478 9.782 197
1.941 -0.603 9.715 202
2.037 -0.45 9.655 200
1.915 -0.284 9.524 199
1.812 -0.256 9.471 200
1.704 -0.102 9.56 200
1.661 -0.229 9.583 199
1.606 -0.342 9.744 200
1.628 -0.409 9.758 201
1.647 -0.545 9.727 200
1.654 -0.55 9.734 200
1.766 -0.495 9.66 200
1.874 -0.517 9.624 199
1.932 -0.452 9.655 200
2.066 -0.512 9.615 200
2.075 -0.497 9.622 200
2.015 -0.493 9.691 200
1.965 -0.529 9.665 201
1.857 -0.474 9.708 200
1.8 -0.533 9.72 200
1.798 -0.428 9.727 201
1.795 -0.332 9.744 198
1.75 -0.323 9.715 200
1.747 -0.325 9.727 200
1.726 -0.351 9.66 202
1.754 -0.49 9.612 200
1.752 -0.509 9.639 200
1.781 -0.521 9.6 205
1.793 -0.593 9.658 193
1.786 -0.562 9.715 202
1.817 -0.545 9.686 200
1.833 -0.598 9.682 199
1.838 -0.636 9.655 200
1.9 -0.634 9.593 199
1.934 -0.612 9.641 200
1.91 -0.49 9.67 200
1.884 -0.411 9.718 200
1.824 -0.416 9.734 201
1.8 -0.483 9.703 199
1.824 -0.541 9.701 201
1.869 -0.548 9.694 200
1.893 -0.56 9.715 200
1.948 -0.593 9.768 201

# Completed @Thu Mar 25 14:23:14 GMT 2021
