# Accelerometer Data File
# Started @Fri May 07 16:20:46 GMT+01:00 2021
#
#
# sensor Vendor: Bosch
# sensor Name: BMA254
# sensor Resolution: 0.009576807m/sec^2; Max Range: 39.2; Min Delay: 10000 microseconds
# The sensor's attributes are the result hardware and the Android capabilities.
# It means that the Android may not utilize all features provided by the hardware.
#
# Some devices and Android versions save battery too much so the device may go to sleep.
# It just happens after couple of minutes from turning off the scree and it is easy to find it out.
#
# The following file provides the data from accelerometer in the m/s^2 format.
# The diff value is just a time delta between the samples
#
#
# data format:
# so we have 4 columns with values separated by the " "
# X Y Z time_from_previous_sample(ms)

# sensor speed set to:FASTEST
# units set to: m/sec^2
# gravity NOT filtered out
# Accuracy: HIGH
6.311 5.781 3.778 0
6.392 5.664 3.696 9
6.473 5.626 3.811 11
6.732 5.209 3.919 10
7.06 4.891 3.998 10
7.587 4.309 3.861 9
7.963 3.667 3.639 11
8.24 3.682 3.462 9
8.377 3.993 3.507 11
8.315 4.568 3.768 10
8.118 5.001 3.991 9
7.843 5.157 4.175 10
7.728 4.934 4.096 11
7.728 4.69 3.986 10
7.862 4.587 3.914 10
7.884 4.604 3.739 10
7.728 4.955 3.845 9
7.457 5.329 3.981 10
7.086 5.647 4.247 10
6.828 5.846 4.616 10
6.861 5.762 4.402 11
6.758 5.92 4.199 9
6.756 6.133 3.866 10
6.545 6.306 3.584 11
6.2 6.507 3.643 10
5.997 6.289 3.557 9
5.911 5.992 3.406 11
6.033 5.736 3.205 10
6.258 5.413 3.172 9
6.648 5.286 3.198 11
6.921 5.238 3.289 10
7.173 5.178 3.246 10
7.321 5.185 3.035 10
7.146 5.178 2.681 10
6.653 5.439 2.073 10
6.181 5.712 1.599 10
5.36 6.157 1.505 10
4.692 6.598 1.632 10
4.362 6.612 2.492 10
4.52 6.382 3.145 10
5.027 5.98 3.418 10
6.141 5.451 3.684 10
7.383 5.073 3.366 10
8.137 4.939 3.253 10
8.564 5.008 3.239 10
8.384 5.204 3.232 10
7.632 5.714 3.5 10
6.603 6.356 3.73 10
5.901 6.794 3.861 10
5.157 7.345 3.869 10
4.836 7.589 3.706 10
4.714 7.709 3.533 10
4.07 7.603 3.428 10
3.469 7.386 3.447 10
2.054 6.936 3.442 10
0.366 6.495 3.471 10
-0.799 6.279 3.433 10
-1.616 6.737 3.174 10
-1.618 7.426 2.94 10
-1.007 8.942 2.504 10
-0.478 10.429 2.791 10
-0.299 11.243 3.299 10
-0.002 11.314 4.28 10
0.033 10.544 5.477 10
0.94 9.232 6.193 10
2.561 7.817 6.974 10
4.065 7.144 7.28 10
5.556 6.782 7.869 10
6.258 6.991 8.216 10
6.011 7.493 8.916 10
5.59 7.955 9.555 10
5.181 8.106 9.911 10
4.73 8.046 10.225 10
4.45 7.553 9.876 10
4.345 7.101 9.586 10
4.177 6.517 9.1 10
4.05 6.143 8.657 11
3.869 6.09 8.358 9
3.402 5.999 8.123 10
2.997 6.04 8.085 10
2.456 5.916 7.912 10
2.035 5.712 7.843 10
1.97 5.351 7.58 10
1.944 4.848 7.003 10
2.054 4.51 6.56 10
1.762 4.055 5.959 10
1.072 3.536 6.076 10
0.344 3.157 6.507 10
-0.392 2.384 7.117 10
-0.727 1.728 7.886 10
-0.699 1.079 7.963 10
-0.672 0.493 7.855 10
-0.636 0.301 7.568 10
-0.828 0.328 7.582 10
-1.058 0.608 7.699 10
-1.544 0.656 8.339 10
-1.853 0.651 8.985 10
-1.934 0.428 9.33 10
-1.766 0.416 8.978 10
-1.424 0.517 8.104 10
-1.259 0.67 7.223 10
-1.326 0.706 6.495 10
-1.642 0.531 6.464 10
-2.133 0.545 6.727 10
-2.899 0.701 7.062 10
-3.433 0.974 7.244 10
-4.249 1.06 7.685 10
-4.807 1.015 8.015 10
-4.97 0.711 8.295 10
-4.865 0.397 8.293 13
-4.477 0.27 8.032 7
-4.005 0.146 7.682 10
-3.866 0.124 7.321 10
-3.995 0.112 7.242 10
-4.548 0.694 7.271 10
-5.185 1.273 7.388 10
-5.02 1.843 7.477 10
-4.934 1.96 7.589 10
-4.424 1.484 7.594 10
-4.338 0.919 7.326 10
-4.841 0.378 7.077 10
-5.097 0.237 6.916 10
-4.881 0.246 6.703 10
-4.242 0.344 6.763 10
-3.734 0.246 6.912 10
-3.658 0.447 7.05 10
-4.053 0.497 7.242 10
-4.469 0.914 7.63 10
-4.754 1.527 7.929 10
-4.465 1.855 8.252 10
-4.359 2.075 8.667 9
-4.232 1.929 8.884 10
-4.23 1.79 9.174 10
-4.539 1.69 9.337 10
-4.788 1.702 9.713 11
-5.082 1.563 10.362 9
-5.252 1.417 10.939 10
-5.528 0.761 11.719 20
-5.679 0.1 12.196 11
-5.736 -0.73 12.636 10
-5.877 -1.539 13.18 19
-5.961 -1.91 13.194 10
-6.045 -2.281 13.208 10
-5.817 -2.231 12.89 10
-5.506 -2.202 12.469 10
-4.86 -1.939 12.385 10
-4.185 -1.666 12.1 10
-3.869 -1.493 11.911 12
-3.11 -1.745 11.769 19
-2.638 -2.159 11.616 10
-2.394 -2.564 11.559 10
-2.149 -2.968 11.501 10
-2.389 -3.047 11.295 10
-2.619 -3.409 10.91 10
-2.65 -3.79 10.63 10
-2.537 -4.249 10.35 10
-2.384 -4.611 10.17 10
-2.394 -4.584 10.158 10
-2.655 -4.52 10.199 10
-3.059 -4.376 10.24 10
-3.33 -4.094 10.407 10
-3.39 -3.722 10.551 10
-3.198 -3.39 10.642 10
-2.949 -3.055 10.67 11
-2.834 -2.858 10.572 9
-2.667 -3.076 10.388 10
-2.363 -3.505 9.974 10
-2.116 -3.936 9.622 10
-1.924 -4.584 9.136 10
-1.843 -5.013 8.772 10
-1.855 -5.276 8.532 10
-1.659 -5.497 8.358 10
-1.407 -5.499 8.317 10
-0.969 -5.48 8.224 10
-0.397 -5.293 8.19 10
-0.033 -5.149 8.092 10
0.375 -4.867 7.987 10
0.598 -4.606 7.934 10
0.761 -4.283 7.931 10
0.948 -3.763 7.97 10
1.089 -3.383 8.015 10
1.098 -2.892 8.099 10
0.991 -2.585 8.178 10
0.677 -2.296 8.434 10
0.213 -1.747 9.035 10
-0.119 -1.309 9.598 10
-0.423 -0.6 10.206 10
-0.545 -0.071 10.596 10
-0.363 0.426 10.515 10
-0.119 0.995 10.405 10
0.095 1.295 10.249 10
0.328 1.64 10.11 10
0.38 1.843 10.16 10
0.371 1.975 10.24 10
0.387 2.161 10.342 10
0.387 2.303 10.429 10
0.45 2.36 10.524 10
0.497 2.42 10.663 10
0.519 2.425 10.778 10
0.5 2.245 10.855 10
0.445 2.063 10.86 10
0.411 1.994 10.711 10
0.44 2.087 10.596 10
0.509 2.365 10.52 10
0.562 2.647 10.481 10
0.543 2.968 10.594 10
0.462 3.126 10.673 10
0.387 3.354 10.843 10
0.33 3.576 10.975 10
0.351 3.749 11.111 10
0.126 4.024 11.288 10
-0.105 4.23 11.374 10
-0.241 4.477 11.288 10
-0.392 4.62 11.156 10
-0.11 4.726 10.821 10
0.213 4.967 10.34 10
0.44 5.169 10.031 10
0.828 5.564 9.868 10
0.763 6.179 9.816 10
0.658 6.658 9.909 10
0.304 7.266 9.703 10
-0.21 7.68 9.351 10
-0.234 7.68 9.018 10
-0.043 7.4 8.518 10
0.397 6.991 8.317 10
0.301 5.712 8.583 10
-0.019 4.563 8.882 10
-0.73 2.097 9.579 10
-1.328 -1.69 10.108 10
-1.391 -4.608 10.17 10
-0.608 -7.8 10.35 10
0.916 -8.463 9.844 10
2.329 -7.805 9.507 10
3.663 -6.004 8.966 10
4.151 -3.931 8.307 10
3.543 -2.178 8.092 10
1.458 -0.723 9.071 10
-0.548 -0.409 10.254 10
-3.09 -1.06 11.817 10
-5.104 -2.322 13.393 10
-4.924 -3.375 13.333 10
-3.9 -4.146 12.421 10
-2.339 -3.952 11.128 10
-0.16 -3.351 9.562 10
0.94 -2.698 8.477 10
1.197 -2.327 8.245 11
0.541 -2.255 8.367 9
-0.732 -2.59 8.762 10
-1.752 -2.817 9.332 10
-2.317 -2.693 9.914 10
-1.97 -2.269 10.141 10
-1.836 -1.848 10.256 10
-1.594 -1.498 10.156 10
-1.802 -1.623 10.079 10
-1.841 -1.707 9.945 10
-1.666 -1.788 9.923 10
-1.429 -1.977 9.662 10
-1.168 -2.152 9.208 10
-1.077 -2.367 8.81 10
-0.567 -2.525 8.271 10
-0.119 -2.576 7.972 10
0.67 -2.604 7.922 10
1.309 -2.655 7.654 10
1.529 -2.762 7.527 10
1.829 -2.755 7.565 10
1.757 -2.662 7.513 10
1.936 -2.3 7.632 10
1.843 -1.91 7.754 10
1.671 -1.635 7.711 10
1.256 -1.381 7.893 10
0.545 -1.357 8.259 10
0.107 -1.362 8.623 10
0.057 -1.189 8.985 10
0.248 -0.995 9.121 10
1.005 -0.799 8.951 10
1.625 -0.521 8.676 10
1.857 -0.421 8.403 10
2.07 -0.426 8.051 10
1.915 -0.45 7.867 10
1.92 -0.677 7.807 10
2.073 -0.797 7.879 10
2.245 -0.811 8.03 10
2.245 -0.782 8.209 10
2.221 -0.632 8.37 10
1.908 -0.627 8.542 10
2.027 -0.531 8.707 10
2.319 -0.478 8.844 11
2.375 -0.438 9.119 9
2.64 -0.337 9.251 10
2.473 -0.328 9.39 10
2.394 -0.318 9.339 10
2.552 -0.296 9.15 10
2.923 -0.337 8.765 10
3.6 -0.493 8.547 10
4.189 -0.648 8.518 10
4.738 -0.835 8.382 10
5.003 -0.981 8.441 10
4.848 -1.041 8.204 10
4.699 -1.221 7.718 10
4.592 -1.369 7.34 10
4.448 -1.64 7.0 10
4.395 -1.805 6.545 10
4.335 -1.85 6.339 10
4.438 -1.958 5.748 11
4.577 -1.944 5.118 9
4.972 -2.24 4.627 10
5.537 -2.88 4.213 10
5.94 -3.457 4.185 10
6.447 -4.323 3.842 10
6.722 -4.955 3.605 10
6.397 -5.652 2.937 10
5.42 -6.706 1.977 13
4.338 -7.469 1.331 7
2.839 -8.513 0.744 10
1.484 -9.186 0.495 10
0.78 -9.502 0.538 10
-0.373 -10.029 0.866 10
-1.11 -10.275 1.134 10
-2.528 -10.84 1.541 10
-4.783 -11.487 2.075 10
-6.588 -11.923 2.324 10
-8.825 -12.627 2.698 10
-10.093 -12.976 2.949 10
-10.45 -13.395 3.196 10
-10.975 -13.802 3.742 10
-11.068 -13.941 4.163 10
-11.432 -13.441 4.774 10
-11.76 -11.858 5.169 12
-11.92 -10.287 5.264 8
-12.591 -8.64 5.48 10
-12.99 -7.632 5.506 10
-13.417 -8.195 5.571 10
-14.343 -9.21 6.033 10
-14.76 -10.302 6.375 10
-15.004 -11.279 7.077 10
-15.332 -11.616 7.833 10
-14.259 -11.001 8.401 10
-13.043 -9.739 8.846 10
-11.999 -8.592 8.932 10
-9.684 -8.214 7.869 10
-4.668 -9.696 5.928 10
0.203 -11.824 4.108 10
5.652 -13.819 2.877 10
9.83 -15.045 2.796 10
9.476 -15.112 3.557 10
8.815 -16.381 4.553 10
7.577 -17.784 4.96 10
5.954 -19.314 5.489 10
5.262 -20.642 5.846 10
2.542 -20.57 6.962 10
-1.254 -19.366 10.199 10
-4.666 -18.035 13.314 10
-6.837 -16.072 14.867 10
-5.09 -14.425 14.935 10
-2.264 -13.91 12.88 10
1.029 -13.402 10.395 10
3.083 -13.527 9.471 10
2.932 -13.675 8.93 10
2.863 -14.104 8.298 10
2.324 -14.525 8.097 10
1.58 -14.882 8.188 10
1.455 -15.097 8.389 10
0.787 -14.803 8.362 10
-0.052 -14.446 7.817 10
-0.687 -14.154 6.979 10
-0.835 -13.304 5.937 10
-0.768 -12.275 5.497 20
0.093 -10.417 5.729 10
0.955 -8.559 5.961 10
1.493 -6.821 6.449 10
1.438 -6.09 7.788 10
0.761 -6.251 8.973 10
-0.26 -6.44 10.568 10
-1.446 -7.067 12.109 10
-0.991 -6.502 12.26 11
-0.359 -6.066 12.512 9
0.617 -5.602 12.354 10
1.723 -5.171 12.605 10
2.011 -5.171 13.22 10
2.121 -5.042 13.735 10
1.774 -5.023 14.537 10
1.297 -4.97 14.93 10
0.239 -5.949 15.365 10
-1.426 -7.441 14.992 10
-2.636 -8.822 14.331 10
-3.995 -10.319 13.084 10
-4.754 -10.946 11.688 10
-4.891 -11.08 10.35 10
-4.876 -11.25 8.025 10
-4.711 -11.305 6.287 10
-4.833 -11.365 4.309 10
-5.465 -11.41 2.906 10
-6.248 -11.42 2.489 10
-6.653 -11.197 1.604 10
-6.77 -10.97 0.957 10
-5.315 -10.675 0.002 12
-3.023 -10.556 -0.639 8
-1.11 -10.668 -0.811 10
0.871 -10.194 -0.531 10
1.776 -9.782 0.234 10
1.412 -8.963 0.562 10
1.189 -8.951 1.055 10
0.897 -9.526 1.096 9
1.118 -10.814 1.455 10
1.771 -12.334 1.939 10
2.925 -13.534 2.31 11
4.666 -15.014 2.626 9
5.894 -15.78 2.624 10
6.981 -15.796 2.406 10
6.562 -14.786 1.872 10
5.556 -13.496 1.393 11
3.409 -14.171 2.808 10
1.403 -15.595 4.438 9
3.445 -17.903 7.01 10
5.822 -19.122 9.825 10
9.342 -18.375 10.747 11
11.959 -15.406 10.28 10
11.391 -12.095 9.136 10
11.903 -9.686 6.713 9
13.378 -6.167 4.654 11
14.381 -5.525 4.489 20
14.073 -5.226 5.152 10
12.349 -5.114 6.849 10
9.169 -5.475 8.688 10
7.364 -5.181 10.022 10
6.761 -4.101 10.754 10
5.724 -3.318 11.085 10
5.181 -3.172 10.91 10
3.691 -3.186 9.794 11
2.312 -3.643 8.451 9
2.154 -3.653 8.346 10
2.37 -3.517 7.489 10
3.531 -3.22 7.572 10
3.682 -2.504 7.704 10
3.189 -1.963 7.003 10
2.322 -1.568 7.053 10
1.403 -1.335 7.007 10
1.493 -1.522 6.914 10
1.209 -1.522 7.331 10
0.44 -1.168 8.001 10
-0.275 -0.651 8.767 10
-0.634 -0.165 9.203 10
-0.761 0.158 9.126 10
0.33 0.296 8.633 10
1.503 0.344 8.142 10
2.319 0.423 7.982 10
3.215 0.33 7.922 10
3.119 0.282 8.097 10
2.942 0.325 8.269 10
2.545 0.232 8.518 10
2.068 0.311 8.667 10
1.517 -0.167 8.868 10
1.256 -0.823 8.808 10
1.216 -1.343 8.671 10
1.419 -1.601 8.274 10
1.953 -1.517 7.752 10
2.513 -1.163 7.599 10
2.932 -0.962 7.457 10
3.107 -1.022 7.577 10
2.583 -1.271 7.644 10
1.699 -1.63 7.484 10
0.957 -1.836 7.311 10
0.454 -1.996 7.347 10
0.651 -1.968 7.436 10
1.041 -1.924 7.812 10
1.242 -2.221 7.745 10
1.204 -2.564 7.469 10
1.154 -3.117 7.24 10
0.952 -3.667 6.842 10
1.276 -4.089 6.9 10
1.276 -4.788 6.794 12
1.288 -5.276 6.643 8
1.362 -5.973 6.236 10
1.482 -7.699 5.959 10
1.924 -9.148 5.844 10
2.339 -10.982 5.966 10
2.691 -12.607 6.344 9
2.59 -12.696 6.672 11
2.341 -12.725 6.696 10
2.121 -12.368 6.483 10
1.467 -12.064 6.26 10
0.885 -12.057 5.947 10
-0.337 -11.64 6.5 10
-2.035 -12.318 7.381 10
-3.299 -12.943 8.271 10
-5.075 -14.008 9.121 13
-6.251 -15.605 9.516 6
-6.952 -16.108 9.583 11
-7.165 -16.462 9.782 12
-6.866 -16.376 10.022 11
-5.951 -15.5 10.235 7
-5.334 -14.583 10.594 9
-5.204 -13.814 10.821 10
-5.544 -13.362 11.19 11
-6.311 -13.637 11.477 10
-6.495 -13.694 11.597 10
-6.861 -13.958 11.595 10
-6.758 -13.905 11.451 10
-6.459 -13.831 11.48 10
-6.277 -13.57 11.518 10
-5.913 -13.103 11.678 10
-5.628 -12.787 11.836 10
-5.54 -12.492 11.822 10
-5.896 -13.618 11.889 10
-6.105 -14.793 12.595 10
-6.234 -15.818 13.304 10
-5.894 -16.701 13.848 10
-5.276 -16.61 14.322 10
-4.151 -16.227 13.802 10
-2.985 -16.146 13.402 10
-2.288 -16.206 13.168 10
-2.102 -16.18 12.701 10
-2.571 -16.395 12.588 10
-3.435 -15.916 12.136 10
-3.993 -15.394 11.288 10
-4.041 -14.958 10.673 10
-3.778 -14.46 9.713 10
-3.234 -14.99 8.865 10
-2.997 -15.562 8.413 10
-2.817 -15.916 7.96 10
-2.949 -16.333 7.852 10
-2.674 -15.682 7.151 10
-2.202 -15.598 6.514 10
-1.673 -15.732 5.877 10
-1.249 -16.086 5.262 10
-1.158 -16.874 5.348 10
-0.811 -16.369 4.944 10
-1.582 -15.892 4.388 10
-2.248 -15.195 3.811 10
-3.114 -14.549 3.177 10
-3.713 -13.893 2.643 10
-3.193 -13.208 2.26 10
-2.961 -12.43 2.3 10
-2.528 -11.602 2.398 10
-2.671 -11.018 3.323 10
-2.928 -10.8 5.319 10
-2.896 -10.675 6.892 10
-2.7 -10.225 9.136 10
-2.647 -10.266 10.879 10
-1.798 -9.306 11.444 10
0.256 -7.735 11.583 10
2.145 -6.49 11.051 10
3.564 -5.932 11.08 10
3.988 -5.614 11.24 10
3.208 -5.906 11.827 10
1.462 -6.112 12.887 11
0.186 -5.631 13.388 9
-1.582 -6.057 13.687 10
-3.459 -6.579 12.725 12
-4.371 -7.187 11.288 8
-5.276 -7.63 9.442 10
-5.377 -7.56 7.771 10
-5.899 -7.012 6.945 10
-6.933 -6.861 5.947 10
-7.975 -6.876 5.358 10
-8.872 -7.505 4.199 10
-8.458 -8.394 2.683 10
-7.532 -8.884 1.34 10
-5.635 -9.471 -0.718 10
-3.883 -9.442 -2.207 10
-2.643 -9.73 -2.734 11
-2.276 -10.424 -2.667 9
-2.88 -11.022 -1.884 10
-3.442 -11.88 -0.761 10
-4.276 -12.545 0.172 10
-3.785 -12.89 0.165 10
-0.572 -14.532 -0.313 10
2.6 -15.916 -1.132 10
3.768 -17.865 -0.486 10
6.256 -19.165 -0.517 10
6.021 -19.167 -0.076 10
4.74 -19.369 1.067 10
5.463 -19.005 0.746 10
3.768 -17.786 -0.694 10
6.016 -13.704 1.142 10
9.311 -9.423 2.274 10
11.683 -8.3 4.412 10
14.705 -8.595 8.695 10
12.351 -12.564 11.619 10
9.921 -14.415 12.251 10
8.413 -13.108 11.877 10
8.722 -9.809 11.748 11
9.698 -6.2 9.287 9
10.752 -4.711 9.117 10
13.204 -3.32 8.724 10
13.838 -3.921 8.087 10
13.295 -4.52 8.856 10
11.37 -5.245 9.119 10
8.046 -5.872 9.605 10
5.413 -6.138 10.228 10
4.721 -5.904 9.859 10
5.64 -4.601 8.863 10
5.422 -3.778 7.886 10
4.515 -3.315 6.773 10
3.857 -2.849 5.801 10
3.847 -2.722 5.851 10
4.975 -2.116 5.882 10
4.79 -1.654 6.349 10
4.357 -1.197 6.675 10
2.446 -1.17 7.175 10
0.617 -0.83 7.692 10
0.1 -0.347 7.773 10
-0.153 0.347 7.931 10
0.191 0.871 8.025 10
0.526 0.854 7.812 10
0.952 0.213 7.668 10
1.115 -0.639 7.448 10
1.386 -1.695 7.39 10
1.601 -2.372 7.625 10
1.726 -2.425 7.79 10
2.063 -2.197 7.869 10
2.293 -1.766 7.785 10
2.391 -1.314 7.551 10
2.568 -0.919 7.517 10
2.533 -0.804 7.57 10
2.719 -0.651 7.501 10
3.033 -1.101 7.68 13
3.268 -1.493 7.659 7
3.272 -2.097 7.694 10
3.055 -2.738 7.852 10
2.659 -2.966 7.709 12
2.264 -3.193 7.565 12
2.226 -3.313 7.364 6
2.406 -3.727 7.184 10
2.75 -4.125 7.206 10
3.327 -4.915 7.079 10
3.418 -5.767 6.924 10
3.292 -6.325 6.746 10
2.959 -6.727 6.619 10
2.394 -6.737 6.641 10
2.183 -7.0 6.581 13
1.908 -7.931 6.672 7
1.838 -9.018 6.713 10
1.522 -10.556 6.694 10
1.103 -11.92 7.003 13
0.749 -12.617 7.161 7
0.608 -13.608 7.4 10
0.713 -14.149 7.699 10
0.802 -14.341 7.728 12
0.447 -14.358 7.52 11
-0.119 -14.08 7.23 7
-0.117 -14.19 6.766 10
-0.339 -15.16 6.55 12
-0.119 -16.304 6.572 12
-1.395 -17.978 7.156 6
-3.241 -19.263 7.915 10
-5.851 -19.354 8.501 13
-8.461 -19.445 9.088 7
-9.162 -19.108 9.538 10
-9.277 -17.896 10.29 11
-8.279 -17.123 11.018 9
-7.201 -16.33 12.004 10
-6.916 -15.234 12.378 10
-7.218 -15.011 12.449 10
-7.237 -14.817 12.725 10
-7.335 -14.642 12.741 10
-7.149 -15.263 12.452 10
-6.713 -15.399 12.385 10
-6.56 -15.507 12.114 10
-6.023 -15.672 11.789 10
-5.391 -15.246 11.956 10
-4.944 -15.351 11.343 10
-5.078 -16.218 10.735 10
-5.595 -17.027 10.182 10
-5.954 -17.489 9.478 10
-5.908 -17.262 8.853 10
-5.281 -16.273 8.224 10
-4.022 -15.428 7.728 10
-2.92 -14.93 7.383 10
-2.576 -15.102 8.762 10
-2.36 -15.277 11.176 10
-2.777 -15.308 13.455 10
-2.846 -15.504 13.297 10
-2.628 -15.672 11.894 10
-2.904 -16.357 9.416 10
-3.215 -16.764 6.768 11
-3.873 -17.006 6.557 9
-4.24 -17.192 6.059 10
-3.969 -16.589 5.631 10
-3.663 -16.263 5.372 10
-3.421 -14.81 5.09 10
-3.471 -13.412 5.094 10
-2.983 -12.404 4.821 10
-1.817 -10.905 4.216 10
-0.586 -10.534 3.634 10
1.163 -9.636 3.11 10
2.36 -8.619 2.834 10
2.688 -8.159 2.944 10
0.512 -9.064 4.91 10
-2.183 -10.496 6.818 10
-4.098 -10.826 9.109 10
-5.358 -10.728 11.305 10
-4.113 -9.265 11.645 10
-1.932 -7.469 12.198 10
-0.531 -6.775 12.368 10
1.007 -6.543 12.662 10
2.13 -5.961 13.457 10
2.317 -5.712 14.039 10
1.446 -5.492 14.827 10
-0.028 -5.171 15.533 10
-1.537 -5.913 15.552 10
-3.126 -6.95 14.894 10
-3.658 -7.958 14.03 10
-4.369 -9.188 12.354 10
-4.845 -9.67 10.369 10
-5.24 -9.856 9.062 10
-6.038 -9.914 6.9 10
-6.655 -9.749 5.549 10
-7.036 -9.076 3.749 10
-7.06 -8.374 1.537 10
-6.682 -7.802 0.179 10
-5.781 -7.465 -1.458 10
-4.903 -7.671 -2.149 10
-3.885 -7.886 -2.54 10
-2.715 -8.532 -2.904 10
-2.066 -8.944 -2.987 10
-1.24 -10.218 -2.59 10
-0.562 -12.018 -1.642 10
-0.038 -13.388 -0.72 10
0.356 -14.446 0.936 10
0.574 -14.642 2.111 10
2.952 -15.145 2.339 10
4.572 -16.46 2.406 10
6.323 -18.085 1.738 10
7.931 -19.184 1.079 10
7.034 -19.469 0.928 10
6.792 -17.204 1.247 10
6.136 -16.922 2.358 10
5.621 -17.166 3.459 10
8.456 -14.772 4.472 10
11.686 -15.538 6.098 10
15.33 -14.322 6.931 10
17.063 -12.138 6.105 10
15.447 -12.593 5.367 10
13.91 -9.464 4.477 10
12.734 -6.548 3.955 10
13.469 -4.599 5.092 10
13.433 -3.373 6.995 10
13.024 -4.309 8.13 10
11.932 -5.252 8.916 10
10.426 -5.882 9.758 10
9.691 -5.789 9.835 10
7.723 -5.317 9.54 10
6.076 -4.625 9.227 10
4.975 -3.766 9.272 10
3.495 -2.02 8.157 11
3.248 -0.653 7.412 9
2.944 -0.16 7.939 10
3.222 -0.019 7.383 10
3.878 -0.763 7.989 10
4.048 -1.812 8.592 10
4.276 -1.987 7.924 10
3.526 -2.19 7.92 10
2.205 -2.238 8.087 10
1.369 -1.982 8.257 10
0.49 -1.544 8.444 10
0.22 -1.417 8.564 12
0.521 -1.446 8.511 12
0.804 -1.438 8.362 6
1.13 -1.613 8.197 10
1.221 -1.194 8.212 10
1.29 -0.739 8.049 10
1.379 -0.32 7.982 10
1.359 -0.189 7.886 10
1.23 -0.44 7.68 10
1.043 -0.905 7.809 10
1.134 -1.278 7.917 10
1.333 -1.364 8.054 10
1.786 -1.17 8.128 10
2.317 -0.799 8.044 10
2.401 -0.502 8.008 10
2.547 -0.33 7.951 10
2.439 -0.438 7.955 10
2.355 -0.739 7.979 10
2.197 -1.072 8.046 10
1.977 -1.28 8.135 10
1.544 -1.508 8.386 10
1.086 -1.541 8.619 10
0.893 -1.673 8.688 10
1.012 -2.032 8.619 13
1.345 -2.372 8.386 11
2.123 -2.76 8.121 6
2.882 -3.035 7.948 10
3.438 -3.241 7.829 10
3.821 -3.665 7.508 13
3.758 -4.041 7.22 7
3.845 -4.848 6.768 10
3.713 -5.923 6.354 10
3.754 -6.78 6.141 12
3.562 -7.68 5.968 8
3.222 -8.149 5.961 10
2.703 -8.204 6.023 10
2.434 -8.544 6.222 10
2.398 -8.841 6.38 10
2.451 -9.543 6.442 10
2.791 -10.232 6.483 10
2.413 -10.699 6.426 10
1.472 -11.425 6.409 12
0.442 -11.745 6.488 11
-1.031 -12.679 6.897 7
-1.376 -13.977 7.079 10
-1.158 -15.016 7.22 10
-1.23 -16.551 7.659 13
-0.857 -17.472 7.766 7
-2.068 -17.403 8.149 10
-3.296 -17.353 8.633 10
-4.235 -16.807 8.82 10
-5.061 -15.971 9.21 10
-4.965 -15.701 9.514 10
-4.965 -15.112 9.557 10
-5.279 -14.391 9.634 10
-5.705 -13.96 9.507 10
-6.174 -13.637 9.557 10
-6.576 -13.481 9.627 10
-6.665 -13.457 9.662 10
-6.339 -13.385 9.449 10
-5.971 -13.206 9.059 10
-5.573 -13.242 9.112 10
-5.511 -13.292 9.181 10
-5.863 -13.39 9.5 10
-6.392 -13.747 9.809 10
-6.904 -14.02 9.816 10
-7.273 -14.362 9.943 10
-7.563 -14.896 10.153 10
-7.675 -15.172 10.374 13
-7.723 -15.533 10.563 7
-7.58 -15.811 10.615 10
-7.113 -16.148 10.352 10
-6.39 -16.328 10.022 14
-5.731 -16.421 9.722 6
-5.094 -16.496 9.346 10
-4.577 -16.306 9.021 11
-4.316 -16.275 8.762 13
-3.95 -16.084 8.334 6
-3.562 -15.911 7.982 10
-3.591 -16.134 7.56 13
-3.591 -16.565 6.945 17
-3.418 -16.536 6.337 14
-2.767 -16.457 5.913 6
-1.982 -15.995 5.741 10
-1.177 -14.958 5.647 14
-0.651 -14.542 5.717 6
-0.77 -13.809 5.403 10
-0.761 -12.65 5.003 10
-0.799 -11.858 4.718 13
-0.241 -10.963 4.855 7
0.483 -10.433 5.19 10
2.372 -10.048 5.516 10
4.718 -9.392 5.743 11
4.62 -10.067 6.062 13
4.522 -10.742 6.38 6
3.131 -11.7 6.794 10
0.227 -13.151 9.026 10
-0.497 -12.935 10.644 10
-1.223 -12.72 12.263 10
-1.426 -11.681 13.895 10
-0.495 -10.283 13.187 10
0.105 -9.323 12.579 10
0.811 -7.934 12.662 10
0.995 -7.369 12.732 10
0.615 -7.156 13.309 10
-0.471 -7.292 13.409 10
-1.663 -7.857 12.818 10
-3.066 -8.767 11.52 10
-3.983 -9.461 10.338 13
-3.739 -9.849 8.815 7
-3.253 -10.594 6.789 10
-2.557 -10.994 5.47 10
-1.97 -11.71 3.517 10
-1.601 -12.155 2.044 10
-1.326 -11.714 0.912 20
-1.051 -11.274 -0.22 10
-1.113 -10.658 -0.416 10
-2.339 -10.702 0.136 10
-3.713 -11.274 0.852 10
-4.927 -11.37 0.847 10
-5.693 -11.324 0.541 10
-4.888 -11.147 -0.04 10
-3.303 -11.832 -0.179 11
-1.879 -12.993 0.402 9
2.772 -14.733 0.33 10
5.635 -16.51 0.921 10
7.718 -17.425 1.07 10
8.92 -17.166 0.967 11
6.895 -16.328 1.517 9
4.714 -15.816 1.69 10
2.659 -13.395 -0.098 10
1.486 -12.148 -1.635 10
3.497 -9.785 -1.053 10
6.809 -6.761 -0.895 10
10.711 -7.254 0.809 10
13.941 -9.002 3.974 10
13.986 -11.865 5.02 10
14.331 -14.487 6.586 10
13.141 -14.432 7.45 10
12.624 -13.122 6.854 10
12.672 -10.548 6.517 10
12.421 -8.216 5.659 10
13.587 -6.301 6.519 10
13.589 -4.711 7.718 10
13.026 -4.386 8.659 10
11.331 -3.952 10.06 10
9.035 -4.17 10.86 10
7.481 -3.912 10.433 10
6.15 -3.39 10.144 10
5.951 -2.975 9.394 10
5.31 -1.738 7.773 10
4.963 -1.371 8.02 10
4.393 -1.268 8.13 10
4.386 -1.228 7.733 10
4.821 -2.011 8.207 10
5.99 -1.924 7.28 10
6.177 -1.805 6.619 10
5.801 -1.623 6.466 10
4.311 -1.216 6.469 10
2.217 -0.957 6.89 10
1.168 -0.457 7.321 10
0.521 -0.222 7.75 10
0.988 -0.213 8.022 10
1.853 -0.493 7.987 10
2.882 -1.165 7.529 10
3.509 -1.572 7.074 10
3.778 -1.874 6.72 10
3.648 -1.886 6.675 10
3.007 -1.599 6.72 10
2.454 -1.216 6.926 13
2.26 -0.938 7.031 7
2.054 -0.586 7.192 10
2.13 -0.416 7.407 10
2.07 -0.222 7.501 12
2.147 -0.117 7.551 12
2.236 -0.086 7.546 6
2.549 -0.306 7.529 10
2.916 -0.866 7.575 11
3.145 -1.338 7.663 12
3.263 -2.252 7.592 7
3.155 -2.916 7.532 10
2.937 -3.823 7.309 10
2.987 -4.735 7.026 12
3.15 -5.204 6.904 12
3.428 -5.509 6.687 6
3.811 -5.348 6.531 10
3.6 -5.295 6.356 10
2.868 -5.556 6.311 13
2.02 -5.983 6.361 7
1.096 -6.631 6.416 10
0.497 -7.168 6.55 10
0.375 -7.896 6.71 12
0.311 -9.22 6.912 12
0.323 -10.321 7.108 6
0.201 -11.563 7.486 10
0.023 -11.987 7.726 10
-0.21 -11.815 7.924 10
-0.814 -11.705 8.116 10
-1.283 -11.453 8.125 10
-1.745 -11.607 8.283 10
-2.051 -11.915 8.518 10
-1.989 -12.162 8.76 10
-2.341 -12.701 9.112 10
-2.6 -13.148 9.299 10
-3.495 -14.269 9.488 10
-4.625 -15.234 9.931 10
-5.341 -15.907 10.263 10
-5.796 -16.163 10.419 10
-6.131 -15.689 10.517 10
-6.232 -15.37 10.362 10
-6.615 -15.131 10.18 10
-7.259 -15.308 10.175 10
-7.68 -15.298 10.06 11
-7.587 -15.217 9.904 11
-7.211 -15.057 9.775 7
-6.859 -14.925 9.701 11
-6.368 -14.882 9.715 10
-7.031 -15.164 10.199 10
-7.752 -15.284 10.843 9
-8.449 -15.375 11.432 10
-8.578 -15.804 11.918 11
-7.953 -15.914 11.992 10
-7.271 -16.187 11.906 10
-6.94 -16.634 11.628 11
-7.177 -16.745 11.453 9
-6.952 -17.214 11.25 10
-6.804 -17.535 11.465 10
-6.303 -17.681 11.872 11
-5.312 -17.18 12.411 8
-4.898 -16.385 12.962 11
-4.256 -15.907 12.284 9
-4.276 -15.804 11.405 11
-4.786 -16.347 10.395 10
-4.826 -16.51 8.896 9
-4.754 -16.496 7.939 11
-4.022 -16.105 7.182 9
-3.44 -16.089 6.428 11
-3.327 -16.452 6.162 10
-3.608 -16.508 5.724 10
-3.732 -16.455 5.463 10
-3.706 -16.029 5.2 10
-3.119 -15.193 4.972 10
-2.403 -14.676 5.185 10
-1.347 -13.651 4.967 10
-0.663 -12.706 4.656 11
-0.373 -11.525 4.319 13
-0.083 -10.345 3.981 6
0.476 -9.871 3.936 10
1.407 -9.318 3.983 12
2.106 -9.512 4.405 12
2.806 -9.706 4.826 6
2.066 -10.204 5.142 10
0.229 -11.365 6.615 10
-1.539 -12.423 7.704 13
-2.375 -12.325 9.282 7
-2.537 -11.832 10.927 10
-1.187 -10.053 11.137 13
0.644 -8.501 11.104 7
1.541 -8.106 10.582 10
2.889 -7.582 10.139 14
3.251 -7.443 10.438 6
3.131 -7.077 10.982 10
2.315 -7.005 11.966 10
1.048 -7.062 12.871 10
-0.237 -7.656 12.413 10
-1.62 -8.327 11.671 10
-2.308 -8.702 10.488 10
-2.944 -8.997 8.738 10
-2.992 -8.992 7.886 10
-3.143 -9.059 6.859 10
-3.277 -9.581 5.099 10
-3.462 -10.184 3.907 10
-3.234 -10.625 1.891 10
-2.767 -10.488 0.493 10
-2.317 -9.897 -0.172 10
-2.255 -9.531 -0.524 10
-2.604 -9.327 -0.052 10
-3.124 -10.079 -0.028 10
-3.457 -11.839 -0.395 10
-3.402 -13.374 -1.074 10
-2.102 -15.291 -1.733 10
-0.67 -16.682 -2.102 10
3.047 -17.35 -2.121 10
5.114 -18.392 -1.661 10
5.935 -19.05 -1.223 10
6.919 -19.529 -0.193 10
4.644 -19.63 0.423 10
4.022 -19.357 0.562 10
3.648 -16.491 -0.49 10
3.112 -13.804 -2.135 10
5.13 -10.474 0.627 13
7.747 -8.911 2.236 7
10.115 -9.94 5.037 10
12.679 -10.412 9.349 10
13.474 -11.621 9.706 10
12.507 -10.172 9.531 10
12.516 -8.039 10.163 10
12.33 -6.464 9.284 10
12.018 -5.346 8.69 10
12.871 -5.118 9.782 10
12.176 -5.631 9.923 10
11.822 -5.669 10.098 10
11.592 -5.25 9.988 10
11.324 -4.793 9.94 10
10.165 -4.467 9.974 10
8.667 -4.616 9.974 10
6.849 -4.213 10.026 10
5.07 -3.849 10.017 10
4.369 -2.398 8.365 10
3.648 -2.116 8.48 10
3.246 -2.384 8.542 10
3.919 -2.135 7.663 10
4.975 -2.786 8.489 10
5.987 -2.066 7.343 10
5.887 -1.144 6.445 10
4.711 -0.739 6.488 10
3.181 -0.21 6.665 10
1.81 0.299 7.024 13
1.551 0.608 7.134 7
1.57 0.694 7.17 10
1.944 0.656 7.072 10
2.248 0.129 6.991 12
2.549 -0.459 6.962 8
2.573 -0.825 7.007 10
2.554 -1.357 7.302 10
2.351 -1.757 7.613 10
2.149 -2.094 7.872 13
1.877 -2.286 8.192 7
1.647 -2.312 8.264 10
1.587 -1.814 8.257 10
1.513 -1.249 8.149 12
1.51 -0.83 7.979 8
1.561 -0.588 7.872 10
1.599 -0.699 7.833 10
1.491 -1.295 7.905 10
1.29 -2.171 7.991 10
1.036 -2.87 8.015 10
1.067 -3.6 8.046 10
1.259 -3.912 8.068 10
1.403 -4.072 7.96 10
1.716 -4.46 7.845 13
1.745 -4.817 7.723 7
1.821 -5.257 7.678 10
1.805 -5.513 7.568 10
1.618 -5.542 7.465 12
1.247 -5.691 7.17 18
0.881 -6.186 6.816 10
0.924 -7.024 6.854 11
0.967 -7.862 6.892 13
1.173 -8.7 7.285 6
1.326 -9.107 7.661 10
1.11 -9.603 7.74 10
0.639 -10.836 7.936 10
0.189 -11.949 7.97 10
-0.318 -13.122 7.943 10
-0.411 -13.874 7.946 10
-0.248 -13.888 7.831 10
-0.629 -13.836 7.486 10
-0.952 -13.723 7.201 10
-2.032 -14.712 7.295 10
-3.251 -15.495 7.627 10
-3.926 -16.345 8.19 10
-4.683 -17.259 8.712 10
-4.903 -17.118 8.911 10
-5.188 -16.979 8.81 10
-5.928 -16.551 8.887 20
-6.967 -16.124 9.184 10
-8.169 -16.077 9.742 10
-9.167 -16.232 10.359 11
-9.67 -16.373 10.781 13
-9.792 -16.448 11.022 6
-9.289 -15.696 11.101 10
-8.331 -14.793 10.955 14
-7.414 -14.195 10.828 6
-6.454 -13.524 10.697 10
-6.177 -13.508 10.546 13
-6.354 -13.642 10.62 7
-6.349 -13.85 10.39 10
-6.387 -14.13 10.165 11
-5.382 -14.638 9.361 9
-4.762 -15.248 8.746 10
-4.323 -15.784 8.434 10
-4.771 -16.553 9.471 20
-5.501 -16.323 10.053 10
-5.544 -16.354 9.78 11
-5.588 -16.385 9.507 9
-4.326 -15.99 7.8 10
-3.732 -16.414 6.813 11
-3.44 -16.474 6.493 14
-3.282 -16.476 5.997 5
-3.543 -16.673 5.588 11
-3.785 -16.577 5.43 9
-3.77 -16.201 5.197 10
-3.622 -15.883 5.14 11
-2.856 -15.332 4.8 9
-1.982 -14.82 4.443 10
-0.804 -14.851 4.252 14
-0.146 -14.386 4.144 6
-0.105 -14.154 4.319 10
0.79 -13.28 4.319 14
1.125 -12.143 4.228 6
2.839 -11.506 3.608 10
2.899 -11.468 2.734 13
2.104 -12.071 2.035 11
0.979 -12.342 1.932 6
-1.005 -12.607 2.274 10
-1.517 -12.528 4.434 12
-3.244 -12.397 7.589 11
-4.639 -12.598 10.149 7
-4.362 -12.251 12.588 10
-2.437 -10.522 13.168 14
0.701 -8.846 12.751 6
3.933 -7.362 12.71 10
5.492 -6.426 12.789 10
4.225 -6.933 13.678 10
2.535 -7.58 14.113 10
0.751 -8.034 14.173 10
-1.472 -8.846 13.816 10
-2.336 -9.342 12.947 10
-3.545 -9.859 12.095 10
-4.867 -10.453 10.486 10
-5.748 -10.69 9.294 10
-6.643 -11.034 7.441 10
-6.533 -11.008 4.941 10
-6.311 -10.905 3.198 11
-5.947 -10.809 1.091 9
-5.406 -10.915 -0.129 20
-4.85 -11.451 -0.375 10
-4.295 -11.987 -0.622 10
-3.493 -12.82 -0.684 10
-2.853 -13.345 -0.972 10
-2.238 -14.437 -0.89 10
-0.519 -15.382 -1.053 10
0.811 -16.024 -1.036 10
4.989 -17.144 -0.991 10
7.39 -17.58 -0.469 10
8.688 -18.162 0.296 10
8.983 -19.256 1.723 10
6.43 -19.871 3.122 10
4.024 -19.292 1.659 10
4.357 -16.361 0.557 10
5.693 -12.919 -1.204 10
8.836 -11.283 -1.565 10
13.383 -10.74 0.196 10
15.468 -12.382 1.537 10
16.965 -12.662 2.997 10
16.654 -11.135 3.057 10
15.528 -8.7 3.418 10
14.47 -6.282 4.446 10
14.001 -5.226 5.353 10
12.993 -4.833 6.61 10
12.799 -5.348 7.565 10
11.755 -5.875 8.01 10
10.735 -5.978 8.904 10
10.254 -5.418 9.447 10
9.071 -4.707 9.414 10
8.394 -4.132 9.284 10
7.709 -3.849 8.798 10
6.39 -2.595 7.967 10
5.772 -1.491 7.714 10
5.444 -0.974 8.164 10
5.066 -0.418 7.51 10
5.322 -0.835 7.201 10
5.595 -1.082 7.11 10
5.578 -0.742 6.315 10
5.154 -0.105 6.564 10
4.52 0.354 6.835 10
3.869 0.644 6.888 10
3.22 0.339 7.07 10
3.011 -0.43 7.22 10
2.621 -1.379 7.45 10
2.516 -2.037 7.539 11
2.408 -2.102 7.498 9
2.521 -1.826 7.223 10
2.904 -1.333 6.895 10
3.002 -1.13 6.708 10
2.985 -1.158 6.689 10
2.748 -1.527 6.904 10
2.741 -1.831 7.158 10
2.782 -1.889 7.354 10
2.937 -1.714 7.383 10
3.117 -1.383 7.268 10
3.189 -0.981 7.067 10
2.98 -1.151 7.058 10
3.021 -1.544 7.062 10
3.038 -2.092 7.211 10
3.15 -2.624 7.359 10
3.452 -2.813 7.304 10
3.505 -2.779 7.235 10
3.593 -2.841 7.077 12
3.586 -2.92 6.919 8
3.483 -3.406 6.804 10
3.052 -4.12 6.991 11
2.585 -4.738 7.266 12
1.953 -5.616 7.58 7
1.46 -6.105 7.92 10
1.371 -6.706 7.955 10
1.192 -7.666 8.104 10
1.177 -8.365 8.214 13
0.986 -9.313 8.207 7
0.727 -9.969 8.183 10
0.56 -10.266 8.046 10
0.399 -10.539 7.912 10
0.416 -10.563 7.896 10
0.332 -10.486 7.716 10
-0.134 -10.213 7.692 10
-0.608 -9.964 7.666 10
-1.288 -9.615 7.469 10
-1.877 -9.318 7.455 10
-1.96 -9.742 6.979 10
-2.695 -11.54 6.861 10
-3.224 -13.438 6.914 10
-3.847 -15.808 7.642 10
-4.551 -16.752 8.927 10
-4.604 -16.321 9.854 10
-4.534 -15.512 10.608 10
-4.371 -14.231 10.687 10
-4.649 -13.8 10.723 10
-5.121 -13.189 10.742 10
-5.714 -12.957 10.934 10
-6.279 -13.23 11.14 10
-6.445 -13.555 11.137 10
-6.567 -14.312 11.056 10
-6.414 -14.484 10.807 10
-6.289 -14.152 10.544 10
-5.954 -13.843 10.22 10
-5.468 -13.283 9.993 10
-5.535 -13.362 9.83 10
-5.465 -13.132 9.708 10
-5.607 -12.878 9.646 10
-5.93 -13.165 9.703 10
-5.887 -13.68 9.722 10
-5.98 -14.504 9.701 10
-5.894 -15.377 9.691 10
-5.626 -15.71 9.562 10
-5.298 -15.904 9.44 10
-4.965 -15.88 9.244 10
-4.812 -15.806 9.035 10
-4.556 -15.679 8.659 10
-4.448 -15.409 8.418 10
-4.316 -15.337 7.946 10
-4.108 -15.521 7.376 10
-4.003 -15.758 6.974 10
-3.696 -16.239 6.378 10
-3.294 -16.773 5.932 10
-2.968 -17.051 5.585 10
-2.621 -17.233 5.135 10
-2.475 -17.171 4.879 10
-2.466 -16.915 4.58 10
-2.245 -16.776 4.474 10
-2.047 -16.733 4.472 11
-1.594 -16.223 4.414 11
-1.13 -15.873 4.553 11
-1.92 -15.567 4.273 7
-1.91 -14.597 4.089 10
-2.154 -14.094 3.96 10
-1.201 -12.478 3.66 10
-0.555 -11.056 3.581 10
-0.708 -10.297 3.406 12
0.158 -9.327 3.318 8
-0.172 -9.471 3.399 10
1.28 -9.224 3.493 10
2.274 -9.375 5.324 13
2.248 -9.737 7.07 7
1.97 -10.299 9.325 10
1.259 -10.898 11.573 10
1.517 -10.579 11.645 10
2.36 -9.433 11.432 10
3.454 -8.085 10.709 10
4.098 -7.043 9.955 10
4.276 -6.703 10.565 10
3.869 -7.192 11.461 10
2.774 -7.694 12.109 10
2.13 -7.891 12.789 10
0.411 -7.987 12.069 10
-1.309 -7.999 10.874 10
-2.343 -7.996 9.926 11
-3.337 -7.958 8.566 9
-3.299 -7.838 7.68 10
-3.454 -7.96 7.029 10
-3.775 -8.295 5.887 10
-4.137 -8.667 5.157 10
-4.386 -9.191 3.938 10
-3.976 -9.543 2.877 10
-3.402 -9.682 2.308 10
-2.762 -10.029 2.147 10
-2.236 -10.223 2.475 10
-2.432 -10.84 2.707 10
-2.437 -11.961 2.439 10
-2.506 -12.873 1.762 10
-2.343 -14.099 1.376 10
-1.92 -14.915 1.168 10
0.416 -15.334 0.797 10
4.271 -16.393 1.156 10
7.893 -17.137 1.223 10
9.983 -17.472 1.271 10
8.432 -18.646 1.865 10
5.363 -19.179 1.728 10
3.363 -17.118 -0.667 10
2.896 -15.466 -3.045 10
5.427 -12.571 -3.708 10
9.488 -9.969 -3.696 10
12.478 -9.962 -1.424 10
14.791 -10.783 1.237 10
15.643 -11.903 2.303 10
14.628 -12.109 3.325 10
13.687 -11.027 4.704 10
13.424 -9.117 5.693 10
13.608 -6.816 5.547 10
14.13 -5.137 4.769 10
14.276 -5.142 4.015 10
14.913 -5.133 4.383 10
15.102 -5.513 5.887 10
13.752 -5.961 7.285 10
11.477 -5.655 8.528 10
8.712 -5.363 8.647 10
5.817 -4.824 8.628 10
4.462 -4.218 8.714 10
4.876 -3.27 8.738 10
4.601 -1.91 7.331 10
4.455 -0.797 6.062 10
4.218 -0.241 6.54 10
3.438 -0.387 6.856 10
3.615 -0.89 7.812 10
3.881 -1.431 8.492 10
4.237 -1.414 7.424 10
4.194 -1.316 6.72 10
3.636 -0.962 6.682 10
2.99 -0.569 6.919 10
2.408 -0.263 7.244 10
2.226 -0.038 7.206 10
2.255 -0.387 7.295 10
2.272 -0.885 7.275 10
2.224 -1.297 7.168 10
2.324 -1.474 6.952 10
2.461 -1.388 6.737 10
2.7 -1.022 6.483 10
2.774 -0.739 6.354 10
2.7 -0.691 6.332 10
2.568 -0.725 6.361 10
2.298 -0.897 6.698 10
2.193 -0.986 6.912 10
2.269 -0.845 7.122 10
2.403 -0.622 7.283 10
2.628 -0.627 7.343 10
2.786 -1.206 7.264 10
2.762 -2.015 7.187 10
2.865 -2.892 7.177 10
2.817 -3.617 7.024 10
2.837 -3.768 7.01 10
2.65 -4.235 7.127 10
2.336 -4.635 7.177 10
2.501 -5.408 7.113 10
2.734 -6.335 6.871 10
3.172 -6.945 6.497 10
3.095 -7.386 6.215 10
2.647 -7.369 6.129 10
2.169 -7.254 6.244 10
1.517 -7.57 6.536 10
1.381 -8.056 6.737 10
1.051 -9.018 7.259 10
0.684 -9.926 7.757 10
0.397 -10.759 8.061 10
-0.193 -11.714 8.571 10
-0.591 -12.193 8.76 10
-1.043 -12.49 8.975 10
-1.204 -12.236 9.057 10
-1.06 -11.86 8.932 10
-0.998 -11.473 9.016 10
-0.881 -11.267 9.074 10
-1.283 -11.434 9.081 10
-2.013 -11.982 9.172 10
-2.662 -12.543 9.054 10
-3.399 -13.053 8.973 10
-3.816 -13.383 9.093 10
-4.165 -13.285 9.366 10
-4.984 -12.983 9.49 10
-5.714 -12.732 9.579 10
-6.555 -12.531 9.777 10
-7.199 -12.909 10.026 10
-7.374 -13.491 10.424 13
-7.592 -13.761 10.69 7
-7.699 -13.982 10.845 10
-7.465 -13.625 10.654 10
-7.309 -13.46 10.692 10
-7.11 -13.606 10.862 10
-7.058 -13.936 11.137 10
-7.283 -14.312 11.473 10
-7.34 -14.444 11.865 10
-7.086 -14.765 12.253 10
-6.687 -14.901 12.536 10
-6.387 -15.306 12.797 10
-6.1 -15.626 12.634 10
-6.124 -15.758 12.476 10
-5.635 -15.868 12.253 10
-5.046 -15.71 12.052 10
-4.596 -15.653 11.781 10
-4.103 -15.614 11.336 10
-4.122 -15.598 10.955 10
-4.031 -15.516 10.376 10
-3.878 -15.471 10.002 10
-3.332 -15.456 9.442 10
-2.492 -15.404 8.494 12
-1.762 -15.416 7.745 8
-0.754 -15.564 6.751 10
-0.682 -15.713 6.064 10
-0.905 -15.899 5.765 10
-1.893 -15.928 5.451 10
-3.16 -15.82 5.382 10
-2.707 -15.284 5.312 9
-1.778 -14.906 5.061 11
-0.083 -14.686 4.824 9
1.067 -14.271 4.647 11
1.0 -14.235 4.525 10
0.098 -13.512 4.412 9
0.222 -12.603 4.12 10
0.89 -11.887 3.768 11
3.09 -10.467 3.485 10
5.65 -9.576 3.375 9
7.594 -9.052 3.045 10
7.479 -9.782 4.407 10
5.832 -11.216 5.7 10
3.39 -12.507 7.17 11
0.727 -13.218 9.509 9
0.124 -12.674 10.156 10
0.706 -10.84 10.345 10
2.082 -9.15 10.357 10
3.411 -8.121 10.144 11
4.091 -7.268 9.804 10
3.586 -7.706 9.921 9
2.889 -8.238 9.902 10
1.666 -8.678 9.349 11
1.091 -8.942 8.923 10
0.141 -9.368 8.018 10
-0.617 -9.701 7.249 10
-1.371 -9.557 6.385 12
-2.568 -9.229 5.427 8
-3.39 -8.738 4.948 10
-4.383 -8.413 4.242 10
-4.999 -8.394 3.921 10
-5.042 -8.626 3.201 10
-4.922 -8.602 2.047 10
-4.63 -8.413 1.12 10
-4.137 -8.441 0.306 10
-3.773 -8.403 -0.014 10
-3.016 -9.018 0.165 10
-1.74 -10.062 0.117 10
-0.665 -10.888 -0.043 10
0.746 -12.229 -0.26 10
3.203 -13.996 -1.28 10
5.14 -15.334 -2.073 10
7.8 -17.523 -2.712 10
10.122 -19.196 -3.294 10
8.693 -18.895 -3.452 10
7.532 -18.918 -2.468 10
5.647 -18.092 -1.637 10
4.027 -15.236 -2.152 10
4.558 -13.532 -2.355 10
6.366 -10.05 -2.717 10
8.971 -8.202 -2.6 10
11.312 -8.384 -1.137 10
13.898 -9.107 0.308 10
14.731 -10.876 2.008 10
14.767 -11.013 3.229 10
14.863 -10.105 5.212 10
14.714 -8.657 7.211 10
14.559 -7.24 7.029 10
14.2 -5.894 7.728 10
13.781 -5.592 7.666 10
13.057 -5.544 7.79 10
12.55 -5.87 8.858 10
11.496 -5.904 9.143 10
9.402 -5.834 8.961 10
7.611 -5.511 8.592 10
5.805 -4.788 8.327 10
4.137 -3.603 7.675 10
3.509 -2.521 7.491 10
3.699 -1.836 8.19 10
3.902 -1.551 8.786 10
4.491 -2.08 8.698 10
4.505 -2.609 8.688 10
3.703 -2.741 7.795 10
3.586 -2.2 7.01 10
3.696 -1.527 7.196 10
4.24 -0.598 7.158 10
4.321 0.294 7.129 10
3.718 0.514 6.993 10
3.088 0.825 6.957 10
2.549 0.725 7.072 10
2.473 0.66 7.177 10
2.106 0.193 7.225 10
1.766 -0.363 7.173 10
1.63 -1.027 7.228 10
1.666 -1.673 7.395 10
1.991 -1.917 7.62 10
2.3 -1.963 7.692 10
2.456 -1.747 7.651 10
2.36 -1.489 7.563 10
2.322 -1.268 7.572 10
2.3 -1.247 7.735 10
2.341 -1.35 8.006 10
2.305 -1.728 8.101 10
2.212 -2.068 8.099 10
2.123 -2.477 8.169 10
1.972 -2.762 8.13 10
1.917 -2.856 8.085 10
1.951 -2.827 7.979 10
1.98 -2.729 7.802 10
1.843 -2.65 7.754 10
1.766 -2.547 7.824 10
1.723 -2.81 7.92 10
1.522 -3.675 7.888 10
1.486 -4.52 7.728 10
1.584 -5.616 7.611 10
1.561 -6.469 7.527 10
1.826 -6.464 7.481 10
2.063 -6.476 7.541 10
2.166 -6.236 7.558 10
2.044 -6.442 7.599 10
1.371 -7.386 7.785 10
0.727 -8.312 7.867 10
0.112 -9.478 7.96 10
-0.277 -10.199 8.03 10
-0.011 -10.536 8.101 10
0.339 -11.018 8.331 10
0.663 -11.259 8.549 10
0.79 -11.643 8.825 10
0.679 -11.927 9.04 10
0.234 -11.784 8.815 10
-0.344 -12.275 8.439 10
-0.727 -12.624 8.006 10
-1.479 -12.794 8.109 10
-2.48 -13.304 8.702 10
-3.347 -13.18 9.447 10
-4.699 -13.223 10.247 10
-5.683 -13.445 10.51 10
-6.275 -13.211 10.565 10
-6.665 -13.117 10.855 10
-6.569 -12.856 11.089 10
-6.457 -12.665 11.403 10
-6.239 -12.876 11.717 10
-6.507 -12.548 11.674 10
-6.888 -12.737 11.757 10
-7.285 -12.856 11.762 10
-7.568 -12.648 11.638 10
-7.17 -13.177 11.774 10
-6.66 -13.189 11.784 10
-6.315 -13.208 11.884 10
-6.086 -13.555 12.114 10
-6.004 -13.757 12.117 10
-5.652 -14.077 12.193 10
-5.135 -14.391 12.179 10
-4.699 -14.554 12.083 10
-4.51 -14.523 12.076 10
-4.381 -14.341 11.702 10
-4.005 -13.951 11.259 10
-3.548 -13.711 10.898 10
-2.624 -13.654 10.259 10
-2.312 -13.824 9.706 10
-2.248 -14.202 9.222 10
-2.238 -14.463 8.568 10
-2.695 -14.542 8.192 10
-2.339 -14.599 7.841 10
-2.063 -14.899 7.242 10
-1.733 -15.315 6.813 10
-1.005 -15.646 5.997 10
-0.689 -15.801 5.363 10
-0.019 -15.691 4.838 10
0.284 -15.624 4.357 13
0.191 -15.643 4.264 7
-0.416 -15.411 4.003 10
-1.161 -15.428 3.679 10
-1.539 -15.401 3.313 12
-1.917 -15.052 3.045 8
-1.781 -14.954 2.944 10
-1.036 -14.137 2.839 10
-0.493 -13.338 1.821 10
0.05 -12.861 0.706 10
1.764 -11.772 0.119 12
2.734 -11.176 -0.263 8
3.689 -10.498 0.469 10
3.177 -10.661 3.155 12
1.493 -11.437 5.312 11
-0.282 -11.659 7.582 7
-0.404 -11.767 9.172 10
0.94 -11.034 8.808 10
2.832 -9.902 8.279 10
4.817 -9.323 7.637 10
5.097 -8.568 7.742 10
4.639 -7.838 8.494 10
3.636 -7.508 9.411 10
1.912 -7.374 10.678 10
0.454 -7.594 11.674 10
-0.608 -7.879 11.583 10
-1.675 -8.204 10.958 10
-2.023 -8.334 9.983 10
-2.19 -8.384 8.52 10
-1.991 -8.192 6.986 10
-1.788 -7.96 5.985 10
-1.601 -7.517 4.443 10
-1.594 -7.153 3.39 10
-1.812 -6.708 2.726 10
-2.317 -5.94 2.037 10
-2.806 -5.382 1.889 10
-3.641 -4.888 1.733 10
-4.276 -4.63 1.699 10
-4.426 -5.389 1.453 10
-3.754 -6.758 0.715 10
-2.734 -8.063 -0.014 10
-0.775 -9.816 -0.629 10
0.986 -10.874 -1.005 10
2.329 -11.683 0.079 10
3.339 -12.433 1.802 12
3.512 -12.897 4.05 11
3.684 -13.362 6.299 7
5.736 -14.494 6.88 10
8.121 -15.686 6.823 10
10.9 -16.704 6.813 12
13.68 -17.721 6.804 12
14.923 -17.616 7.015 6
13.374 -18.404 8.147 10
11.329 -19.203 8.592 10
12.143 -17.867 8.686 11
10.864 -14.121 5.93 13
12.378 -9.481 2.252 6
13.235 -4.599 -0.296 10
11.233 -1.853 -2.494 10
11.925 -0.682 -0.641 13
11.607 -1.031 1.247 7
11.944 -1.623 2.008 10
11.54 -1.946 3.768 12
9.217 -2.873 5.224 12
7.905 -2.279 6.643 6
6.095 -1.508 7.814 10
5.027 -1.005 7.987 10
4.335 -1.233 7.951 12
3.694 -1.067 7.613 11
3.55 -1.079 7.524 7
3.371 -0.895 7.812 10
3.385 -0.306 7.886 10
3.457 -0.227 8.19 12
3.552 -0.653 8.027 8
3.684 -1.276 7.489 10
4.335 -1.826 6.71 10
4.879 -2.26 6.004 10
5.573 -1.836 6.117 13
5.317 -0.909 5.918 12
4.541 -0.055 5.959 5
3.684 0.009 6.904 10
3.186 -0.076 7.122 12
3.639 -0.665 7.651 8
4.955 -1.355 8.611 10
6.354 -1.254 8.667 10
6.768 -1.436 8.815 12
6.409 -1.623 8.949 8
5.185 -1.709 8.652 10
4.151 -1.807 8.374 10
3.567 -1.824 8.379 11
3.679 -1.872 8.164 9
3.78 -2.159 7.984 10
3.691 -2.434 7.785 10
4.005 -3.057 7.57 10
4.395 -3.643 7.589 10
5.032 -4.273 7.465 10
5.576 -5.066 7.199 10
5.717 -5.511 6.95 10
5.477 -5.798 7.077 10
4.414 -5.645 7.161 10
3.445 -5.329 7.386 10
2.329 -5.171 7.709 10
1.594 -5.171 7.656 10
1.616 -5.825 7.489 10
1.999 -6.524 7.615 10
2.528 -7.065 7.644 10
2.81 -7.505 7.484 10
2.925 -7.45 7.589 10
2.152 -7.424 7.295 10
1.175 -7.601 6.94 13
0.445 -7.879 6.775 7
-0.004 -8.497 6.873 10
-0.009 -9.196 6.849 20
-0.22 -9.818 6.821 10
-0.43 -10.441 6.792 10
-0.857 -10.508 6.438 10
-0.986 -10.714 6.433 10
-0.706 -10.793 6.493 10
-0.761 -11.288 6.684 10
-0.881 -11.999 6.938 10
-1.683 -12.782 6.777 10
-2.343 -14.35 6.912 10
-2.669 -15.502 6.914 10
-3.074 -16.721 7.165 10
-3.497 -17.401 7.723 10
-4.062 -17.295 7.987 10
-4.85 -17.006 8.104 10
-5.559 -16.649 7.972 10
-6.095 -16.45 7.917 10
-6.495 -16.139 7.876 10
-6.672 -16.012 7.982 10
-6.301 -15.753 8.044 10
-5.616 -15.509 8.015 10
-5.128 -16.01 8.097 10
-4.788 -16.033 8.259 10
-4.996 -16.189 8.465 10
-5.657 -16.855 9.334 12
-5.995 -16.39 10.086 8
-6.184 -16.402 10.757 10
-5.688 -16.519 11.039 10
-4.74 -16.127 10.658 10
-3.428 -16.488 10.251 10
-2.011 -17.092 9.366 10
-1.278 -17.59 8.868 10
-0.5 -17.994 7.8 10
-0.349 -18.143 6.751 10
-0.268 -17.64 5.942 10
-1.616 -17.049 5.947 10
-3.009 -16.551 6.521 10
-5.135 -16.093 8.987 10
-7.297 -16.045 11.693 10
-7.532 -16.27 10.728 10
-7.307 -16.646 10.232 10
-6.349 -16.982 7.845 10
-5.027 -17.257 5.3 14
-4.12 -17.353 5.489 6
-3.672 -17.298 5.209 10
-3.287 -17.173 4.762 10
-3.265 -17.108 4.472 10
-2.794 -16.627 4.448 12
-1.757 -15.763 4.446 8
-0.658 -14.968 4.611 10
-0.234 -13.831 4.551 14
-0.344 -13.105 4.347 6
-1.034 -11.954 4.015 10
-0.842 -10.563 3.811 10
0.023 -9.514 3.833 10
1.096 -8.295 3.363 11
3.56 -7.963 3.107 9
5.142 -7.869 2.722 10
5.676 -7.97 3.421 10
6.004 -8.24 4.611 10
2.801 -8.616 7.455 10
-0.586 -9.773 10.371 10
-2.925 -10.735 12.203 10
-4.074 -10.749 12.835 10
-3.069 -10.582 11.707 10
-0.833 -8.645 10.139 10
1.905 -6.746 10.333 10
3.454 -5.796 11.726 10
3.9 -4.197 13.623 10
2.923 -3.825 15.322 10
1.443 -3.416 15.26 10
-0.955 -4.319 15.339 10
-2.528 -6.402 14.302 12
-3.725 -8.245 13.831 8
-5.221 -10.266 12.655 10
-5.798 -10.975 11.338 10
-6.418 -11.051 9.883 10
-7.038 -11.128 8.427 10
-7.69 -11.001 7.266 10
-8.64 -10.726 5.896 10
-9.165 -10.345 5.106 20
-9.133 -10.067 4.034 10
-8.772 -9.816 3.371 10
-7.601 -10.139 2.597 10
-6.536 -10.668 1.996 10
-4.944 -11.59 1.391 10
-0.294 -14.334 0.787 10
3.845 -16.651 0.502 10
8.231 -18.873 0.452 10
11.535 -20.599 0.689 10
5.291 -20.614 3.169 10
2.537 -19.876 0.433 10
2.906 -16.682 0.141 20
3.78 -14.374 -0.098 10
11.145 -11.956 -2.583 10
15.306 -12.105 2.059 12
16.129 -14.535 3.995 11
16.448 -16.079 5.88 7
14.654 -16.409 6.325 10
12.574 -14.925 4.86 10
11.451 -12.002 5.018 13
10.328 -9.078 5.176 7
11.355 -7.304 7.307 10
12.327 -5.959 9.066 10
12.31 -6.323 9.229 10
11.334 -6.689 9.437 16
9.459 -6.248 7.79 4
7.639 -5.379 6.514 10
5.346 -4.17 6.505 20
4.876 -2.987 6.701 10
5.178 -2.815 7.304 10
5.48 -2.643 7.908 10
6.366 -2.918 7.343 10
6.387 -3.165 6.526 10
6.246 -3.033 6.715 10
5.444 -2.564 6.866 10
4.532 -1.987 6.919 10
3.708 -0.957 7.139 10
3.256 -0.088 7.244 10
3.464 0.442 7.388 10
3.251 0.739 7.462 10
2.949 0.584 7.369 10
2.492 0.217 7.228 10
1.968 -0.265 7.216 10
1.865 -0.514 7.273 10
1.666 -0.981 7.354 10
1.697 -1.568 7.613 20
1.939 -2.035 7.788 10
2.181 -2.501 7.963 10
2.382 -2.782 8.03 10
2.245 -2.681 7.975 10
1.965 -2.583 7.874 10
1.745 -2.432 7.752 10
1.661 -2.25 7.714 10
1.714 -2.434 7.647 10
1.857 -2.973 7.469 10
1.941 -3.564 7.314 10
1.963 -4.235 7.139 10
1.991 -4.668 7.01 10
2.044 -4.833 6.981 10
1.869 -5.092 7.01 10
1.757 -5.272 7.058 10
1.474 -5.59 7.122 10
1.077 -5.822 7.196 10
0.883 -6.256 7.225 10
0.701 -7.12 7.436 10
0.689 -7.845 7.63 10
0.438 -8.726 7.891 10
0.105 -9.081 8.264 10
-0.239 -9.004 8.456 10
-0.694 -9.006 8.585 10
-0.909 -8.853 8.647 10
-1.053 -9.397 8.535 10
-1.364 -9.916 8.525 10
-1.565 -10.357 8.578 14
-1.759 -11.341 8.623 6
-1.92 -11.86 8.719 10
-1.991 -12.14 8.681 10
-2.348 -12.741 8.748 10
-2.712 -12.799 8.822 10
-3.375 -12.739 9.011 10
-4.024 -12.677 9.342 10
-4.388 -12.294 9.567 10
-4.903 -11.925 10.01 10
-5.118 -11.674 10.338 10
-5.451 -11.829 10.503 20
-5.784 -11.985 10.668 10
-6.112 -12.231 10.838 10
-6.44 -12.478 11.008 10
-6.83 -13.297 11.391 10
-6.89 -13.757 11.726 10
-6.804 -14.111 11.839 10
-6.291 -14.482 11.966 10
-5.456 -14.267 11.875 10
-4.951 -14.41 11.832 10
-4.718 -14.568 11.896 14
-4.912 -14.709 11.947 6
-5.116 -15.164 12.148 10
-5.063 -15.449 12.279 10
-4.738 -15.72 12.303 10
-4.402 -15.595 12.042 10
-4.137 -15.03 11.688 10
-3.878 -15.078 11.054 10
-3.971 -14.939 10.546 10
-4.074 -15.195 10.323 10
-3.78 -15.181 9.545 10
-3.734 -14.712 8.913 10
-3.337 -14.429 8.154 10
-3.236 -14.216 7.101 10
-3.533 -14.274 6.603 10
-3.701 -14.583 6.129 10
-3.459 -14.647 5.365 10
-2.92 -14.642 4.896 12
-2.07 -14.642 4.309 8
-1.35 -14.403 3.902 10
-1.292 -14.578 3.696 14
-1.029 -14.705 3.466 6
-1.077 -14.827 3.354 10
-0.768 -14.633 3.315 14
-0.105 -14.068 3.215 6
0.351 -13.551 3.138 10
0.847 -13.098 3.098 10
0.986 -12.962 2.983 10
0.588 -12.667 2.743 13
0.265 -11.966 2.557 7
-0.095 -11.2 2.334 10
1.012 -9.864 1.958 20
3.871 -8.468 1.441 10
5.442 -8.418 1.412 14
7.012 -8.367 1.383 6
5.851 -9.586 2.693 10
3.936 -11.037 4.872 12
3.234 -11.549 6.509 8
2.597 -11.52 8.195 10
3.222 -10.793 8.695 10
3.512 -9.859 8.231 10
4.809 -8.487 8.03 10
6.042 -7.656 7.781 10
6.859 -6.856 7.943 14
7.45 -6.449 8.619 6
6.047 -7.038 8.997 13
3.928 -7.759 9.418 7
2.226 -8.449 9.428 12
0.32 -9.085 9.193 8
-0.567 -9.074 8.535 10
-0.739 -8.93 7.833 10
-1.022 -8.815 6.725 10
-1.101 -8.753 5.861 10
-1.414 -8.959 4.927 10
-1.848 -9.255 3.687 10
-2.171 -9.524 2.853 10
-2.65 -9.919 2.025 10
-2.925 -10.137 1.723 10
-2.784 -10.654 1.541 10
-2.212 -11.401 1.288 10
-1.484 -12.021 1.029 10
-0.244 -12.512 0.818 10
0.699 -12.612 0.794 9
2.006 -12.241 0.636 12
4.836 -13.024 0.27 10
7.153 -13.936 -0.143 9
9.751 -14.695 -0.948 10
8.939 -16.005 -0.047 9
6.605 -16.16 1.06 10
2.59 -16.141 0.653 12
-1.704 -16.275 0.636 9
-0.529 -14.887 -0.402 10
3.157 -13.235 -0.943 10
8.525 -11.757 0.031 10
13.776 -10.965 0.742 10
15.459 -11.417 0.893 10
14.63 -12.133 0.545 10
13.907 -11.255 0.823 10
13.302 -9.691 1.364 10
13.936 -7.479 2.157 10
14.219 -5.616 3.335 10
14.396 -5.348 3.888 10
14.204 -5.204 5.197 10
13.484 -5.679 6.339 10
12.543 -5.82 7.754 10
10.709 -5.801 8.473 10
9.244 -5.657 8.434 10
7.855 -4.996 9.083 10
6.368 -4.027 8.604 12
5.774 -3.217 8.822 11
4.936 -1.996 8.334 7
4.022 -1.292 7.158 10
3.442 -0.859 7.357 10
3.275 -0.478 7.62 10
3.351 -0.509 8.59 10
3.454 -0.653 8.789 10
3.892 -0.818 8.082 10
4.335 -0.622 7.52 10
4.417 -0.296 7.077 10
4.472 0.141 7.405 10
4.022 0.55 7.599 10
3.155 0.651 7.584 10
2.324 0.567 7.453 10
1.558 0.502 7.508 10
1.297 0.466 7.697 10
1.12 0.397 8.037 10
1.326 0.105 8.341 10
1.467 -0.205 8.458 10
1.742 -0.651 8.463 10
1.934 -1.063 8.317 10
1.936 -1.156 8.243 10
1.951 -1.091 8.027 11
1.831 -0.893 7.924 9
1.659 -0.612 7.876 10
1.618 -0.373 7.79 10
1.424 -0.447 7.912 10
1.23 -0.77 8.09 10
1.089 -1.175 8.212 10
0.89 -1.599 8.355 10
1.058 -1.817 8.327 10
1.225 -1.786 8.243 10
1.371 -1.759 8.178 10
1.575 -1.714 8.092 10
1.446 -1.9 8.133 10
1.271 -2.14 8.159 10
1.118 -2.375 8.166 10
0.849 -2.662 8.054 10
0.689 -2.767 7.92 10
0.605 -2.947 7.74 10
0.794 -3.191 7.618 10
1.098 -3.383 7.615 10
1.623 -3.763 7.479 10
2.116 -4.446 7.46 10
2.336 -5.063 7.383 10
2.312 -6.198 7.472 10
2.068 -7.144 7.694 10
1.654 -8.034 8.051 10
1.063 -9.176 8.441 10
0.715 -9.801 8.667 10
0.21 -10.587 9.102 10
-0.124 -10.998 9.346 10
-0.258 -11.348 9.37 10
-0.284 -11.405 9.33 10
-0.153 -11.303 9.078 10
0.014 -10.651 8.717 10
-0.423 -9.844 8.497 10
-0.969 -9.33 8.341 10
-2.363 -9.442 8.298 11
-3.792 -10.103 8.365 9
-5.219 -11.13 8.659 10
-6.689 -11.884 9.232 10
-7.311 -12.011 9.691 10
-7.666 -11.829 10.287 10
-7.441 -11.247 10.702 10
-6.976 -10.833 11.025 10
-6.531 -10.611 11.353 10
-6.354 -10.697 11.544 10
-6.387 -10.972 11.81 10
-6.691 -11.386 11.844 10
-6.976 -11.609 11.872 10
-7.024 -11.947 11.935 10
-6.861 -12.095 11.923 10
-6.301 -12.241 11.793 10
-5.604 -12.49 11.501 10
-5.145 -12.624 11.176 10
-4.874 -12.749 10.694 10
-4.927 -12.842 10.376 10
-5.327 -13.108 10.22 11
-5.884 -13.462 9.895 9
-6.253 -13.826 9.725 10
-6.014 -13.922 9.402 12
-5.343 -13.955 9.105 8
-4.515 -13.9 8.978 10
-3.56 -13.498 8.851 12
-3.213 -13.364 8.877 8
-2.995 -13.354 8.647 10
-2.856 -13.673 8.41 11
-2.844 -14.338 8.173 9
-2.647 -14.848 7.726 10
-2.542 -15.021 7.508 10
-2.329 -15.157 7.053 10
-1.884 -15.222 6.531 10
-1.623 -15.442 6.22 10
-1.192 -15.497 5.626 10
-0.79 -15.26 5.276 10
-0.675 -14.98 4.695 10
-0.531 -14.93 4.101 14
-0.557 -15.045 3.79 6
-0.404 -14.571 3.347 10
0.351 -14.015 3.265 10
1.079 -13.23 3.196 10
1.802 -12.038 3.229 10
2.346 -11.434 3.394 10
2.738 -10.953 3.433 10
3.366 -10.218 3.177 10
3.998 -9.89 2.817 10
5.317 -9.299 2.183 10
7.019 -8.983 1.735 13
8.487 -8.92 1.582 7
9.1 -9.493 1.367 10
9.026 -10.328 1.426 12
7.055 -11.525 1.987 12
6.009 -12.241 2.949 6
5.817 -12.322 3.974 10
5.75 -11.834 5.647 10
6.799 -10.783 6.698 10
6.11 -10.311 7.005 10
5.473 -9.921 7.948 10
4.711 -10.101 8.243 10
3.615 -10.041 8.906 10
3.332 -9.883 9.911 10
2.523 -9.555 10.086 20
1.714 -9.227 10.261 10
1.216 -9.157 9.761 10
0.469 -9.059 8.872 10
0.196 -9.05 8.178 10
-0.366 -9.004 7.199 10
-0.905 -8.939 6.526 10
-1.443 -9.042 5.973 10
-2.154 -9.224 4.843 10
-2.576 -9.442 3.998 10
-2.813 -9.528 2.822 11
-2.801 -9.476 1.915 9
-2.451 -9.054 1.74 10
-1.812 -8.616 1.683 10
-1.357 -8.31 1.956 10
-0.517 -8.377 2.171 10
0.629 -9.22 2.051 10
1.486 -10.079 1.814 10
2.937 -11.24 1.671 10
4.003 -12.028 1.584 10
4.855 -12.387 2.3 10
5.458 -13.33 3.282 10
5.468 -13.972 4.17 10
6.78 -15.689 4.541 10
7.833 -17.348 4.29 10
10.18 -18.183 4.225 10
13.668 -18.468 4.259 10
15.854 -17.678 4.809 10
14.765 -17.867 5.942 10
15.014 -16.383 5.961 10
14.121 -15.449 5.882 11
11.913 -12.548 3.081 12
12.981 -8.667 -0.301 11
11.573 -5.621 -2.401 6
11.626 -1.733 -2.76 10
12.993 0.186 -0.397 13
13.587 1.067 1.185 7
14.274 0.871 2.145 10
12.904 -0.818 2.53 11
10.51 -2.2 3.263 12
8.889 -2.542 4.776 7
6.687 -2.48 6.416 10
5.082 -1.479 7.321 10
4.503 -0.787 7.879 12
3.536 -0.323 8.044 12
3.15 -0.263 8.082 6
3.27 -0.217 8.19 10
3.67 -0.244 7.872 10
4.458 -0.043 7.946 10
5.042 -0.433 7.73 13
5.118 -1.096 7.015 7
5.135 -1.565 6.488 10
5.628 -1.663 6.291 11
6.325 -1.17 6.385 11
6.672 -0.545 6.426 8
5.755 0.081 6.567 10
4.362 0.337 6.378 10
3.251 0.184 7.0 13
2.489 -0.1 7.675 7
3.251 -0.735 8.499 10
4.522 -1.558 8.992 14
5.511 -1.972 8.674 6
6.629 -2.497 8.346 10
7.268 -2.796 8.006 10
6.931 -2.786 8.255 10
6.229 -2.832 8.19 10
5.398 -2.767 8.135 10
4.587 -2.669 7.982 10
4.414 -2.839 7.551 10
4.606 -2.954 7.433 10
4.63 -3.294 7.139 10
4.635 -3.667 6.943 10
4.347 -3.991 6.703 10
4.0 -4.558 6.555 10
3.821 -4.9 6.584 10
3.497 -5.363 6.713 10
3.294 -5.726 6.904 10
3.098 -5.679 7.175 10
2.944 -5.633 7.335 10
2.935 -5.468 7.395 10
2.729 -5.437 7.378 10
2.576 -5.573 7.192 10
2.339 -5.846 6.998 10
2.152 -6.234 6.983 10
2.161 -6.488 7.046 10
2.102 -7.146 6.936 20
2.082 -7.666 6.943 10
1.594 -8.394 6.773 10
0.964 -9.332 6.605 14
0.404 -9.866 6.61 6
-0.107 -10.486 6.72 10
-0.201 -10.783 6.828 10
-0.361 -10.967 7.038 10
-0.521 -11.152 7.249 10
-1.233 -11.413 7.539 10
-1.989 -11.779 7.879 10
-2.537 -12.047 8.113 10
-2.992 -11.98 8.02 10
-3.215 -12.401 7.754 10
-3.392 -12.717 7.438 10
-3.94 -13.105 7.371 10
-4.582 -13.828 7.632 10
-5.015 -13.939 7.994 10
-5.559 -13.953 8.307 10
-5.731 -13.895 8.372 10
-5.995 -13.948 8.307 10
-6.196 -13.962 8.13 10
-6.354 -14.389 8.183 10
-6.119 -14.788 8.195 14
-5.513 -15.107 8.413 16
-5.233 -15.796 8.746 10
-4.886 -16.17 8.896 10
-5.011 -16.311 8.985 10
-5.415 -16.424 8.997 10
-5.061 -16.072 8.848 10
-4.644 -15.71 8.954 10
-4.149 -15.607 9.162 10
-3.936 -15.524 9.382 10
-4.156 -15.533 9.648 10
-4.058 -15.504 9.516 10
-3.665 -15.535 9.284 10
-2.99 -15.547 9.04 10
-2.456 -15.547 8.487 10
-2.372 -15.813 7.891 10
-2.583 -16.019 7.395 10
-2.643 -15.708 6.873 10
-2.561 -15.409 6.66 10
-2.26 -14.894 6.83 10
-1.984 -14.504 6.912 10
-1.86 -14.63 7.019 10
-2.291 -15.081 6.708 10
-2.873 -15.528 6.2 10
-3.143 -15.83 5.446 10
-2.999 -15.842 4.637 12
-2.3 -15.531 4.247 8
-1.644 -15.653 3.763 10
-1.505 -15.579 3.311 20
-1.601 -15.665 2.825 10
-1.697 -15.751 2.339 11
-1.177 -14.939 1.855 9
0.119 -13.795 1.647 10
1.237 -12.78 1.527 13
2.152 -11.468 1.659 7
2.494 -10.62 1.881 10
2.602 -9.957 1.62 14
2.954 -9.334 1.244 6
3.509 -9.009 0.617 11
3.95 -8.647 0.356 9
4.836 -8.441 1.975 10
5.477 -8.195 3.708 10
5.597 -8.599 6.069 12
5.832 -9.04 8.063 8
5.65 -9.229 8.322 10
5.616 -9.548 8.614 12
6.105 -9.215 8.279 8
6.394 -8.468 8.585 10
6.339 -8.125 9.344 11
6.136 -7.654 10.07 9
5.839 -7.285 10.5 10
5.741 -7.331 10.29 10
5.245 -7.656 10.421 10
4.244 -8.137 10.409 10
3.337 -8.516 10.692 10
2.166 -9.023 10.319 10
1.398 -9.308 9.519 10
1.163 -9.569 8.286 10
0.766 -9.933 6.598 10
0.632 -10.168 5.566 10
0.282 -10.541 4.096 13
-0.095 -10.783 3.203 7
-0.313 -10.678 1.807 10
-0.387 -9.9 0.217 10
-0.246 -8.983 -0.933 10
-0.486 -8.066 -1.3 10
-0.723 -7.393 -0.708 10
-1.565 -7.807 0.584 10
-2.384 -8.53 1.98 10
-2.822 -9.253 2.59 10
-2.614 -10.149 3.009 10
-0.952 -10.998 2.341 10
0.684 -11.54 1.57 10
4.276 -13.927 0.263 10
7.22 -16.141 -0.852 10
7.967 -18.253 -1.831 10
9.188 -18.251 -3.327 10
6.466 -17.597 -2.331 20
3.744 -16.943 -1.335 10
3.751 -12.808 -1.833 10
4.601 -11.31 -0.696 12
7.441 -8.616 -1.515 8
12.184 -7.127 -1.376 10
14.659 -9.253 0.265 10
15.818 -10.857 0.79 10
17.214 -11.386 1.647 10
16.706 -10.711 1.546 10
15.899 -9.021 2.061 10
15.883 -7.445 2.87 10
15.629 -6.945 3.347 10
14.937 -6.591 4.175 10
15.289 -6.852 4.821 10
13.747 -6.902 5.54 10
11.805 -6.548 6.222 10
10.302 -6.047 6.552 10
8.487 -5.197 6.421 10
7.098 -3.737 6.095 10
6.11 -2.681 5.805 10
5.456 -1.695 6.701 11
5.114 -1.058 8.058 9
5.439 -1.187 8.604 10
5.647 -1.228 8.7 10
5.521 -1.199 7.611 10
5.422 -1.027 6.629 10
5.334 -0.794 6.287 10
5.434 -0.78 6.493 10
5.035 -0.926 6.617 10
4.606 -1.216 6.634 10
3.799 -1.522 6.797 10
2.746 -1.558 7.062 10
2.193 -1.434 7.41 10
1.604 -1.256 7.769 10
1.393 -1.063 7.982 10
1.551 -1.051 7.886 10
1.817 -0.938 7.699 10
2.118 -0.878 7.501 10
2.331 -0.782 7.235 10
2.264 -0.648 7.007 12
2.09 -0.615 6.871 8
2.121 -0.548 6.909 10
2.24 -0.517 7.015 10
2.497 -0.584 7.366 10
2.595 -0.758 7.747 10
2.487 -0.967 7.953 10
2.308 -1.158 8.147 10
2.078 -1.249 8.164 10
1.91 -1.197 8.228 10
1.836 -1.206 8.336 10
1.833 -1.233 8.456 10
1.817 -1.252 8.489 10
1.896 -1.307 8.446 10
1.817 -1.355 8.348 10
1.584 -1.606 8.307 10
1.367 -1.865 8.353 10
1.082 -2.427 8.473 10
0.742 -3.136 8.542 10
0.555 -3.641 8.554 10
0.308 -4.199 8.461 10
0.129 -4.453 8.293 10
0.169 -4.443 8.178 10
0.416 -4.414 8.09 10
0.723 -4.333 8.106 10
0.797 -4.522 8.075 10
0.77 -4.774 8.054 10
0.402 -5.489 7.996 10
-0.055 -6.579 7.843 10
-0.28 -7.398 7.738 10
-0.363 -8.434 7.637 10
-0.44 -9.191 7.544 10
-0.428 -9.574 7.546 10
-0.964 -10.072 7.395 10
-1.642 -10.352 7.24 10
-2.681 -10.546 7.278 10
-3.833 -10.776 7.295 10
-4.436 -10.891 7.465 10
-5.329 -11.231 7.651 10
-5.731 -11.492 7.647 10
-6.588 -12.504 7.941 10
-7.426 -13.311 8.485 10
-7.975 -13.893 9.011 10
-8.066 -13.656 9.481 10
-7.639 -12.581 9.71 10
-7.232 -11.712 9.691 10
-6.878 -10.69 9.878 10
-6.981 -10.486 10.122 10
-7.117 -9.861 10.153 10
-7.311 -9.677 10.228 10
-7.453 -9.646 10.096 10
-7.608 -9.507 9.902 10
-7.68 -9.84 9.883 10
-7.115 -9.548 9.538 10
-6.392 -9.397 9.425 15
-5.655 -9.354 9.375 5
-5.403 -9.509 9.366 10
-5.932 -10.28 9.466 20
-6.416 -11.087 9.294 10
-6.9 -11.894 9.121 10
-6.464 -12.552 8.985 10
-5.803 -12.923 9.064 10
-5.346 -13.117 9.184 10
-4.86 -13.603 9.229 10
-4.807 -14.039 9.198 10
-4.627 -14.465 8.987 10
-4.57 -14.793 8.537 10
-4.541 -14.829 8.161 10
-4.455 -15.042 7.39 10
-4.52 -15.121 6.756 10
-4.321 -15.564 6.275 10
-4.364 -16.163 5.547 10
-4.465 -16.584 5.214 10
-4.469 -16.716 4.57 10
-4.405 -16.704 3.727 10
-4.098 -16.536 3.131 13
-3.713 -16.144 2.142 7
-3.423 -16.041 1.465 10
-2.889 -15.483 1.01 13
-2.257 -14.707 0.605 7
-1.704 -14.156 0.593 10
-1.625 -13.474 0.665 13
-2.001 -13.125 0.799 7
-2.049 -12.899 0.928 10
-1.142 -12.203 0.646 13
0.239 -11.638 0.28 7
1.948 -11.145 -0.356 10
2.576 -10.869 -0.811 10
2.248 -11.066 -0.854 13
1.917 -10.946 -0.835 7
1.259 -10.754 -0.545 10
1.683 -10.058 -0.481 12
1.077 -9.718 -0.627 8
0.474 -9.694 -0.835 10
-0.385 -9.543 -0.775 10
-1.671 -9.773 -0.718 10
1.601 -9.047 0.395 13
5.698 -8.58 2.245 7
10.05 -8.24 3.828 10
12.665 -8.049 4.838 10
9.868 -9.27 4.74 10
6.248 -10.232 3.904 10
3.323 -11.025 3.806 10
2.135 -11.669 4.28 10
4.211 -10.647 5.928 10
6.066 -9.066 7.788 10
7.228 -7.656 8.911 9
7.874 -6.172 10.074 11
7.139 -5.54 10.328 10
6.098 -5.635 10.065 10
4.819 -5.691 9.459 12
4.055 -5.82 8.813 7
3.469 -5.425 7.97 11
3.229 -4.584 7.204 10
3.227 -3.785 6.78 10
2.846 -3.215 5.841 10
2.288 -3.169 5.099 10
1.707 -3.754 4.132 10
0.964 -4.862 2.817 10
0.6 -5.741 2.018 10
0.179 -7.189 0.845 10
-0.038 -8.283 0.124 10
-0.105 -9.181 -0.945 10
0.1 -10.046 -1.932 10
0.363 -10.34 -2.545 9
0.84 -10.919 -2.25 11
1.426 -11.473 -0.677 10
1.74 -12.059 0.811 10
2.434 -12.6 1.98 12
3.722 -12.65 1.958 12
4.91 -12.399 1.355 6
6.909 -11.745 0.914 10
8.528 -11.137 0.794 10
9.756 -10.357 1.355 10
10.984 -9.576 1.915 10
11.92 -9.797 2.451 10
13.177 -10.026 2.351 10
14.018 -10.635 1.853 12
15.751 -10.381 1.594 12
14.271 -9.739 1.192 6
12.471 -9.088 1.426 10
9.964 -9.43 2.686 10
6.564 -10.635 3.706 10
7.402 -10.644 3.397 10
8.48 -9.43 2.346 10
10.263 -7.223 0.27 10
12.229 -4.613 -2.327 10
12.65 -2.987 -3.591 10
13.026 -2.772 -3.325 10
13.5 -2.803 -2.887 10
13.792 -3.236 -1.927 10
14.022 -3.574 -0.629 20
13.63 -3.335 0.428 10
12.478 -2.676 2.281 10
11.326 -2.018 4.134 11
9.77 -1.501 6.186 9
8.772 -1.235 8.101 10
8.434 -1.142 9.05 10
7.991 -1.048 9.775 20
7.9 -0.833 10.086 10
7.656 -0.572 9.404 10
7.412 -0.311 8.722 10
7.618 -0.148 8.046 10
7.939 -0.062 7.249 10
8.269 -0.282 7.194 10
8.128 -0.574 7.151 10
7.642 -0.768 7.323 10
6.663 -1.06 7.783 10
5.647 -1.07 7.934 10
5.104 -1.007 8.073 10
4.575 -0.541 8.034 10
4.539 0.023 7.709 10
4.338 0.651 7.453 10
3.912 1.381 7.053 10
3.471 1.707 6.83 10
2.853 1.934 6.493 10
2.451 1.939 6.234 10
1.678 1.63 6.011 10
0.093 1.046 5.726 20
-1.745 0.339 5.592 10
-3.603 -0.5 5.7 10
-4.865 -1.13 5.916 10
-5.418 -1.522 6.289 10
-5.54 -1.695 6.627 10
-5.597 -1.649 6.617 10
-5.796 -1.62 6.481 10
-5.892 -1.553 6.248 10
-5.949 -1.697 6.002 10
-6.052 -1.924 5.861 10
-5.892 -2.372 6.09 10
-5.533 -2.892 6.402 10
-5.212 -3.201 6.727 10
-4.426 -3.608 7.242 10
-4.115 -4.323 7.544 10
-4.003 -4.967 7.764 10
-4.101 -5.98 8.027 10
-4.663 -6.895 8.101 10
-5.231 -7.999 8.195 10
-6.095 -8.64 8.851 10
-6.749 -8.913 9.464 10
-7.75 -8.238 10.395 10
-8.394 -6.828 11.276 10
-9.038 -5.425 11.374 10
-9.37 -3.746 11.049 10
-9.356 -3.016 10.405 10
-8.446 -3.045 10.105 10
-6.739 -3.186 10.235 10
-5.343 -3.603 10.788 10
-4.108 -3.5 11.314 26
-4.005 -3.095 11.561 4
-4.876 -3.213 12.076 11
-5.748 -3.33 12.591 9
-6.519 -3.636 13.194 10
-7.053 -3.485 13.733 10
-6.789 -3.263 13.982 10
-6.282 -3.462 14.58 10
-5.714 -3.991 15.116 10
-5.054 -4.472 15.794 10
-4.546 -4.857 16.141 10
-4.283 -4.821 16.139 10
-3.897 -4.836 16.069 10
-3.605 -4.898 15.859 10
-3.366 -5.19 15.708 10
-2.822 -5.501 15.497 10
-2.401 -5.762 15.354 10
-1.697 -5.894 15.277 10
-1.11 -5.784 15.284 10
-0.756 -5.537 15.303 10
-0.428 -4.903 15.174 13
-0.383 -4.398 14.978 7
0.112 -3.957 14.611 10
0.536 -3.634 14.293 10
1.067 -3.912 13.857 10
1.532 -3.993 12.902 10
1.546 -4.01 12.117 10
1.951 -3.701 10.96 10
2.837 -3.636 10.28 10
3.79 -3.768 10.12 10
4.85 -4.22 9.957 10
5.521 -4.999 10.165 10
5.312 -5.607 10.055 10
4.817 -6.232 10.144 10
4.213 -6.536 10.235 10
3.718 -6.715 10.35 10
3.538 -6.607 10.572 10
3.94 -6.363 10.4 10
4.426 -5.837 10.132 10
4.805 -5.434 9.84 10
5.243 -4.865 9.631 10
5.401 -4.551 9.54 10
5.475 -4.52 9.545 10
5.499 -4.055 9.588 10
5.463 -3.758 9.548 10
5.219 -2.827 9.847 11
5.353 -1.845 9.938 9
5.537 -1.297 9.991 10
6.098 -0.658 9.612 10
6.852 -0.517 8.973 10
7.132 -0.244 8.609 10
6.986 0.215 8.585 10
6.464 0.584 8.992 10
6.526 1.228 9.102 20
6.684 1.69 9.145 10
7.845 1.561 8.599 10
9.006 1.431 8.054 10
10.089 1.74 7.582 10
10.486 2.116 7.187 9
10.307 2.896 7.041 11
9.193 3.485 6.567 10
7.575 3.361 6.315 10
5.291 3.035 5.25 10
1.831 2.791 4.137 9
-0.694 2.738 3.351 10
-3.813 2.705 2.557 11
-5.688 2.698 2.243 10
-6.387 2.609 1.977 9
-6.392 2.628 1.628 11
-5.803 2.628 1.288 9
-4.632 2.952 1.3 11
-3.67 3.383 1.29 10
-3.402 3.706 1.364 10
-2.928 4.05 1.355 10
-2.93 4.18 1.249 10
-2.331 4.118 1.017 10
-1.446 3.974 0.682 10
-0.766 3.809 0.43 10
0.203 3.629 0.323 9
0.931 3.574 0.689 11
1.371 3.6 1.158 10
1.738 3.612 2.042 10
1.814 3.639 2.782 9
1.757 3.634 2.908 10
2.303 3.849 1.941 10
2.923 4.079 0.56 11
4.24 4.695 -1.675 10
5.54 5.3 -3.624 9
6.088 5.906 -4.735 11
6.347 6.469 -5.568 9
5.908 6.646 -5.547 11
5.458 6.914 -5.015 10
4.723 7.328 -4.264 10
4.278 7.785 -3.79 9
3.244 8.571 -3.608 11
2.221 9.265 -3.936 10
1.288 9.299 -4.249 10
0.275 8.846 -4.601 10
-0.148 8.066 -4.661 10
-0.538 7.175 -4.812 10
-0.514 6.768 -5.003 11
-0.411 6.847 -5.157 9
-0.497 7.161 -5.341 14
-0.617 7.584 -5.434 6
-1.139 7.939 -5.434 10
-1.8 8.192 -5.334 10
-2.272 8.212 -5.202 13
-2.715 8.145 -5.075 7
-2.825 7.958 -4.979 10
-3.076 7.673 -5.061 11
-3.459 7.261 -4.965 13
-3.871 6.936 -4.865 6
-4.35 6.698 -4.608 10
-4.548 6.66 -4.276 10
-4.592 6.698 -3.912 14
-4.479 6.397 -3.028 6
-4.299 6.007 -2.3 10
-3.964 5.228 -0.916 10
-4.132 4.175 0.514 14
-4.455 3.462 1.426 6
-4.857 2.43 2.667 10
-5.415 1.786 3.251 10
-4.146 1.379 6.435 14
-2.267 1.625 8.662 6
-0.308 2.19 10.56 10
0.869 2.655 13.046 10
0.699 3.208 12.674 10
-0.478 1.165 12.466 10
-2.466 -0.33 11.542 10
-4.922 -0.584 10.33 14
-7.378 -0.837 9.119 6
-9.437 0.849 8.702 10
-11.188 2.719 9.39 10
-11.731 3.49 10.421 13
-12.275 4.261 11.453 7
-11.767 5.046 12.758 10
-11.231 4.716 13.108 10
-10.651 4.343 12.813 10
-9.421 3.919 11.207 10
-9.241 3.481 9.327 10
-7.412 4.137 7.563 10
-6.5 2.238 6.344 10
-6.239 0.39 6.438 10
-6.84 0.478 7.362 10
-8.619 -0.138 8.738 10
-9.555 2.6 8.611 10
-10.639 4.302 8.865 10
-10.862 4.067 8.288 10
-10.728 4.084 8.401 10
-9.239 4.35 10.546 10
-7.601 5.652 12.31 10
-5.59 7.079 13.912 10
-3.936 8.255 14.824 10
-4.503 7.357 13.967 10
-5.781 6.279 13.838 10
-7.433 5.078 13.872 10
-8.746 4.28 13.807 10
-9.117 4.505 14.437 10
-8.286 4.944 14.52 10
-6.636 5.216 14.808 10
-5.327 5.085 15.193 10
-3.66 5.365 15.564 10
-2.257 6.076 15.794 10
-1.673 6.952 15.82 10
-1.108 7.869 15.835 10
-0.9 8.374 15.863 10
-0.814 8.327 15.954 10
-0.754 8.142 16.27 10
-0.675 7.917 16.599 10
-1.386 7.596 16.891 10
-2.202 7.364 17.08 10
-3.454 7.091 16.682 10
-4.58 6.622 15.902 10
-4.915 6.248 15.157 10
-5.317 5.777 13.872 10
-5.219 4.788 13.268 10
-5.248 3.995 13.048 10
-5.585 3.351 13.048 10
-5.856 2.806 13.589 10
-5.856 3.028 13.503 10
-5.41 3.107 12.689 10
-4.656 3.038 11.654 10
-3.801 2.679 10.177 10
-3.256 2.245 9.006 10
-2.571 1.735 8.717 10
-1.429 1.47 8.566 10
-0.387 1.493 8.858 10
0.426 1.838 9.392 10
0.421 2.398 9.962 10
-0.04 2.715 10.393 10
-0.196 3.007 10.998 20
-0.167 2.995 11.532 10
0.126 3.098 11.975 10
0.421 3.201 12.418 10
0.464 3.766 12.698 10
0.55 4.314 12.808 10
0.572 4.292 13.122 10
0.28 3.347 13.713 10
-0.067 1.963 14.293 10
-1.053 0.311 14.796 10
-2.288 -0.574 15.207 10
-3.21 -0.536 15.342 10
-3.684 -0.047 15.509 10
-3.519 0.708 15.753 10
-3.157 1.082 15.006 10
-2.636 0.799 14.061 10
-2.561 0.067 13.081 10
-2.164 0.287 12.327 14
-1.68 0.584 12.354 6
-0.857 0.713 12.404 11
0.227 1.802 12.413 9
0.988 1.939 12.198 10
1.75 1.132 12.406 10
1.814 0.311 14.247 12
1.618 -1.47 16.129 8
0.476 -3.648 18.045 10
-0.665 -4.884 19.536 10
-0.287 -4.924 19.182 10
0.883 -4.486 17.183 10
2.999 -3.651 15.15 10
4.422 -2.923 11.896 10
4.52 -2.552 9.03 10
3.201 -2.952 7.469 10
1.3 -3.366 6.215 10
0.093 -3.672 6.181 10
-1.561 -4.211 5.951 10
-2.631 -4.544 5.793 10
-3.119 -4.862 5.329 10
-2.959 -4.702 4.357 10
-2.351 -4.309 3.581 10
-0.756 -3.481 2.595 10
0.682 -2.454 2.008 10
1.472 -1.905 1.929 10
1.577 -1.06 1.807 10
0.737 -0.565 2.164 10
-0.11 -0.167 1.999 10
-0.359 0.227 1.137 10
0.076 0.325 0.318 10
1.278 0.641 -1.175 10
2.82 1.271 -2.935 10
3.763 1.903 -3.998 10
4.453 2.911 -5.322 10
4.376 3.701 -5.971 10
3.873 4.537 -6.555 10
3.459 5.808 -7.371 10
3.299 6.703 -7.927 10
3.033 7.376 -8.35 10
3.016 7.589 -8.451 10
2.633 6.995 -7.927 10
2.025 6.438 -7.347 10
1.522 6.102 -6.9 10
1.048 5.951 -6.639 10
0.852 6.172 -6.77 10
0.921 6.354 -7.467 10
0.869 6.466 -8.971 10
0.787 6.394 -10.287 10
0.548 6.356 -12.375 10
-0.071 6.672 -13.86 10
-0.569 7.058 -14.537 10
-1.575 7.797 -14.599 10
-2.422 8.504 -13.891 10
-3.356 8.817 -12.804 10
-4.673 8.796 -11.238 13
-5.482 8.42 -10.287 7
-6.438 7.735 -8.968 10
-6.967 7.091 -8.121 10
-6.988 6.684 -7.472 10
-6.624 6.258 -6.382 10
-6.114 6.141 -5.662 10
-5.492 5.868 -4.601 10
-5.274 5.453 -2.748 10
-5.442 5.058 -1.335 10
-5.736 4.053 -2.154 10
-6.143 3.203 -3.313 10
-6.093 2.501 -2.839 10
-5.762 2.604 -2.142 10
-5.305 3.318 0.785 10
-5.109 4.393 4.402 10
-5.09 5.559 5.315 10
-5.827 5.671 6.914 10
-6.744 5.932 10.651 10
-7.4 5.832 13.699 10
-7.603 6.538 15.275 10
-7.046 7.125 15.337 10
-6.308 7.563 13.261 14
-5.166 7.984 11.54 6
-4.477 7.599 11.291 10
-3.143 8.209 11.343 10
-2.308 7.75 11.573 10
-1.877 7.307 11.449 10
-2.073 7.328 10.941 10
-3.198 6.722 10.735 10
-3.643 7.333 9.619 10
-4.388 8.128 8.791 10
-4.505 8.458 8.346 10
-4.544 8.832 7.501 10
-3.991 9.327 7.34 10
-3.138 9.639 6.892 10
-2.025 11.183 8.951 10
-0.991 12.684 11.41 10
-0.117 14.709 13.615 10
0.289 16.73 15.186 10
0.435 17.518 14.25 10
0.754 18.306 13.177 10
0.459 18.301 12.406 10
1.687 18.303 11.853 10
3.797 18.308 10.838 10
5.734 18.313 9.959 10
8.092 18.318 8.418 10
9.725 18.32 7.165 10
10.477 18.32 6.375 10
10.831 18.059 5.549 10
10.764 17.798 5.386 10
9.933 16.658 5.063 10
8.52 14.889 4.314 10
7.505 13.381 3.6 10
6.449 12.469 2.504 10
5.827 12.435 1.695 10
5.446 12.208 1.309 10
4.307 12.119 1.154 10
3.208 11.434 1.381 10
1.85 10.101 1.766 11
1.383 9.32 2.056 9
1.675 8.401 2.116 10
2.138 7.357 2.176 10
2.858 6.962 2.078 10
2.942 6.603 1.819 10
3.658 6.069 1.316 10
4.204 5.659 0.814 10
4.783 5.798 0.797 10
5.449 6.172 1.039 10
4.848 6.703 2.185 10
4.132 7.094 3.509 10
3.383 6.936 4.347 10
1.874 6.325 4.9 20
1.204 5.956 4.041 20
0.648 5.729 3.004 10
0.26 5.925 1.527 10
0.579 6.39 0.392 10
0.694 6.629 0.009 10
0.497 6.514 -0.169 10
0.134 5.975 0.09 10
-0.411 5.31 0.363 10
-0.909 4.836 0.356 10
-1.096 4.716 0.146 10
-1.034 5.08 -0.16 10
-0.737 5.755 -0.536 10
-0.328 6.366 -0.586 10
0.167 6.514 -0.555 10
0.414 6.179 -0.428 10
0.739 5.463 -0.421 10
0.912 4.656 -0.749 10
0.998 4.311 -1.158 10
1.13 4.242 -1.98 10
1.508 4.718 -3.09 11
1.879 5.159 -3.912 9
2.559 5.511 -5.13 10
3.193 5.588 -5.937 12
3.732 5.142 -6.531 12
4.271 4.697 -7.125 6
4.4 3.89 -7.402 10
4.113 2.729 -7.627 14
3.596 1.924 -7.656 6
2.545 0.916 -7.704 10
1.259 0.237 -7.556 14
0.39 -0.088 -7.46 6
-0.67 -0.502 -7.23 10
-1.144 -0.775 -6.823 13
-1.283 -0.926 -6.531 7
-1.448 -1.036 -6.193 22
-1.393 -0.658 -6.011 8
-1.391 -0.217 -5.987 10
-1.079 0.859 -5.94 12
-0.586 2.446 -5.793 8
-0.122 3.634 -5.626 10
-0.328 5.216 -4.359 24
-0.842 6.162 -3.117 6
-1.572 6.842 -1.424 10
-2.073 7.999 0.395 13
-1.903 8.76 1.115 7
-2.212 9.425 2.693 10
-2.461 9.806 3.677 12
-2.717 9.739 5.77 8
-2.973 9.672 7.862 10
-4.467 9.603 9.44 22
-5.961 9.533 11.018 10
-8.243 7.431 10.424 8
-11.159 4.319 10.208 10
-12.358 1.304 9.651 10
-13.187 0.641 9.009 13
-13.45 1.982 9.303 7
-12.162 5.944 9.715 9
-11.319 9.363 9.756 11
-10.848 10.431 9.88 10
-10.481 10.376 10.256 10
-11.032 8.71 10.137 10
-10.4 6.979 10.472 10
-8.813 5.303 10.477 10
-7.12 4.75 10.23 9
-4.675 3.809 9.528 11
-2.889 3.538 9.375 10
-2.059 3.213 9.552 9
-1.474 2.729 9.71 11
-1.642 2.633 10.323 10
-1.63 2.774 10.321 10
-1.623 2.825 10.474 10
-1.369 3.033 10.647 9
-1.225 3.38 10.979 11
-1.34 3.428 11.295 10
-1.647 3.667 11.669 10
-1.793 4.01 12.014 12
-1.829 4.213 12.198 8
-2.02 4.668 12.555 10
-2.104 5.351 12.729 10
-2.348 5.93 12.933 10
-2.59 6.402 13.414 10
-2.676 6.622 13.723 10
-2.688 6.373 14.152 10
-2.439 6.303 14.683 10
-2.193 6.342 14.937 10
-1.539 6.366 15.061 10
-0.871 6.531 15.035 10
-0.21 5.863 15.327 20
0.45 5.195 15.619 10
0.778 4.393 16.357 10
1.321 3.548 16.694 10
1.611 3.356 16.61 10
1.786 2.983 16.292 10
1.886 2.758 15.658 10
1.766 2.578 15.363 10
1.776 3.885 14.978 10
1.9 5.374 14.827 10
1.594 5.365 14.745 10
1.292 5.353 14.724 10
-0.165 3.217 14.721 10
-1.678 1.929 14.566 10
-2.76 2.14 14.341 10
-3.907 2.317 14.118 10
-4.122 2.82 13.919 10
-4.283 2.475 13.874 10
-4.295 2.267 13.706 10
-3.473 1.879 13.232 20
-2.281 2.049 12.655 10
-1.089 2.219 12.078 10
-0.148 2.65 12.021 10
0.023 3.294 12.267 10
0.648 3.531 12.059 10
1.115 3.473 11.817 10
1.685 3.019 11.178 10
2.288 2.489 10.359 10
2.164 2.121 10.146 10
2.147 1.903 9.861 10
1.158 1.149 9.866 10
0.136 0.469 10.05 10
-0.842 -0.308 9.986 10
-1.144 -0.811 9.751 10
-0.474 -0.778 9.227 10
-0.043 -1.364 8.82 10
0.344 -1.853 8.662 10
1.084 -2.061 8.178 10
1.477 -2.494 8.233 10
2.109 -2.308 8.171 10
2.494 -2.219 8.365 10
1.9 -2.542 9.16 10
1.948 -2.202 8.698 10
2.303 -1.206 7.527 10
2.904 -0.112 6.1 10
4.268 1.673 3.794 10
5.159 3.629 1.663 10
5.743 4.929 0.241 10
5.592 6.483 -1.237 10
4.678 7.345 -1.838 10
3.339 7.843 -1.934 10
1.759 8.58 -2.2 10
0.914 9.064 -2.408 10
-0.011 9.83 -2.738 10
-0.335 10.352 -3.031 10
-0.512 10.697 -3.102 12
-0.727 10.632 -2.999 8
-0.861 10.285 -2.774 9
-1.139 9.586 -2.525 10
-1.144 8.944 -2.525 10
-1.11 8.712 -2.7 11
-0.986 9.054 -3.141 10
-0.718 9.749 -3.605 10
-0.598 10.812 -3.83 9
-0.639 11.884 -3.801 10
-0.77 12.382 -3.507 11
-1.019 12.634 -3.035 10
-1.297 12.397 -2.604 10
-1.505 12.026 -2.348 10
-1.52 11.595 -2.13 9
-1.417 11.41 -2.09 11
-1.264 11.197 -2.07 9
-1.264 10.749 -2.173 12
-1.458 10.362 -2.238 9
-1.759 9.275 -2.284 10
-2.111 8.216 -2.308 10
-2.104 6.964 -2.312 10
-2.037 5.327 -2.533 10
-1.862 4.388 -2.772 10
-1.58 3.339 -2.968 10
-1.412 2.844 -3.141 10
-1.256 2.822 -3.09 10
-1.051 2.674 -2.942 10
-0.952 2.636 -2.837 10
-0.763 2.312 -2.442 10
-0.651 1.831 -1.886 10
-0.588 1.477 -1.429 10
-0.378 1.268 -0.902 10
-0.258 1.345 -0.665 10
0.287 1.556 -0.462 10
1.307 1.738 -0.023 10
2.178 1.774 0.344 10
3.416 1.896 1.151 10
4.604 2.202 2.181 13
5.317 2.537 2.975 7
6.2 3.026 4.616 10
6.718 3.428 5.817 10
7.39 4.034 7.424 13
8.944 4.74 9.33 7
10.328 5.293 10.39 10
11.3 5.516 10.776 10
11.769 5.286 10.4 14
10.589 4.321 10.45 6
7.778 2.815 10.649 10
5.379 1.64 11.523 12
2.181 0.505 12.842 8
-0.248 0.004 13.436 10
-0.646 0.948 13.687 11
-0.608 2.841 13.263 9
0.229 4.695 12.394 10
1.199 7.302 10.766 10
1.266 7.601 9.976 10
0.897 6.95 9.861 10
0.366 6.399 9.689 10
-0.296 5.094 10.275 10
-0.438 5.523 10.158 10
-0.524 6.155 10.149 10
-0.447 6.687 10.196 10
-0.272 7.304 10.285 10
-0.119 7.594 10.433 10
0.031 7.412 10.441 10
0.136 7.18 10.426 10
0.143 6.861 10.371 10
0.347 6.682 10.429 10
0.497 6.77 10.52 10
0.694 6.737 10.663 10
1.067 6.83 10.826 10
1.244 6.785 10.876 10
1.529 6.801 10.872 10
1.692 6.854 10.809 10
1.678 6.78 10.728 10
1.64 6.648 10.656 10
1.493 6.454 10.639 10
1.549 6.409 10.716 10
1.659 6.37 10.793 10
1.793 6.39 10.86 10
1.932 6.351 11.025 10
1.991 6.301 11.123 10
1.948 6.107 11.276 10
1.889 5.825 11.394 10
1.824 5.6 11.413 10
1.86 5.374 11.286 13
2.039 5.269 11.022 7
2.236 5.252 10.795 10
2.427 5.202 10.515 10
2.518 5.152 10.381 10
2.489 5.049 10.235 10
2.42 4.946 9.962 10
2.355 4.876 9.742 10
2.159 4.867 9.423 10
1.987 4.927 9.198 10
1.666 5.054 8.99 10
1.175 5.097 8.808 10
0.775 5.032 8.834 20
0.38 4.989 8.755 10
0.174 4.879 8.786 10
0.244 4.939 8.724 10
0.354 5.046 8.552 10
0.62 5.26 8.425 10
1.022 5.521 8.106 10
1.319 5.695 7.855 10
1.841 5.7 7.429 10
2.202 5.578 7.062 10
2.75 5.125 6.739 10
3.658 4.546 6.27 20
4.532 4.237 5.913 10
5.425 4.065 5.348 10
5.995 4.175 4.932 10
6.244 4.491 4.553 10
6.301 4.707 4.237 10
6.452 4.769 4.12 10
6.789 4.666 4.077 10
7.089 4.484 4.141 10
7.627 4.058 3.979 20
8.171 3.414 3.421 10
8.659 2.786 2.7 10
9.148 2.159 1.98 10
9.382 1.975 1.551 10
9.176 2.178 1.714 10
8.839 2.53 1.965 10
7.951 2.707 2.403 10
7.077 2.686 2.777 10
6.189 2.248 3.086 10
5.212 1.663 3.371 10
4.786 1.254 3.469 10
4.383 0.77 3.481 10
4.319 0.55 3.371 10
4.314 0.493 3.32 10
4.359 0.6 3.385 10
4.381 0.782 3.536 10
4.477 1.17 3.804 10
4.443 1.431 4.019 10
4.359 1.527 4.12 10
4.443 1.845 4.199 13
4.453 1.958 4.161 7
5.315 2.767 4.209 10
6.071 3.655 4.288 10
6.66 4.321 4.388 13
6.991 4.752 4.548 7
6.641 4.395 4.711 20
6.481 4.103 4.924 10
6.32 3.811 5.137 10
6.239 4.091 5.48 20
6.143 4.572 5.75 10
5.944 4.898 5.985 20
5.832 5.109 6.157 10
5.858 4.884 6.2 10
5.884 4.659 6.244 10
6.081 4.395 6.318 10
6.191 4.247 6.454 10
6.414 4.405 6.509 10
6.528 4.668 6.469 12
6.493 4.982 6.351 11
6.56 5.351 6.062 7
6.67 5.363 5.506 10
6.888 5.269 5.046 10
7.204 5.13 4.453 12
7.587 5.135 3.955 12
7.855 5.288 3.744 6
8.157 5.604 3.617 10
8.36 5.966 3.624 11
8.281 5.932 3.722 12
8.202 5.899 3.821 7
8.003 5.434 3.847 10
7.872 4.977 3.871 10
7.852 4.716 3.881 10
7.881 4.486 3.866 10
7.996 4.525 3.84 10
8.006 4.402 3.775 10
8.135 4.326 3.641 10
8.216 4.218 3.531 10
8.48 4.359 3.409 10
8.781 4.752 3.337 10
8.963 5.099 3.335 10
9.129 5.358 3.239 10
9.112 5.367 3.155 10
9.071 5.307 2.971 10
9.155 5.497 2.707 10
9.255 5.774 2.537 10
9.323 6.165 2.434 11
9.282 6.39 2.537 13
9.117 6.366 2.719 6
8.856 6.145 2.966 10
8.628 5.813 3.145 10
8.516 5.444 3.232 10
8.382 5.042 3.287 13
8.343 4.836 3.277 7
8.209 5.008 3.502 10
8.092 5.353 3.706 10
8.087 4.908 3.263 10
7.989 3.902 2.609 10
7.987 2.518 1.721 10
8.36 1.963 0.646 10
8.643 2.231 0.248 10
9.066 3.162 0.126 10
9.236 3.948 0.148 10
9.03 3.904 0.356 10
8.564 3.751 0.629 10
8.094 3.454 0.907 10
7.879 3.303 1.041 10
7.694 3.083 1.11 10
7.771 2.973 1.115 10
7.716 2.765 1.015 10
7.479 2.518 1.01 10
7.211 2.341 1.07 10
6.959 2.236 1.168 10
6.794 2.269 1.302 10
6.777 2.669 1.458 10
6.73 3.332 1.752 10
6.665 3.924 2.008 10
6.603 4.491 2.341 10
6.488 4.484 2.59 10
6.411 4.266 2.667 20
6.335 4.048 2.743 10
6.387 4.003 2.657 10
6.442 4.055 2.578 10
6.49 4.055 2.533 10
6.49 3.971 2.552 10
6.358 3.739 2.657 10
6.378 3.749 2.707 10
6.493 3.833 2.669 10
6.655 4.0 2.566 10
7.012 4.295 2.391 10
7.35 4.563 2.257 10
7.592 4.757 2.212 10
7.788 4.965 2.128 10
7.79 5.046 2.116 10
7.773 5.08 1.905 10
7.812 5.214 1.8 10
7.896 5.334 1.733 10
7.903 5.468 1.987 10
7.881 5.583 2.413 10
7.762 5.54 2.916 12
7.668 5.521 3.473 18
7.771 5.595 3.744 10
7.864 5.669 4.07 10
8.001 5.801 4.213 10
7.989 5.817 4.395 10
7.857 5.726 4.544 10
7.642 5.595 4.647 10
7.252 5.43 4.548 10
6.983 5.355 4.357 10
7.333 5.348 3.732 20
7.812 5.535 3.023 10
8.578 5.767 2.446 10
9.344 5.999 1.869 10
9.56 6.248 1.759 10
9.562 6.186 1.912 10
9.452 6.112 2.135 10
9.229 5.88 2.461 10
8.939 5.564 2.753 10
8.789 5.401 2.803 10
8.805 5.477 2.71 10
8.935 5.712 2.513 10
9.057 6.076 2.264 10
9.217 6.445 2.068 10
9.102 6.459 1.989 10
8.92 6.282 1.917 10
8.746 5.975 1.898 10
8.604 5.566 1.838 10
8.619 5.315 1.704 10
8.7 5.255 1.563 10
8.836 5.255 1.323 10
8.939 5.358 1.125 10
9.035 5.329 1.079 10
9.05 5.125 1.091 10
9.009 4.862 1.201 10
8.992 4.56 1.331 10
8.935 4.347 1.407 10
8.916 4.28 1.398 10
8.784 4.046 1.431 10
8.628 3.849 1.446 10
8.425 3.72 1.484 10
8.264 3.62 1.551 10
8.101 3.73 1.625 10
7.79 3.73 1.74 10
7.527 3.663 1.831 10
7.378 3.727 1.833 10
7.254 3.722 1.747 10
7.278 3.828 1.62 10
7.086 3.622 1.599 10
6.78 3.284 1.666 10
6.466 2.798 1.762 10
6.272 2.585 1.884 10
6.294 2.683 1.9 10
6.37 3.1 1.97 10
6.545 3.691 2.049 10
6.648 4.094 2.195 10
6.675 4.41 2.451 10
6.646 4.407 2.655 10
6.617 4.299 2.875 10
6.622 4.149 2.94 10
6.703 4.084 2.894 10
6.782 3.981 2.841 10
6.861 3.983 2.772 10
6.782 3.857 2.806 10
6.746 3.785 2.803 10
6.713 3.751 2.808 10
6.725 3.734 2.726 10
6.813 3.806 2.604 10
6.969 3.914 2.363 10
7.225 4.333 2.03 10
7.436 4.735 1.783 11
7.673 5.324 1.575 9
7.639 5.54 1.695 10
7.505 5.444 1.905 10
7.398 5.341 2.212 10
7.264 5.051 2.48 10
7.472 5.324 2.655 10
7.515 5.511 3.047 10
7.532 5.705 3.344 10
7.194 5.403 3.816 10
6.675 4.821 4.209 10
6.689 4.515 4.225 10
7.015 4.742 4.127 10
7.694 5.465 3.854 10
8.343 6.105 3.533 10
8.465 6.179 3.438 10
8.276 5.719 3.457 10
8.025 5.25 3.459 10
7.805 4.865 3.509 10
7.807 4.927 3.356 10
7.972 5.097 3.066 10
8.2 5.276 2.794 10
8.441 5.432 2.475 10
8.619 5.516 2.293 10
8.633 5.434 2.231 10
8.616 5.281 2.054 10
8.585 5.152 1.922 10
8.626 5.102 1.81 10
8.674 5.319 1.764 10
8.753 5.609 1.833 10
8.753 5.961 1.86 10
8.681 6.234 1.867 10
8.635 6.143 1.678 10
8.772 6.282 1.477 10
8.987 6.359 1.319 10
9.21 6.449 1.278 10
9.399 6.694 1.383 10
9.344 6.445 1.572 10
9.392 6.22 1.683 12
9.433 5.98 1.675 8
9.416 5.717 1.774 20
9.461 5.717 1.8 10
9.461 5.322 1.735 14
9.461 4.927 1.671 6
9.524 4.606 1.225 10
9.691 4.659 0.857 10
9.801 5.082 0.658 12
9.73 5.164 0.797 8
9.653 5.195 1.211 10
9.26 4.568 1.642 10
8.755 3.964 2.126 11
8.432 3.703 2.272 9
7.936 3.538 2.652 10
7.58 3.711 2.999 10
7.335 3.859 3.294 10
7.117 4.027 3.402 10
7.072 4.098 3.275 10
7.015 3.866 2.726 15
6.83 3.383 1.661 5
6.619 2.88 0.782 10
6.703 2.825 -0.337 10
6.816 3.059 -0.952 20
6.789 3.493 -0.531 10
6.763 3.926 -0.11 10
6.349 3.902 0.679 10
6.141 3.974 1.355 10
6.198 4.098 1.51 10
6.33 4.386 1.759 10
6.555 4.683 1.881 10
6.464 4.833 2.41 20
6.373 4.984 2.94 10
6.165 4.891 3.545 10
5.956 4.797 4.151 10
5.932 4.651 4.271 10
5.935 4.376 4.297 10
5.98 4.182 4.153 10
6.035 3.988 3.933 10
6.165 3.983 3.734 10
6.268 4.108 3.629 10
6.483 4.328 3.471 10
6.689 4.548 3.39 10

# Completed @Fri May 07 16:21:21 GMT+01:00 2021
