# Accelerometer Data File
# Started @Thu Mar 25 14:45:49 GMT 2021
#
#
# sensor Vendor: Bosch
# sensor Name: BMA254
# sensor Resolution: 0.009576807m/sec^2; Max Range: 39.2; Min Delay: 10000 microseconds
# The sensor's attributes are the result hardware and the Android capabilities.
# It means that the Android may not utilize all features provided by the hardware.
#
# Some devices and Android versions save battery too much so the device may go to sleep.
# It just happens after couple of minutes from turning off the scree and it is easy to find it out.
#
# The following file provides the data from accelerometer in the m/s^2 format.
# The diff value is just a time delta between the samples
#
#
# data format:
# so we have 4 columns with values separated by the " "
# X Y Z time_from_previous_sample(ms)

# sensor speed set to:NORMAL
# units set to: m/sec^2
# gravity NOT filtered out
# Accuracy: HIGH
1.163 -0.761 9.54 0
1.206 -0.567 9.629 199
1.237 -0.596 9.713 201
1.082 -0.296 9.89 200
1.134 -0.217 9.95 200
1.213 -0.366 9.734 201
1.165 -0.244 9.792 198
1.189 -0.548 9.414 201
0.478 -1.278 9.117 200
-0.363 -2.964 8.743 201
-0.914 -5.726 7.615 199
-1.292 -7.568 6.634 200
-0.945 -9.03 5.791 200
-0.294 -9.191 4.75 200
0.1 -9.148 4.185 200
0.208 -9.287 4.048 199
-0.229 -9.394 3.639 200
-0.581 -9.346 3.622 200
-0.895 -8.35 4.039 201
-1.266 -8.113 4.311 200
-0.905 -8.571 4.395 200
-0.44 -8.769 4.91 200
-0.014 -8.772 5.054 201
0.222 -8.398 5.015 198
0.361 -7.359 5.59 201
0.038 -7.105 5.892 200
-0.708 -7.314 6.49 200
-1.599 -7.242 7.309 200
-2.564 -6.701 7.469 200
-3.071 -5.923 7.477 200
-2.583 -4.659 7.905 200
-1.58 -3.679 8.243 199
-0.797 -2.796 9.054 201
-0.033 -2.013 9.576 199
0.083 -1.381 9.777 201
0.823 -0.337 9.744 199
1.561 -0.387 9.423 201
1.628 -0.016 9.342 201
2.576 -0.478 8.446 199
2.7 -2.106 8.231 201
1.982 -6.141 7.412 199
0.773 -10.805 7.268 200
-0.529 -12.564 6.256 199
-1.999 -12.117 7.716 202
-2.161 -9.969 8.702 198
3.191 -7.184 6.938 202
4.268 -5.42 7.089 199
6.189 -6.617 4.429 201
7.082 -8.705 2.999 198
3.368 -11.451 2.317 200
1.537 -14.468 0.124 201
2.157 -12.653 0.952 199
1.687 -9.023 1.79 201
2.583 -6.634 3.991 201
7.338 -4.493 4.616 199
6.519 -6.011 3.339 200
6.866 -8.698 2.425 200
3.155 -10.388 1.922 199
1.122 -13.318 2.384 201
0.651 -12.773 3.785 201
1.256 -11.312 5.355 198
4.168 -11.48 4.754 201
4.443 -7.726 7.067 200
5.216 -7.41 6.344 200
5.087 -8.401 4.862 200
3.675 -8.372 4.089 199
1.893 -11.597 1.541 200
-1.108 -13.943 -2.147 200
-0.287 -12.097 -3.45 200
0.667 -8.887 -0.172 201
1.745 -7.984 2.075 199
5.612 -5.681 4.68 201
4.623 -5.681 5.892 201
5.171 -7.984 3.392 199
2.731 -8.973 2.564 199
1.651 -13.247 3.138 201
1.987 -13.953 2.389 201
2.674 -12.028 4.209 199
3.627 -11.607 6.378 200
5.556 -8.971 6.459 201
5.286 -7.51 7.419 198
5.114 -8.774 5.437 201
4.771 -9.497 3.284 199
2.983 -11.274 0.129 200
1.41 -12.911 -3.526 200
0.993 -12.152 -5.887 200
4.276 -8.41 -4.714 201
3.921 -7.101 0.15 200
7.433 -7.85 4.649 200
8.202 -6.859 7.481 200
7.175 -8.085 5.714 199
5.442 -9.026 4.484 200
2.968 -11.082 3.191 200
1.618 -14.35 1.769 201
1.711 -13.01 3.536 200
3.349 -10.982 4.407 199
3.758 -8.786 5.679 201
5.422 -5.832 7.096 201
4.618 -5.992 6.684 199
4.702 -6.112 5.729 201
3.394 -7.903 4.958 199
2.032 -10.948 2.849 199
0.452 -12.562 -0.837 201
-0.43 -12.363 -4.137 201
2.329 -8.623 -4.936 199
2.336 -5.602 -1.52 200
5.257 -5.398 0.962 200
7.029 -4.639 4.824 200
6.536 -4.355 5.456 200
7.45 -5.197 4.381 199
4.216 -5.513 4.915 201
2.808 -9.703 3.078 201
1.029 -13.469 0.976 199
0.869 -13.271 0.648 199
2.688 -11.87 1.996 201
2.454 -9.39 5.161 199
4.484 -6.751 6.684 201
3.797 -5.571 7.831 200
3.315 -6.452 7.395 200
3.823 -7.086 5.307 199
0.66 -9.55 5.257 201
0.926 -12.938 2.568 200
-1.98 -12.928 -1.453 200
-3.536 -12.105 -4.498 200
-0.591 -9.267 -4.419 201
0.423 -6.301 -2.528 199
4.252 -7.613 1.276 200
6.943 -6.66 4.52 200
6.789 -6.897 4.908 200
4.529 -8.377 5.094 200
1.936 -9.962 4.513 201
-0.404 -13.007 4.35 199
-2.011 -13.072 4.75 201
-1.446 -11.784 7.362 199
0.849 -9.61 7.036 202
2.789 -6.145 9.157 198
2.978 -5.085 10.228 200
3.174 -6.189 7.29 201
1.673 -7.929 8.078 199
0.864 -10.429 4.247 200
0.605 -12.746 0.588 200
-1.256 -13.656 -3.608 199
0.651 -11.171 -6.349 201
2.422 -8.18 -4.276 201
2.894 -6.675 -0.825 199
5.832 -5.695 3.502 199
5.444 -5.422 6.004 201
3.641 -6.624 6.03 200
3.021 -9.519 4.462 200
0.955 -11.966 4.261 199
0.342 -12.955 3.572 202
-0.912 -11.192 6.303 199
-1.374 -11.197 7.632 200
0.656 -8.93 9.306 200
1.197 -7.491 10.726 199
3.215 -8.619 8.209 201
2.145 -7.295 9.67 199
1.735 -7.4 8.753 201
0.409 -9.141 7.886 201
-3.79 -7.994 8.032 199
-4.101 -4.23 6.057 200
-6.251 -1.165 5.07 200
-6.303 1.795 6.136 199
-2.832 2.114 6.902 202
0.84 1.508 7.364 199
2.221 0.83 9.014 200
1.599 1.024 9.081 199
-0.909 2.197 8.681 201
-3.447 2.286 8.961 199
-4.228 2.561 8.865 201
-2.011 2.269 9.629 200
1.268 0.646 8.987 200
1.474 1.268 8.746 199
-0.445 2.571 7.426 201
-2.324 3.153 6.203 199
-1.532 4.316 6.725 201
0.452 4.182 6.907 201
2.161 3.687 7.414 199
-0.22 5.276 6.78 199
-3.217 4.86 6.725 201
-4.017 4.896 7.455 200
-2.566 5.049 8.001 200
-0.033 3.105 9.689 199
0.213 3.299 10.129 203
-2.061 4.63 7.927 198
-2.161 4.012 7.462 199
0.902 4.28 6.33 201
1.596 3.588 6.033 201
1.982 2.114 7.867 199
-0.052 2.712 8.331 201
-3.007 3.09 8.616 199
-1.836 4.003 8.401 199
0.744 3.569 8.422 201
0.962 2.676 8.748 200
-0.969 3.596 8.173 200
-3.739 4.381 7.094 201
-4.742 5.647 5.738 199
-1.97 6.004 4.831 199
1.292 4.661 5.772 201
2.312 3.849 7.364 199
-0.569 3.73 7.819 201
-3.811 4.283 7.486 199
-4.383 5.181 6.011 201
-1.735 5.133 5.377 199
1.618 4.965 5.702 201
1.553 5.075 6.402 200
0.304 5.513 7.364 200
-1.216 5.463 7.558 201
0.205 4.836 7.589 199
2.482 4.07 6.653 200
1.335 3.526 6.708 200
-1.211 4.225 7.07 200
-2.885 4.786 6.138 199
-3.055 6.265 6.521 201
-0.624 6.279 6.282 201
2.013 6.021 5.916 199
2.315 5.616 7.134 201
2.552 4.505 7.994 199
2.686 3.782 8.559 199
2.19 3.174 8.983 201
1.855 2.41 9.011 201
1.742 1.256 9.404 199
1.898 1.072 9.174 199
1.295 0.847 9.469 201
1.007 1.297 9.761 199
0.079 2.082 9.943 201
0.019 1.347 9.715 200
1.199 0.102 8.449 199
1.096 -2.846 7.096 201
0.907 -7.627 4.996 200
-0.191 -11.71 4.398 199
0.617 -12.911 4.436 201
1.165 -13.199 6.105 200
2.669 -11.925 7.412 200
4.74 -10.077 10.46 201
4.06 -8.18 11.161 199
4.991 -7.876 9.018 202
2.956 -9.064 8.506 199
2.226 -11.07 4.876 199
0.258 -13.965 1.455 201
0.222 -12.902 3.155 209
1.649 -10.764 2.6 200
3.122 -8.805 4.824 200
8.348 -8.291 8.154 200
7.896 -8.949 6.394 199
7.151 -10.484 6.323 201
5.475 -13.192 4.386 202
1.084 -14.86 0.933 198
1.379 -13.905 1.972 200
1.254 -12.124 2.219 199
1.082 -10.055 3.483 202
3.658 -6.303 5.798 199
2.887 -7.189 5.183 202
2.691 -9.521 5.556 197
3.715 -11.228 2.535 203
-0.028 -14.547 -0.837 198
1.268 -14.092 -1.398 200
2.688 -10.445 -1.048 201
2.03 -8.2 1.436 199
4.541 -6.157 5.719 200
4.759 -5.623 5.904 200
4.611 -7.632 5.374 199
0.663 -8.477 4.216 201
0.758 -12.026 3.332 201
-0.847 -13.778 2.549 199
-1.64 -11.87 4.92 199
0.256 -11.432 6.488 201
1.139 -8.245 6.713 200
2.19 -6.56 8.401 200
2.36 -8.935 6.473 201
3.007 -10.663 4.268 199
1.431 -11.425 2.375 199
0.179 -13.141 -1.601 201
0.608 -11.106 -0.565 199
2.501 -8.616 1.273 200
2.607 -7.431 4.69 201
2.806 -5.082 10.103 200
3.552 -4.929 9.131 200
2.911 -4.558 9.042 199
0.347 -6.442 8.18 200
0.778 -11.358 4.094 201
-0.749 -13.922 0.943 200
-1.419 -14.736 -1.513 199
2.25 -12.196 -0.342 201
2.205 -8.097 1.826 199
3.495 -6.588 5.561 201
6.124 -5.901 8.492 199
5.64 -6.761 7.082 201
6.052 -8.755 7.026 200
4.235 -11.291 6.074 200
2.77 -13.362 3.134 202
0.533 -14.554 -0.61 198
1.127 -12.914 -0.861 200
2.983 -9.44 0.0 199
2.439 -7.984 3.521 201
5.422 -6.952 7.216 200
5.128 -5.791 8.298 200
3.842 -4.953 8.966 199
2.947 -2.229 8.171 201
2.58 -0.021 7.845 199
2.116 -1.477 7.019 201
3.567 -5.377 4.534 201
3.603 -9.947 3.117 199
1.891 -13.962 1.726 199
2.365 -14.702 -0.842 200
1.489 -11.36 2.154 200
2.829 -8.65 3.122 201
3.44 -6.512 6.119 202
3.768 -6.313 8.705 200
4.422 -7.491 6.404 197
3.483 -9.093 5.975 201
1.989 -10.97 3.672 199
1.51 -12.021 1.656 201
-0.938 -13.024 -1.721 200
-0.407 -11.82 -3.833 200
1.491 -9.009 -2.068 201
0.172 -7.067 1.58 199
3.114 -6.086 6.198 200
2.777 -4.501 9.078 200
3.129 -4.376 8.628 200
4.264 -4.896 6.71 200
1.728 -7.474 5.157 201
2.181 -11.329 1.149 199
0.275 -13.11 -2.24 199
-0.593 -14.259 -5.14 201
2.097 -11.243 -3.907 200
3.011 -8.147 -0.598 200
4.388 -7.704 3.509 202
5.724 -5.65 6.749 198
5.26 -4.141 6.277 199
4.199 -4.326 6.33 200
4.149 -5.781 4.85 203
2.676 -9.059 3.311 199
1.666 -12.773 0.77 199
0.864 -14.156 -1.946 201
1.156 -11.508 -1.434 199
2.027 -7.422 0.622 200
2.798 -6.038 4.328 199
4.613 -4.465 7.082 201
5.24 -3.871 6.94 199
5.578 -4.812 6.845 201
5.432 -5.822 5.106 199
1.742 -8.506 6.165 201
1.493 -11.98 3.787 200
-0.059 -14.18 -0.033 200
0.579 -12.662 -0.756 200
3.435 -8.803 -0.509 201
2.98 -6.655 2.394 199
4.537 -4.505 7.084 200
4.331 -3.742 8.221 199
4.288 -3.744 7.51 201
4.285 -4.541 5.904 199
1.721 -6.531 5.784 201
0.007 -8.506 4.912 200
-1.271 -11.47 2.705 200
-2.999 -11.367 2.118 201
-3.332 -10.151 0.67 199
-6.148 -8.58 1.501 200
-7.297 -5.501 3.433 200
-7.702 -3.581 5.195 199
-7.987 -1.335 7.122 201
-4.632 0.256 8.444 199
-2.394 0.203 9.718 201
0.454 -0.438 9.502 200
0.876 -2.284 7.886 199
-1.867 -3.801 7.936 201
-2.331 -3.165 6.337 200
-3.813 -2.451 7.85 200
-1.359 -1.649 8.925 199
2.334 -2.07 6.885 200
-1.072 -3.287 8.848 200
-3.581 -3.955 8.173 201
-4.264 -3.811 8.166 201
-6.236 -5.212 8.257 199
-3.193 -6.95 6.672 199
-1.798 -9.105 5.664 201
-2.523 -11.307 3.608 199
-1.939 -11.427 2.365 201
-1.711 -11.59 0.526 201
-0.002 -10.931 -0.9 199
0.924 -9.753 -0.95 199
1.292 -8.894 -0.198 201
1.237 -8.863 0.823 199
0.706 -9.21 1.414 201
-0.117 -9.775 1.596 201
0.27 -8.659 1.462 199
2.449 -9.552 0.72 201
2.389 -8.611 1.422 199
2.329 -7.805 2.911 199
1.218 -8.075 4.331 201
-2.042 -5.3 6.646 201
-3.591 -5.71 7.443 199
-4.805 -5.319 7.445 201
-4.771 -4.295 7.821 199
-4.34 -4.182 7.8 199
-3.701 -3.165 8.487 201
-2.748 -3.675 8.588 201
-2.58 -4.659 8.209 198
-3.052 -5.48 7.682 201
-3.849 -5.652 7.223 199
-5.434 -5.461 6.663 201
-6.66 -4.711 6.607 199
-6.775 -3.842 6.677 201
-6.258 -3.095 6.722 201
-5.147 -2.305 8.046 199
-4.675 -3.351 8.434 201
-4.532 -4.328 7.733 199
-4.331 -5.135 6.974 200
-4.606 -5.609 5.923 200
-6.16 -6.849 5.465 199
-6.679 -6.708 5.837 201
-7.247 -6.579 6.028 199
-7.287 -7.158 6.181 201
-5.104 -5.427 6.445 199
-3.919 -5.341 6.742 201
-2.918 -5.255 7.551 200
-2.398 -4.855 7.917 200
-3.081 -4.876 8.173 201
-3.883 -5.142 8.406 199
-4.618 -5.786 7.831 199
-4.35 -5.987 7.659 203
-3.931 -6.112 7.699 198
-4.295 -5.528 8.178 201
-3.548 -4.934 8.367 199
-2.956 -4.474 8.547 201
-2.157 -4.276 8.195 199
-1.326 -4.362 7.101 202
-2.169 -4.206 7.522 197
-3.191 -4.043 7.544 201
-3.804 -3.442 7.987 199
-3.742 -3.349 9.066 201
-3.22 -3.095 8.937 199
-2.676 -3.05 9.143 201
-2.274 -3.134 9.334 201
-1.9 -2.908 9.248 199
-1.465 -2.916 9.315 201
-0.933 -2.995 9.49 198
-0.653 -2.992 9.543 200
-0.366 -2.856 9.552 201
-0.083 -2.509 9.756 199
-0.045 -2.044 9.665 201
0.205 -1.738 9.648 201
0.32 -1.561 9.715 199
0.359 -1.663 9.732 199
0.399 -1.714 9.782 200

# Completed @Thu Mar 25 14:47:18 GMT 2021
