# Accelerometer Data File
# 
#
#
# sensor Vendor: Bosch
# sensor Name: BMA254
# sensor Resolution: 0.009576807m/sec^2; Max Range: 39.2; Min Delay: 10000 microseconds
# The sensor's attributes are the result hardware and the Android capabilities.
# It means that the Android may not utilize all features provided by the hardware.
#
# Some devices and Android versions save battery too much so the device may go to sleep.
# It just happens after couple of minutes from turning off the scree and it is easy to find it out.
#
# The following file provides the data from accelerometer in the m/s^2 format.
# The diff value is just a time delta between the samples
#
#
# data format:
# so we have 4 columns with values separated by the " "
# X Y Z time_from_previous_sample(ms)

# sensor speed set to:FASTEST
# units set to: m/sec^2
# gravity NOT filtered out
# Accuracy: HIGH
2.717 5.348 4.525 10.000 75550.000
2.705 5.226 4.675 10.000 75560.000
2.868 5.243 4.802 10.000 75570.000
3.284 5.200 4.699 10.000 75580.000
3.847 4.999 4.249 10.000 75590.000
4.326 4.790 3.730 10.000 75600.000
4.656 4.378 3.141 10.000 75610.000
4.446 3.512 2.054 10.000 75620.000
4.089 2.803 1.314 10.000 75630.000
2.580 1.031 2.171 10.000 75640.000
1.221 -0.536 3.098 10.000 75650.000
-1.465 -1.091 6.950 10.000 75660.000
-1.980 -0.407 9.967 10.000 75670.000
-1.343 1.340 11.386 10.000 75680.000
0.806 3.337 11.635 10.000 75690.000
4.491 4.826 9.629 10.000 75700.000
4.872 5.817 7.953 10.000 75710.000
5.355 7.496 7.144 10.000 75720.000
4.326 8.925 7.505 10.000 75730.000
4.103 10.457 7.869 10.000 75740.000
4.596 9.725 7.924 10.000 75750.000
4.987 8.305 7.113 10.000 75760.000
5.224 6.349 6.519 10.000 75770.000
4.654 4.290 5.923 10.000 75780.000
4.821 4.168 5.992 10.000 75790.000
4.941 4.453 5.947 10.000 75800.000
5.214 5.274 5.683 10.000 75810.000
5.224 6.224 5.284 11.000 75821.000
4.912 6.761 5.032 9.000 75830.000
4.766 6.598 5.087 10.000 75840.000
4.596 6.232 5.161 10.000 75850.000
4.690 5.736 5.372 10.000 75860.000
4.776 5.432 5.566 10.000 75870.000
4.836 5.327 5.525 10.000 75880.000
4.920 5.425 5.465 10.000 75890.000
4.932 5.485 5.418 10.000 75900.000
4.951 5.353 5.386 10.000 75910.000
4.884 5.413 5.386 10.000 75920.000
4.821 5.348 5.477 10.000 75930.000
4.831 5.322 5.556 10.000 75940.000
4.881 5.298 5.537 10.000 75950.000
4.927 5.176 5.530 10.000 75960.000
5.003 5.094 5.386 10.000 75970.000
5.075 5.090 5.358 10.000 75980.000
5.106 5.082 5.427 10.000 75990.000
5.178 5.121 5.640 11.000 76001.000
5.214 5.243 5.899 8.000 76009.000
5.343 5.044 6.047 10.000 76019.000
5.556 4.666 6.083 11.000 76030.000
5.729 4.242 5.975 9.000 76039.000
6.153 3.876 5.892 10.000 76049.000
6.248 3.308 6.373 10.000 76059.000
6.260 2.920 6.967 10.000 76069.000
6.241 3.636 6.246 11.000 76080.000
5.971 4.295 5.501 9.000 76089.000
5.784 5.403 5.394 10.000 76099.000
5.446 6.282 4.893 10.000 76109.000
5.140 6.057 5.707 10.000 76119.000
4.522 5.702 6.703 11.000 76130.000
4.060 5.343 6.493 9.000 76139.000
4.503 5.322 6.196 10.000 76149.000
5.267 5.303 5.114 10.000 76159.000
6.342 5.413 3.849 10.000 76169.000
7.381 5.353 2.545 11.000 76180.000
7.611 5.104 2.001 9.000 76189.000
7.520 4.853 2.243 10.000 76199.000
7.168 4.673 2.729 11.000 76210.000
6.852 4.663 3.256 10.000 76220.000
6.619 4.802 3.524 10.000 76230.000
6.471 4.922 3.576 10.000 76240.000
6.584 4.970 3.385 10.000 76250.000
6.696 4.982 3.062 10.000 76260.000
6.780 4.927 2.715 10.000 76270.000
6.660 4.910 2.760 10.000 76280.000
6.490 4.948 3.167 10.000 76290.000
6.320 5.023 3.706 10.000 76300.000
6.165 5.128 4.378 10.000 76310.000
6.117 5.197 4.800 10.000 76320.000
6.119 5.212 4.860 10.000 76330.000
6.124 5.200 4.807 10.000 76340.000
6.114 5.157 4.620 10.000 76350.000
6.138 5.133 4.510 10.000 76360.000
6.174 5.082 4.371 10.000 76370.000
6.208 5.058 4.345 10.000 76380.000
6.313 5.137 4.410 10.000 76390.000
6.397 5.214 4.472 10.000 76400.000
6.528 5.525 4.639 10.000 76410.000
6.579 5.671 4.695 10.000 76420.000
6.557 5.714 4.659 10.000 76430.000
6.574 5.777 4.522 10.000 76440.000
6.514 5.916 4.369 10.000 76450.000
6.536 6.220 4.328 10.000 76460.000
6.339 6.236 4.690 10.000 76470.000
6.105 6.234 5.152 10.000 76480.000
5.875 5.674 5.348 10.000 76490.000
5.849 5.377 5.657 10.000 76500.000
6.040 5.367 5.564 10.000 76510.000
6.258 5.353 5.260 10.000 76520.000
6.488 5.612 5.161 10.000 76530.000
6.349 5.513 5.003 10.000 76540.000
6.248 5.494 4.723 10.000 76550.000
6.121 5.480 4.654 10.000 76560.000
6.217 5.683 4.496 10.000 76570.000
6.423 5.932 4.496 10.000 76580.000
6.591 6.102 4.618 10.000 76590.000
6.619 6.287 4.577 10.000 76600.000
6.426 6.253 4.625 10.000 76610.000
6.315 6.160 4.539 10.000 76620.000
6.162 5.882 4.477 10.000 76630.000
6.148 5.590 4.577 10.000 76640.000
6.069 5.281 4.716 10.000 76650.000
5.961 5.080 4.778 10.000 76660.000
5.973 5.195 4.814 10.000 76670.000
6.054 5.322 4.826 10.000 76680.000
6.200 5.465 4.800 10.000 76690.000
6.313 5.523 4.862 10.000 76700.000
6.356 5.422 4.922 10.000 76710.000
6.330 5.310 5.006 10.000 76720.000
6.347 5.224 5.011 10.000 76730.000
6.397 5.224 4.927 10.000 76740.000
6.418 5.315 4.965 10.000 76750.000
6.452 5.348 4.517 10.000 76760.000
6.442 5.355 4.149 10.000 76770.000
6.430 5.248 3.766 10.000 76780.000
6.440 5.075 3.265 10.000 76790.000
6.337 5.149 3.459 10.000 76800.000
6.576 5.149 3.105 10.000 76810.000
6.818 5.264 2.765 10.000 76820.000
7.101 5.365 2.576 10.000 76830.000
7.230 5.250 2.499 10.000 76840.000
7.017 5.209 2.971 10.000 76850.000
6.643 5.130 3.636 10.000 76860.000
6.229 5.066 4.151 10.000 76870.000
6.119 5.116 4.311 10.000 76880.000
6.086 5.207 4.472 10.000 76890.000
6.212 5.336 4.438 10.000 76900.000
6.277 5.473 4.333 10.000 76910.000
6.291 5.521 4.261 10.000 76920.000
6.263 5.501 4.146 10.000 76930.000
6.229 5.494 4.043 10.000 76940.000
6.258 5.480 4.012 10.000 76950.000
6.325 5.465 4.060 10.000 76960.000
6.366 5.458 4.194 10.000 76970.000
6.411 5.439 4.316 11.000 76981.000
6.495 5.487 4.426 9.000 76990.000
6.540 5.535 4.458 10.000 77000.000
6.555 5.621 4.414 10.000 77010.000
6.574 5.702 4.364 10.000 77020.000
6.555 5.717 4.326 10.000 77030.000
6.552 5.612 4.276 10.000 77040.000
6.574 5.487 4.256 10.000 77050.000
6.617 5.343 4.189 10.000 77060.000
6.670 5.121 4.036 10.000 77070.000
6.706 5.018 3.895 10.000 77080.000
6.751 4.955 3.751 10.000 77090.000
6.770 4.917 3.663 10.000 77100.000
6.782 5.049 3.830 10.000 77110.000
6.718 5.140 4.015 10.000 77120.000
6.643 5.190 4.201 10.000 77130.000
6.584 5.240 4.211 10.000 77140.000
6.526 5.219 4.103 10.000 77150.000
6.545 5.238 3.979 10.000 77160.000
6.521 5.291 4.043 10.000 77170.000
6.483 5.343 4.285 10.000 77180.000
6.418 5.394 4.534 10.000 77190.000
6.411 5.434 4.683 10.000 77200.000
6.447 5.442 4.642 10.000 77210.000
6.519 5.444 4.534 10.000 77220.000
6.612 5.430 4.367 10.000 77230.000
6.713 5.439 4.141 10.000 77240.000
6.773 5.451 3.933 10.000 77250.000
6.797 5.468 3.792 10.000 77260.000
6.801 5.430 3.739 10.000 77270.000
6.725 5.315 3.936 10.000 77280.000
6.689 5.197 4.115 10.000 77290.000
6.634 5.114 4.493 10.000 77300.000
6.598 5.085 4.783 10.000 77310.000
6.584 5.173 4.848 10.000 77320.000
6.538 5.262 4.774 10.000 77330.000
6.512 5.317 4.501 10.000 77340.000
6.521 5.307 4.252 10.000 77350.000
6.526 5.243 4.137 10.000 77360.000
6.536 5.164 4.213 10.000 77370.000
6.531 5.128 4.331 10.000 77380.000
6.490 5.157 4.424 10.000 77390.000
6.493 5.185 4.484 10.000 77400.000
6.545 5.200 4.501 10.000 77410.000
6.612 5.171 4.477 10.000 77420.000
6.675 5.082 4.659 10.000 77430.000
6.694 4.994 4.874 11.000 77441.000
6.651 4.922 5.322 9.000 77450.000
6.622 4.893 5.688 10.000 77460.000
6.598 4.924 5.849 10.000 77470.000
6.636 4.953 5.719 10.000 77480.000
6.713 4.994 5.348 10.000 77490.000
6.859 5.011 5.061 10.000 77500.000
6.974 4.984 4.996 10.000 77510.000
7.026 4.960 5.221 10.000 77520.000
7.015 4.886 5.762 11.000 77531.000
6.885 4.764 6.378 9.000 77540.000
6.787 4.685 6.770 10.000 77550.000
6.706 4.520 7.070 10.000 77560.000
6.689 4.405 7.053 10.000 77570.000
6.758 4.259 6.567 10.000 77580.000
6.864 4.141 6.030 10.000 77590.000
6.952 4.110 5.588 10.000 77600.000
7.010 4.101 5.250 10.000 77610.000
6.962 4.031 5.386 11.000 77621.000
6.878 3.933 5.573 9.000 77630.000
6.722 3.691 5.865 10.000 77640.000
6.598 3.428 6.052 10.000 77650.000
6.476 3.246 5.992 10.000 77660.000
6.411 3.318 5.983 10.000 77670.000
6.418 3.533 5.868 10.000 77680.000
5.949 3.785 5.568 10.000 77690.000
5.530 4.074 5.434 10.000 77700.000
3.675 3.507 5.125 10.000 77710.000
0.897 1.721 5.147 10.000 77720.000
-1.403 -0.100 5.353 10.000 77730.000
-3.639 -2.760 5.528 10.000 77740.000
-3.371 -4.548 5.274 11.000 77751.000
-2.181 -5.118 4.690 9.000 77760.000
0.368 -4.982 3.620 10.000 77770.000
2.853 -4.007 2.580 10.000 77780.000
4.414 -2.923 2.094 10.000 77790.000
5.104 -1.357 1.616 10.000 77800.000
4.434 -0.497 1.623 10.000 77810.000
3.110 0.893 2.858 10.000 77820.000
1.584 1.905 4.094 11.000 77831.000
1.132 2.844 6.315 9.000 77840.000
1.687 3.761 9.493 10.000 77850.000
2.896 4.146 11.441 10.000 77860.000
4.110 4.630 12.524 10.000 77870.000
5.123 4.707 12.612 10.000 77880.000
5.039 5.190 12.339 10.000 77890.000
4.383 5.058 12.284 10.000 77900.000
3.722 4.829 13.096 10.000 77910.000
2.961 4.556 12.770 11.000 77921.000
2.087 3.473 11.520 9.000 77930.000
1.786 3.007 10.053 10.000 77940.000
1.223 2.533 8.860 10.000 77950.000
0.761 2.102 8.805 10.000 77960.000
0.337 2.152 9.217 10.000 77970.000
-0.172 2.176 9.785 10.000 77980.000
-0.421 2.207 10.077 10.000 77990.000
-0.711 2.557 10.297 10.000 78000.000
-0.837 2.849 10.381 10.000 78010.000
-0.605 3.363 10.153 10.000 78020.000
-0.296 3.964 9.991 10.000 78030.000
0.052 4.247 9.900 10.000 78040.000
0.387 4.616 9.828 10.000 78050.000
0.301 4.395 9.617 10.000 78060.000
0.138 4.089 9.342 10.000 78070.000
0.019 3.591 8.846 10.000 78080.000
-0.086 3.007 8.331 11.000 78091.000
-0.067 2.834 8.025 9.000 78100.000
-0.033 2.576 7.570 10.000 78110.000
-0.043 2.509 7.335 10.000 78120.000
-0.177 2.377 7.158 10.000 78130.000
-0.287 2.226 7.067 10.000 78140.000
-0.605 2.102 7.237 10.000 78150.000
-1.271 1.807 7.639 10.000 78160.000
-1.812 1.577 7.984 10.000 78170.000
-2.667 1.206 8.568 10.000 78180.000
-3.327 0.895 9.040 10.000 78190.000
-3.562 0.909 9.493 11.000 78201.000
-3.770 0.840 9.916 9.000 78210.000
-3.665 0.912 10.101 10.000 78220.000
-3.473 0.967 10.527 10.000 78230.000
-3.325 0.873 10.666 10.000 78240.000
-3.203 0.864 10.833 10.000 78250.000
-2.954 0.656 11.034 10.000 78260.000
-2.791 0.464 10.994 10.000 78270.000
-2.535 0.122 11.185 11.000 78281.000
-1.963 -0.102 11.408 9.000 78290.000
-1.517 -0.129 11.597 10.000 78300.000
-0.665 0.050 11.815 10.000 78310.000
0.057 0.373 11.875 10.000 78320.000
0.881 0.656 12.172 10.000 78330.000
1.726 0.811 12.636 10.000 78340.000
2.164 0.761 13.072 10.000 78350.000
2.506 0.526 13.922 10.000 78360.000
2.312 0.165 14.539 10.000 78370.000
2.097 -0.069 14.990 10.000 78380.000
1.690 -0.344 15.205 10.000 78390.000
1.379 -0.435 15.006 10.000 78400.000
1.029 -0.550 14.592 10.000 78410.000
0.598 -0.696 14.130 10.000 78420.000
0.359 -0.802 13.903 10.000 78430.000
0.229 -0.782 13.733 10.000 78440.000
0.258 -0.689 13.742 10.000 78450.000
0.471 -0.399 13.919 10.000 78460.000
0.749 0.057 14.089 10.000 78470.000
0.916 0.390 14.202 10.000 78480.000
1.146 0.940 14.130 10.000 78490.000
1.391 1.424 13.702 10.000 78500.000
1.570 1.740 13.280 10.000 78510.000
1.860 2.226 12.720 10.000 78520.000
2.087 2.494 12.344 10.000 78530.000
2.157 2.882 12.277 10.000 78540.000
2.049 3.359 12.418 10.000 78550.000
1.831 3.665 12.698 10.000 78560.000
1.508 4.043 12.983 10.000 78570.000
1.225 4.204 13.196 10.000 78580.000
1.388 4.443 13.046 10.000 78590.000
1.719 4.656 12.627 10.000 78600.000
2.154 4.797 12.203 10.000 78610.000
2.592 5.075 11.566 10.000 78620.000
2.612 5.319 10.922 10.000 78630.000
2.463 5.590 10.546 10.000 78640.000
2.276 5.808 10.002 10.000 78650.000
2.087 5.889 9.672 10.000 78660.000
2.003 5.738 9.311 10.000 78670.000
1.826 5.422 8.726 10.000 78680.000
1.687 5.159 8.310 10.000 78690.000
1.304 4.575 7.934 10.000 78700.000
0.967 4.089 7.752 10.000 78710.000
0.639 3.438 7.735 10.000 78720.000
0.363 2.712 7.350 10.000 78730.000
0.332 2.308 6.924 10.000 78740.000
0.239 2.003 6.030 10.000 78750.000
0.162 2.030 4.745 10.000 78760.000
0.033 2.130 3.828 10.000 78770.000
-0.270 2.248 2.442 10.000 78780.000
-0.512 2.264 1.522 10.000 78790.000
-0.840 2.202 0.799 10.000 78800.000
-1.082 2.193 0.071 10.000 78810.000
-1.149 2.166 -0.186 10.000 78820.000
-1.103 2.370 -0.277 10.000 78830.000
-0.845 2.801 0.023 11.000 78841.000
-0.672 3.179 0.330 9.000 78850.000
-0.325 3.519 0.723 10.000 78860.000
-0.090 3.629 0.948 10.000 78870.000
0.514 3.385 1.113 10.000 78880.000
1.869 3.016 1.833 10.000 78890.000
3.050 2.686 2.468 10.000 78900.000
4.446 2.384 3.476 10.000 78910.000
5.410 2.288 4.405 11.000 78921.000
5.465 2.298 4.900 9.000 78930.000
5.317 2.262 5.655 10.000 78940.000
4.953 2.197 6.035 10.000 78950.000
4.625 2.226 6.363 10.000 78960.000
4.458 2.274 6.569 10.000 78970.000
4.568 2.272 6.617 10.000 78980.000
4.752 2.154 6.775 10.000 78990.000
4.900 1.944 6.986 10.000 79000.000
4.915 1.596 7.642 10.000 79010.000
4.580 1.582 8.530 11.000 79021.000
4.170 1.683 9.308 9.000 79030.000
3.854 2.001 9.976 10.000 79040.000
3.672 2.456 10.199 9.000 79049.000
4.003 2.643 9.770 10.000 79059.000
4.290 2.633 9.327 10.000 79069.000
4.484 2.406 8.995 10.000 79079.000
4.376 1.965 8.657 11.000 79090.000
4.031 1.556 8.638 9.000 79099.000
3.550 1.213 8.456 12.000 79111.000
3.014 0.864 8.192 8.000 79119.000
2.779 0.727 7.934 11.000 79130.000
2.480 0.797 7.661 9.000 79139.000
2.360 0.995 7.565 10.000 79149.000
2.183 1.338 7.618 10.000 79159.000
1.836 1.572 7.762 10.000 79169.000
1.553 1.601 7.920 11.000 79180.000
1.110 1.472 8.113 9.000 79189.000
0.653 1.039 8.274 11.000 79200.000
0.366 0.713 8.343 9.000 79209.000
0.081 0.229 8.556 10.000 79219.000
-0.043 -0.095 8.734 11.000 79230.000
-0.011 -0.332 9.138 9.000 79239.000
-0.165 -0.622 9.670 10.000 79249.000
-0.320 -0.754 10.058 10.000 79259.000
-0.557 -0.909 10.536 10.000 79269.000
-0.823 -0.986 10.754 10.000 79279.000
-0.866 -1.089 10.927 10.000 79289.000
-0.713 -1.240 11.197 10.000 79299.000
-0.478 -1.367 11.377 10.000 79309.000
-0.055 -1.505 11.722 10.000 79319.000
0.227 -1.479 12.174 11.000 79330.000
0.313 -1.405 12.528 9.000 79339.000
0.237 -1.379 12.966 10.000 79349.000
-0.028 -1.340 13.239 10.000 79359.000
-0.055 -1.410 13.316 12.000 79371.000
0.167 -1.458 13.350 9.000 79380.000
0.553 -1.458 13.299 9.000 79389.000
1.182 -1.410 13.266 10.000 79399.000
1.675 -1.340 13.239 11.000 79410.000
2.111 -1.110 13.273 9.000 79419.000
2.537 -0.720 13.400 11.000 79430.000
2.719 -0.378 13.510 9.000 79439.000
2.863 -0.016 13.742 10.000 79449.000
2.908 0.287 14.015 10.000 79459.000
2.964 0.430 14.195 10.000 79469.000
3.177 0.857 14.336 11.000 79480.000
3.428 1.264 14.355 9.000 79489.000
3.483 1.781 14.410 10.000 79499.000
3.399 2.480 14.456 10.000 79509.000
3.157 2.896 14.539 10.000 79519.000
2.978 3.481 14.446 11.000 79530.000
2.901 3.830 14.259 9.000 79539.000
3.019 4.256 13.979 10.000 79549.000
3.083 4.786 13.704 10.000 79559.000
3.086 5.147 13.606 10.000 79569.000
2.908 5.523 13.577 11.000 79580.000
2.566 5.662 13.723 9.000 79589.000
2.276 5.698 13.864 10.000 79599.000
2.085 5.858 14.010 11.000 79610.000
2.073 6.004 14.087 10.000 79620.000
2.185 6.160 14.125 10.000 79630.000
2.250 6.332 14.202 10.000 79640.000
2.217 6.380 14.274 10.000 79650.000
1.982 6.421 14.305 10.000 79660.000
1.733 6.430 14.302 10.000 79670.000
1.218 6.361 14.125 10.000 79680.000
0.332 6.138 14.049 10.000 79690.000
-0.351 5.923 14.013 10.000 79700.000
-1.319 5.449 13.757 10.000 79710.000
-1.999 4.841 13.457 10.000 79720.000
-2.308 4.386 13.057 10.000 79730.000
-2.743 3.754 12.634 9.000 79739.000
-2.896 3.380 12.430 10.000 79749.000
-3.100 3.435 12.622 10.000 79759.000
-3.222 3.892 12.342 10.000 79769.000
-3.217 4.527 12.085 11.000 79780.000
-2.858 5.070 10.819 9.000 79789.000
-2.422 5.382 9.337 10.000 79799.000
-1.623 5.044 7.474 10.000 79809.000
-0.512 4.501 5.082 10.000 79819.000
0.244 4.048 3.701 11.000 79830.000
1.304 3.790 1.968 10.000 79840.000
2.121 3.916 0.770 9.000 79849.000
2.626 4.249 0.102 10.000 79859.000
3.136 4.273 -0.641 10.000 79869.000
3.342 4.103 -1.034 11.000 79880.000
3.445 3.588 -1.139 9.000 79889.000
3.641 3.071 -1.165 10.000 79899.000
3.833 2.863 -1.115 10.000 79909.000
4.189 2.480 -0.914 10.000 79919.000
4.448 2.303 -0.684 11.000 79930.000
4.759 2.015 -0.687 10.000 79940.000
5.219 1.778 -0.768 10.000 79950.000
5.513 1.716 -1.000 10.000 79960.000
5.904 1.754 -1.108 10.000 79970.000
6.066 1.982 -1.070 10.000 79980.000
6.081 2.159 -0.952 10.000 79990.000
6.129 2.327 -0.694 10.000 80000.000
6.081 2.394 -0.560 10.000 80010.000
6.133 2.329 -0.158 10.000 80020.000
6.155 2.217 0.612 10.000 80030.000
6.143 2.114 1.242 10.000 80040.000
6.035 2.054 2.233 10.000 80050.000
5.908 2.049 2.964 10.000 80060.000
5.779 2.149 3.402 10.000 80070.000
5.590 2.334 3.857 10.000 80080.000
5.497 2.475 3.950 10.000 80090.000
5.458 2.578 3.885 10.000 80100.000
5.238 2.449 3.371 10.000 80110.000
5.078 2.236 2.839 10.000 80120.000
4.666 1.690 2.489 10.000 80130.000
4.199 1.182 2.298 10.000 80140.000
4.592 -0.519 6.232 10.000 80150.000
3.392 -1.522 5.082 10.000 80160.000
2.444 -2.193 3.751 10.000 80170.000
2.901 -0.471 4.426 10.000 80180.000
2.715 2.619 1.350 10.000 80190.000
3.473 5.753 4.551 10.000 80200.000
3.004 7.153 7.242 10.000 80210.000
1.130 6.162 7.927 10.000 80220.000
0.811 4.683 8.367 10.000 80230.000
1.139 2.461 7.613 10.000 80240.000
4.831 4.110 7.972 10.000 80250.000
8.769 7.208 6.675 10.000 80260.000
11.152 10.795 5.621 10.000 80270.000
12.088 15.004 3.727 10.000 80280.000
10.125 14.571 2.573 10.000 80290.000
7.915 12.689 3.076 10.000 80300.000
4.491 8.793 4.046 10.000 80310.000
2.513 4.276 5.856 10.000 80320.000
1.323 2.856 6.167 10.000 80330.000
1.122 2.669 6.193 10.000 80340.000
2.135 4.496 5.753 10.000 80350.000
3.857 6.569 4.982 10.000 80360.000
5.554 8.049 4.367 10.000 80370.000
6.294 7.812 4.278 10.000 80380.000
6.763 7.410 4.177 10.000 80390.000
6.524 6.761 4.407 10.000 80400.000
5.983 6.375 4.745 10.000 80410.000
5.190 6.538 4.867 10.000 80420.000
4.668 6.866 5.001 10.000 80430.000
4.230 6.995 5.042 10.000 80440.000
4.094 6.861 4.975 10.000 80450.000
4.479 6.698 4.790 10.000 80460.000
4.967 6.689 4.527 10.000 80470.000
5.372 6.878 4.357 10.000 80480.000
5.683 7.003 4.230 10.000 80490.000
5.693 7.091 4.194 10.000 80500.000
5.451 6.916 4.302 10.000 80510.000
5.197 6.801 4.414 10.000 80520.000
5.037 6.751 4.484 10.000 80530.000
4.963 6.732 4.467 10.000 80540.000
5.063 6.763 4.199 10.000 80550.000
5.176 6.734 3.926 10.000 80560.000
5.257 6.665 3.720 10.000 80570.000
5.252 6.564 3.600 10.000 80580.000
5.164 6.639 3.854 10.000 80590.000
5.109 6.785 4.149 10.000 80600.000
5.085 6.971 4.376 10.000 80610.000
5.104 7.010 4.438 10.000 80620.000
5.181 6.933 4.314 10.000 80630.000
5.116 6.612 4.326 10.000 80640.000
5.128 6.526 4.072 10.000 80650.000
5.097 6.588 3.983 10.000 80660.000
5.090 6.849 4.266 10.000 80670.000
5.097 7.103 4.199 10.000 80680.000
5.027 7.122 4.398 10.000 80690.000
4.941 7.046 4.663 10.000 80700.000
4.831 6.770 4.558 10.000 80710.000
4.833 6.715 4.781 10.000 80720.000
4.927 6.665 4.632 10.000 80730.000
5.037 6.710 4.417 10.000 80740.000
5.322 6.787 4.237 10.000 80750.000
5.588 6.823 3.902 10.000 80760.000
5.705 6.756 3.991 10.000 80770.000
5.683 6.675 3.904 10.000 80780.000
5.487 6.562 3.782 10.000 80790.000
5.178 6.591 3.928 10.000 80800.000
4.975 6.624 3.928 10.000 80810.000
4.910 6.672 4.103 10.000 80820.000
4.970 6.701 4.343 10.000 80830.000
5.142 6.588 4.314 10.000 80840.000
5.066 6.794 4.417 10.000 80850.000
4.996 7.036 4.467 10.000 80860.000
4.802 7.297 4.453 10.000 80870.000
4.745 7.390 4.295 10.000 80880.000
4.888 7.259 4.098 10.000 80890.000
5.121 6.892 3.861 10.000 80900.000
5.384 6.517 3.608 10.000 80910.000
5.511 6.308 3.497 10.000 80920.000
5.647 6.284 3.320 10.000 80930.000
5.710 6.502 3.447 10.000 80940.000
5.741 6.730 3.591 10.000 80950.000
5.693 6.847 3.720 10.000 80960.000
5.635 6.780 3.916 10.000 80970.000
5.597 6.634 3.744 10.000 80980.000
5.602 6.586 3.687 10.000 80990.000
5.686 6.648 3.643 11.000 81001.000
5.693 6.749 3.711 8.000 81009.000
5.659 6.885 3.936 10.000 81019.000
5.511 6.866 4.058 11.000 81030.000
5.353 6.873 4.189 9.000 81039.000
5.272 6.842 4.211 10.000 81049.000
5.195 6.888 4.072 10.000 81059.000
5.190 6.991 3.921 10.000 81069.000
5.231 7.036 3.679 11.000 81080.000
5.262 7.012 3.409 9.000 81089.000
5.288 6.912 3.299 10.000 81099.000
5.295 6.816 3.184 10.000 81109.000
5.348 6.766 3.337 10.000 81119.000
5.410 6.785 3.519 11.000 81130.000
5.525 6.830 3.799 9.000 81139.000
5.659 6.871 4.084 10.000 81149.000
5.724 6.926 3.921 10.000 81159.000
5.688 6.907 3.538 10.000 81169.000
5.600 6.861 3.057 11.000 81180.000
5.566 6.782 2.485 9.000 81189.000
5.521 6.675 2.173 10.000 81199.000
5.805 6.770 2.229 11.000 81210.000
5.846 6.713 2.566 10.000 81220.000
5.832 6.689 2.995 10.000 81230.000
5.710 6.672 3.433 9.000 81239.000
5.329 6.605 3.801 10.000 81249.000
5.193 6.691 3.888 11.000 81260.000
5.157 6.837 3.964 9.000 81269.000
5.228 6.976 4.031 11.000 81280.000
5.327 7.019 3.916 9.000 81289.000
5.353 6.974 3.830 10.000 81299.000
5.279 6.868 3.754 10.000 81309.000
5.202 6.766 4.031 10.000 81319.000
5.128 6.679 4.414 11.000 81330.000
5.118 6.799 4.797 9.000 81339.000
5.044 6.947 5.125 10.000 81349.000
4.972 7.094 5.099 10.000 81359.000
4.850 7.196 5.197 10.000 81369.000
4.661 7.161 5.406 11.000 81380.000
4.537 7.096 5.669 9.000 81389.000
4.405 7.038 5.851 10.000 81399.000
4.323 7.024 5.908 10.000 81409.000
4.438 6.959 5.339 10.000 81419.000
4.407 6.859 4.513 11.000 81430.000
4.383 6.751 3.768 10.000 81440.000
5.082 6.924 2.765 10.000 81450.000
5.659 7.168 2.250 10.000 81460.000
6.406 7.778 2.011 10.000 81470.000
6.782 7.848 1.695 10.000 81480.000
6.435 7.637 1.637 10.000 81490.000
6.155 6.852 1.613 10.000 81500.000
6.086 6.009 1.611 10.000 81510.000
6.387 5.707 1.685 10.000 81520.000
6.619 5.568 1.719 10.000 81530.000
6.785 6.004 1.719 10.000 81540.000
6.586 6.282 1.762 10.000 81550.000
6.318 6.576 2.001 10.000 81560.000
6.119 6.708 2.281 10.000 81570.000
5.884 6.787 2.674 10.000 81580.000
5.779 6.751 2.983 10.000 81590.000
5.765 6.718 3.078 10.000 81600.000
5.817 6.734 3.138 10.000 81610.000
5.906 6.804 3.086 10.000 81620.000
5.975 6.876 2.889 10.000 81630.000
5.987 6.909 2.741 10.000 81640.000
5.932 6.892 2.628 10.000 81650.000
5.858 6.835 2.703 10.000 81660.000
5.803 6.775 2.920 10.000 81670.000
5.786 6.766 3.078 10.000 81680.000
5.774 6.799 3.069 10.000 81690.000
5.781 6.873 2.873 10.000 81700.000
5.772 6.950 2.722 10.000 81710.000
5.760 6.995 2.600 10.000 81720.000
5.712 6.976 2.726 10.000 81730.000
5.676 6.955 2.985 10.000 81740.000
5.657 6.931 3.198 10.000 81750.000
5.645 6.945 3.514 10.000 81760.000
5.662 7.026 3.617 10.000 81770.000
5.667 7.110 3.588 10.000 81780.000
5.726 7.189 3.390 10.000 81790.000
5.779 7.230 3.088 10.000 81800.000
5.791 7.146 3.045 10.000 81810.000
5.758 7.079 3.019 10.000 81820.000
5.669 7.017 3.162 10.000 81830.000
5.626 6.998 3.280 10.000 81840.000
5.626 7.058 3.270 10.000 81850.000
5.683 7.108 3.124 10.000 81860.000
5.710 7.101 2.992 10.000 81870.000
5.691 7.050 2.887 10.000 81880.000
5.688 7.005 2.851 10.000 81890.000
5.691 6.967 2.889 10.000 81900.000
5.724 6.986 2.913 10.000 81910.000
5.731 7.043 2.873 10.000 81920.000
5.722 7.096 2.762 10.000 81930.000
5.619 7.105 2.853 10.000 81940.000
5.530 7.134 3.126 10.000 81950.000
5.468 7.125 3.464 10.000 81960.000
5.422 7.153 3.718 10.000 81970.000
5.453 7.211 3.816 10.000 81980.000
5.492 7.244 3.605 10.000 81990.000
5.566 7.230 3.399 10.000 82000.000
5.623 7.177 3.277 10.000 82010.000
5.669 7.082 3.232 10.000 82020.000
5.671 6.988 3.258 10.000 82030.000
5.638 6.943 3.280 10.000 82040.000
5.609 6.904 3.234 10.000 82050.000
5.592 6.909 3.112 10.000 82060.000
5.576 6.924 3.093 10.000 82070.000
5.547 6.912 3.095 10.000 82080.000
5.513 6.892 3.165 10.000 82090.000
5.509 6.856 3.220 10.000 82100.000
5.525 6.813 3.227 10.000 82110.000
5.576 6.821 3.215 10.000 82120.000
5.590 6.866 3.356 10.000 82130.000
5.576 6.928 3.512 10.000 82140.000
5.418 7.031 3.813 10.000 82150.000
5.238 7.110 4.113 10.000 82160.000
5.066 7.120 4.134 10.000 82170.000
4.965 7.082 4.216 10.000 82180.000
5.008 7.003 4.151 10.000 82190.000
5.078 6.904 3.988 10.000 82200.000
5.212 6.895 3.830 10.000 82210.000
5.274 6.933 3.612 10.000 82220.000
5.300 6.955 3.430 10.000 82230.000
5.300 6.995 3.347 10.000 82240.000
5.233 6.950 3.447 10.000 82250.000
5.190 6.909 3.636 10.000 82260.000
5.183 6.885 3.790 10.000 82270.000
5.190 6.873 3.881 10.000 82280.000
5.228 6.890 3.907 10.000 82290.000
5.250 6.900 3.801 10.000 82300.000
5.281 6.883 3.687 10.000 82310.000
5.298 6.854 3.634 10.000 82320.000
5.317 6.825 3.722 10.000 82330.000
5.317 6.734 4.235 10.000 82340.000
5.307 6.670 4.757 10.000 82350.000
5.355 6.696 4.932 10.000 82360.000
5.401 6.722 4.965 10.000 82370.000
5.427 6.914 4.429 10.000 82380.000
5.401 6.991 3.909 10.000 82390.000
5.317 6.976 3.737 10.000 82400.000
5.248 6.909 3.720 10.000 82410.000
5.209 6.742 3.892 10.000 82420.000
5.269 6.710 4.103 10.000 82430.000
5.336 6.737 4.153 10.000 82440.000
5.389 6.816 4.048 10.000 82450.000
5.434 6.900 3.914 10.000 82460.000
5.422 6.892 3.780 10.000 82470.000
5.403 6.828 3.806 10.000 82480.000
5.398 6.782 3.861 10.000 82490.000
5.401 6.732 3.945 10.000 82500.000
5.446 6.811 3.902 10.000 82510.000
5.487 6.856 3.806 10.000 82520.000
5.513 6.883 3.682 10.000 82530.000
5.504 6.883 3.552 10.000 82540.000
5.463 6.823 3.495 10.000 82550.000
5.487 6.789 3.536 10.000 82560.000
5.549 6.715 3.569 10.000 82570.000
5.647 6.667 3.608 10.000 82580.000
5.674 6.639 3.672 10.000 82590.000
5.580 6.653 3.780 10.000 82600.000
5.449 6.708 3.895 10.000 82610.000
5.279 6.746 3.969 10.000 82620.000
5.181 6.766 4.017 10.000 82630.000
5.288 6.761 3.995 10.000 82640.000
5.422 6.706 4.017 10.000 82650.000
5.595 6.667 4.079 10.000 82660.000
5.717 6.631 4.022 10.000 82670.000
5.693 6.584 3.945 10.000 82680.000
5.568 6.677 3.744 10.000 82690.000
5.449 6.744 3.531 10.000 82700.000
5.379 6.809 3.438 10.000 82710.000
5.370 6.873 3.481 10.000 82720.000
5.384 6.854 3.751 10.000 82730.000
5.394 6.861 4.034 10.000 82740.000
5.161 6.816 4.400 10.000 82750.000
4.869 6.770 4.630 10.000 82760.000
4.517 6.725 4.673 10.000 82770.000
4.280 6.732 4.589 10.000 82780.000
4.285 6.792 4.422 10.000 82790.000
4.446 6.823 4.297 10.000 82800.000
4.716 6.847 4.213 10.000 82810.000
4.869 6.777 4.331 10.000 82820.000
4.970 6.706 4.410 10.000 82830.000
4.915 6.663 4.446 10.000 82840.000
4.891 6.636 4.441 10.000 82850.000
4.879 6.617 4.400 10.000 82860.000
4.920 6.600 4.398 10.000 82870.000
4.924 6.562 4.407 10.000 82880.000
4.898 6.507 4.458 10.000 82890.000
4.876 6.483 4.548 10.000 82900.000
4.872 6.416 4.620 10.000 82910.000
4.903 6.370 4.680 10.000 82920.000
4.941 6.248 4.680 10.000 82930.000
4.965 6.129 4.601 10.000 82940.000
4.958 6.074 4.587 10.000 82950.000
4.817 6.203 4.594 10.000 82960.000
4.668 6.409 4.661 10.000 82970.000
4.467 6.562 4.831 10.000 82980.000
4.266 6.509 4.869 10.000 82990.000
4.199 6.272 4.886 10.000 83000.000
4.050 5.844 4.776 10.000 83010.000
3.955 5.468 4.563 10.000 83020.000
3.596 4.984 4.362 10.000 83030.000
2.973 4.307 4.374 10.000 83040.000
2.432 3.821 4.513 10.000 83050.000
2.039 3.641 5.379 10.000 83060.000
1.924 3.754 6.320 10.000 83070.000
2.873 4.850 6.658 10.000 83080.000
4.367 6.325 6.445 10.000 83090.000
5.712 7.493 5.504 10.000 83100.000
6.981 8.245 4.465 10.000 83110.000
6.687 7.735 3.991 10.000 83120.000
5.846 6.847 4.067 10.000 83130.000
4.127 5.453 4.106 10.000 83140.000
2.485 4.477 4.242 10.000 83150.000
0.981 3.430 4.599 10.000 83160.000
-0.392 2.384 4.733 10.000 83170.000
-0.888 1.843 4.905 10.000 83180.000
-0.641 1.656 4.718 10.000 83190.000
0.229 2.011 4.137 10.000 83200.000
1.414 2.652 3.667 10.000 83210.000
2.724 3.567 3.643 10.000 83220.000
3.292 4.127 3.979 10.000 83230.000
3.928 4.685 3.864 10.000 83240.000
4.122 4.955 3.859 10.000 83250.000
3.775 4.910 3.778 10.000 83260.000
3.462 5.102 4.084 10.000 83270.000
3.078 5.295 4.841 10.000 83280.000
2.786 5.509 5.679 10.000 83290.000
3.107 5.552 6.174 10.000 83300.000
3.394 5.358 6.282 10.000 83310.000
3.622 5.200 6.560 10.000 83320.000
3.758 5.023 6.756 10.000 83330.000
3.675 5.137 7.000 10.000 83340.000
3.368 5.178 7.462 10.000 83350.000
3.122 5.183 7.754 10.000 83360.000
2.693 5.013 8.147 10.000 83370.000
2.288 4.764 8.465 10.000 83380.000
1.963 4.479 8.508 10.000 83390.000
1.635 4.232 8.360 10.000 83400.000
1.489 4.161 8.111 10.000 83410.000
1.292 3.907 8.018 10.000 83420.000
1.144 3.706 8.231 10.000 83430.000
0.998 3.466 8.635 10.000 83440.000
0.785 3.239 9.232 10.000 83450.000
0.622 3.193 9.672 10.000 83460.000
0.591 3.454 9.919 10.000 83470.000
0.675 3.852 10.067 10.000 83480.000
0.825 4.237 10.024 10.000 83490.000
1.230 4.556 9.892 10.000 83500.000
1.819 4.450 9.756 11.000 83511.000
2.293 4.209 9.718 9.000 83520.000
2.832 3.857 9.823 10.000 83530.000
3.117 3.572 10.017 10.000 83540.000
3.105 3.576 10.436 10.000 83550.000
2.961 3.694 11.025 10.000 83560.000
2.753 3.921 11.470 10.000 83570.000
2.571 4.165 12.038 10.000 83580.000
2.466 4.295 12.330 10.000 83590.000
2.667 4.211 12.555 10.000 83600.000
3.066 4.050 12.787 10.000 83610.000
3.440 3.873 12.897 10.000 83620.000
3.926 3.785 13.113 10.000 83630.000
4.237 3.797 13.225 10.000 83640.000
4.393 4.046 13.421 10.000 83650.000
4.568 4.309 13.718 10.000 83660.000
4.630 4.484 13.910 10.000 83670.000
4.718 4.515 14.219 10.000 83680.000
4.690 4.460 14.587 10.000 83690.000
4.642 4.390 14.856 10.000 83700.000
4.448 4.402 15.318 10.000 83710.000
4.228 4.558 15.662 10.000 83720.000
4.134 4.733 15.753 10.000 83730.000
4.168 5.054 15.708 10.000 83740.000
4.347 5.293 15.468 10.000 83750.000
4.647 5.501 15.107 10.000 83760.000
4.893 5.616 14.848 10.000 83770.000
5.185 5.884 14.551 10.000 83780.000
5.499 6.430 14.140 10.000 83790.000
5.693 7.007 13.850 10.000 83800.000
5.856 7.659 13.462 10.000 83810.000
5.616 7.934 12.995 10.000 83820.000
5.355 7.931 12.643 10.000 83830.000
4.764 7.955 12.308 10.000 83840.000
4.204 7.905 12.071 10.000 83850.000
3.833 7.994 12.009 10.000 83860.000
3.359 8.097 11.717 10.000 83870.000
3.215 8.173 11.408 10.000 83880.000
2.834 7.896 11.051 10.000 83890.000
2.494 7.556 10.773 10.000 83900.000
2.164 6.957 10.788 10.000 83910.000
2.006 6.275 10.393 10.000 83920.000
2.085 5.947 10.046 10.000 83930.000
2.387 5.662 8.678 10.000 83940.000
2.655 5.714 6.473 10.000 83950.000
2.750 5.851 4.678 10.000 83960.000
2.568 6.028 2.451 10.000 83970.000
2.164 6.162 1.244 10.000 83980.000
1.678 5.820 0.442 10.000 83990.000
1.003 4.759 -0.713 10.000 84000.000
0.605 3.658 -1.438 10.000 84010.000
0.237 1.982 -2.073 10.000 84020.000
0.076 0.689 -2.336 10.000 84030.000
0.339 -0.074 -2.080 10.000 84040.000
0.608 -0.881 -1.527 10.000 84050.000
0.847 -1.113 -1.065 10.000 84060.000
0.936 -1.517 -0.483 10.000 84070.000
0.907 -2.015 0.031 10.000 84080.000
0.873 -2.470 0.248 10.000 84090.000
1.039 -2.964 0.699 10.000 84100.000
1.355 -3.284 1.029 10.000 84110.000
1.960 -2.748 1.460 10.000 84120.000
2.880 -1.625 2.013 10.000 84130.000
3.600 -0.464 2.334 10.000 84140.000
4.244 0.940 2.731 10.000 84150.000
4.481 1.771 2.930 10.000 84160.000
4.031 2.339 4.668 10.000 84170.000
3.490 3.169 7.735 10.000 84180.000
3.026 3.756 10.726 10.000 84190.000
2.813 4.807 11.769 10.000 84200.000
3.696 6.023 11.453 10.000 84210.000
4.671 6.976 9.809 10.000 84220.000
5.781 8.420 7.869 10.000 84230.000
6.641 9.399 7.876 10.000 84240.000
6.809 10.041 6.045 10.000 84250.000
6.241 10.572 4.450 10.000 84260.000
5.537 10.613 3.150 10.000 84270.000
4.331 9.801 3.236 10.000 84280.000
3.093 8.839 4.860 10.000 84290.000
2.643 7.371 6.363 10.000 84300.000
2.676 6.007 7.443 10.000 84310.000
3.213 5.494 7.137 10.000 84320.000
4.144 5.190 6.356 10.000 84330.000
5.023 5.501 5.458 10.000 84340.000
5.394 5.906 4.865 10.000 84350.000
5.449 6.586 4.714 10.000 84360.000
5.109 7.058 5.037 10.000 84370.000
4.465 7.570 5.444 10.000 84380.000
3.763 7.639 5.777 10.000 84390.000
3.378 7.433 5.667 10.000 84400.000
3.208 7.189 5.444 10.000 84410.000
3.342 6.904 5.137 10.000 84420.000
3.691 6.933 5.121 10.000 84430.000
4.010 6.856 5.023 10.000 84440.000
4.113 6.818 5.037 10.000 84450.000
4.158 6.751 5.087 10.000 84460.000
4.070 6.617 5.042 10.000 84470.000
3.957 6.885 5.188 10.000 84480.000
3.799 7.173 5.104 10.000 84490.000
3.699 7.489 4.984 10.000 84500.000
3.591 7.501 4.774 10.000 84510.000
3.651 7.163 4.625 10.000 84520.000
3.756 6.806 4.707 10.000 84530.000
4.000 6.643 4.764 10.000 84540.000
4.252 6.785 4.912 10.000 84550.000
4.357 6.950 4.898 10.000 84560.000
4.331 6.993 4.735 10.000 84570.000
4.165 6.842 4.596 10.000 84580.000
3.969 6.861 4.738 10.000 84590.000
3.806 6.909 4.869 10.000 84600.000
3.785 7.089 5.260 10.000 84610.000
3.890 7.220 5.389 10.000 84620.000
4.027 7.182 5.238 10.000 84630.000
4.161 7.038 5.082 10.000 84640.000
4.211 6.947 5.058 10.000 84650.000
4.134 6.904 5.295 10.000 84660.000
4.120 6.969 5.432 10.000 84670.000
4.108 7.139 5.573 10.000 84680.000
4.144 7.189 5.295 10.000 84690.000
4.058 7.125 4.975 10.000 84700.000
3.909 6.952 4.754 10.000 84710.000
3.785 6.912 4.764 10.000 84720.000
3.687 6.928 4.951 10.000 84730.000
3.823 7.165 5.236 10.000 84740.000
3.979 7.278 5.329 9.000 84749.000
4.110 7.259 5.193 10.000 84759.000
4.201 7.120 5.118 10.000 84769.000
4.118 6.950 5.042 11.000 84780.000
4.015 6.904 5.157 9.000 84789.000
3.914 6.945 5.260 10.000 84799.000
3.854 7.105 5.300 10.000 84809.000
3.837 6.691 5.348 10.000 84819.000
4.146 6.852 4.829 11.000 84830.000
4.453 6.926 4.321 9.000 84839.000
4.390 6.986 4.505 10.000 84849.000
4.347 7.546 4.630 10.000 84859.000
3.926 7.443 5.216 10.000 84869.000
3.505 7.486 5.724 11.000 84880.000
3.452 7.544 5.540 9.000 84889.000
3.385 7.489 5.394 10.000 84899.000
3.454 7.453 5.092 10.000 84909.000
3.524 7.271 4.869 10.000 84919.000
3.797 7.022 4.486 11.000 84930.000
4.084 6.885 4.065 9.000 84939.000
4.460 6.715 3.890 11.000 84950.000
4.752 6.694 3.928 10.000 84960.000
4.841 6.739 4.127 10.000 84970.000
4.795 6.883 4.352 10.000 84980.000
4.577 7.129 4.592 10.000 84990.000
4.359 7.242 4.644 10.000 85000.000
4.156 7.374 4.788 10.000 85010.000
4.086 7.407 4.905 10.000 85020.000
4.007 7.400 5.003 10.000 85030.000
4.015 7.333 5.042 10.000 85040.000
4.007 7.247 4.989 10.000 85050.000
4.031 7.173 4.836 10.000 85060.000
4.065 7.139 4.702 10.000 85070.000
4.161 7.146 4.604 10.000 85080.000
4.299 7.149 4.486 10.000 85090.000
4.407 7.139 4.469 10.000 85100.000
4.486 7.137 4.477 10.000 85110.000
4.501 7.139 4.481 10.000 85120.000
4.450 7.127 4.501 10.000 85130.000
4.386 7.103 4.520 10.000 85140.000
4.350 7.072 4.515 10.000 85150.000
4.343 7.048 4.508 10.000 85160.000
4.424 7.084 4.481 10.000 85170.000
4.520 7.132 4.455 10.000 85180.000
4.611 7.134 4.304 10.000 85190.000
4.673 7.129 4.156 10.000 85200.000
4.632 7.089 4.019 10.000 85210.000
4.608 7.096 4.012 10.000 85220.000
4.589 7.149 4.129 10.000 85230.000
4.644 7.225 4.139 10.000 85240.000
4.735 7.297 4.161 10.000 85250.000
4.771 7.201 4.177 10.000 85260.000
4.704 7.053 4.374 10.000 85270.000
4.563 6.880 4.678 10.000 85280.000
4.419 6.780 4.845 10.000 85290.000
4.314 6.799 4.888 10.000 85300.000
4.177 6.938 4.793 10.000 85310.000
4.242 7.098 4.108 10.000 85320.000
4.309 7.187 3.560 10.000 85330.000
4.474 7.287 3.294 10.000 85340.000
4.721 7.194 3.452 10.000 85350.000
4.766 7.079 4.199 10.000 85360.000
4.900 6.971 4.910 10.000 85370.000
4.936 6.852 5.339 10.000 85380.000
4.975 6.895 4.987 10.000 85390.000
5.046 6.969 4.546 10.000 85400.000
5.030 7.036 4.141 10.000 85410.000
4.967 7.182 3.847 10.000 85420.000
4.955 7.292 3.869 10.000 85430.000
4.915 7.388 3.955 10.000 85440.000
4.917 7.402 4.175 10.000 85450.000
4.965 7.338 4.285 10.000 85460.000
5.049 7.285 4.568 10.000 85470.000
5.142 7.287 4.826 10.000 85480.000
5.193 7.371 4.951 10.000 85490.000
5.286 7.501 4.644 10.000 85500.000
5.343 7.618 4.165 10.000 85510.000
5.566 7.560 3.550 10.000 85520.000
5.592 7.326 3.050 10.000 85530.000
5.576 7.046 2.980 10.000 85540.000
5.128 6.801 2.968 10.000 85550.000
4.501 6.660 3.141 10.000 85560.000
4.484 6.823 3.095 10.000 85570.000
4.558 7.079 3.177 10.000 85580.000
5.063 7.299 3.201 10.000 85590.000
5.451 7.465 3.318 10.000 85600.000
5.295 7.450 3.560 10.000 85610.000
5.049 7.343 3.675 10.000 85620.000
4.766 7.218 3.612 10.000 85630.000
4.601 7.149 3.457 10.000 85640.000
4.599 7.144 3.299 10.000 85650.000
4.611 7.141 3.232 10.000 85660.000
4.659 7.156 3.342 10.000 85670.000
4.692 7.153 3.406 10.000 85680.000
4.692 7.139 3.452 10.000 85690.000
4.680 7.163 3.411 10.000 85700.000
4.699 7.173 3.366 10.000 85710.000
4.733 7.199 3.366 10.000 85720.000
4.800 7.194 3.347 11.000 85731.000
4.857 7.165 3.373 9.000 85740.000
4.884 7.151 3.404 10.000 85750.000
4.922 7.165 3.459 10.000 85760.000
4.927 7.211 3.533 10.000 85770.000
4.946 7.307 3.442 10.000 85780.000
4.967 7.333 3.385 10.000 85790.000
4.977 7.331 3.303 10.000 85800.000
4.994 7.311 3.402 10.000 85810.000
5.003 7.225 3.615 10.000 85820.000
5.037 7.278 3.840 10.000 85830.000
5.051 7.354 3.926 10.000 85840.000
5.058 7.448 3.833 10.000 85850.000
5.032 7.450 3.758 10.000 85860.000
5.008 7.383 3.643 10.000 85870.000
5.003 7.292 3.667 10.000 85880.000
5.011 7.259 3.665 10.000 85890.000
5.051 7.316 3.643 10.000 85900.000
5.020 7.386 3.517 10.000 85910.000
4.955 7.398 3.481 10.000 85920.000
4.879 7.352 3.471 10.000 85930.000
4.893 7.304 3.478 10.000 85940.000
4.951 7.244 3.586 10.000 85950.000
5.006 7.254 3.608 10.000 85960.000
5.015 7.280 3.627 10.000 85970.000
4.934 7.309 3.629 10.000 85980.000
4.848 7.390 3.627 10.000 85990.000
4.812 7.460 3.675 10.000 86000.000
4.821 7.513 3.725 10.000 86010.000
4.850 7.539 3.754 11.000 86021.000
4.884 7.513 3.787 9.000 86030.000
4.860 7.465 3.742 9.000 86039.000
4.833 7.402 3.665 10.000 86049.000
4.788 7.366 3.610 10.000 86059.000
4.793 7.331 3.593 10.000 86069.000
4.841 7.316 3.600 11.000 86080.000
4.924 7.335 3.603 9.000 86089.000
4.948 7.347 3.600 11.000 86100.000
4.922 7.359 3.560 9.000 86109.000
4.886 7.359 3.574 10.000 86119.000
4.831 7.371 3.521 11.000 86130.000
4.836 7.390 3.473 9.000 86139.000
4.812 7.424 3.426 11.000 86150.000
4.797 7.469 3.323 9.000 86159.000
4.788 7.453 3.335 10.000 86169.000
4.774 7.407 3.351 11.000 86180.000
4.788 7.347 3.368 9.000 86189.000
4.805 7.266 3.347 11.000 86200.000
4.802 7.216 3.313 9.000 86209.000
4.778 7.208 3.248 11.000 86220.000
4.769 7.244 3.351 11.000 86231.000
4.757 7.302 3.493 9.000 86240.000
4.778 7.393 3.643 10.000 86250.000
4.812 7.414 3.682 10.000 86260.000
4.831 7.393 3.552 10.000 86270.000
4.821 7.345 3.387 10.000 86280.000
4.778 7.264 3.213 10.000 86290.000
4.790 7.256 3.337 10.000 86300.000
4.843 7.321 3.416 10.000 86310.000
4.924 7.412 3.531 10.000 86320.000
4.991 7.472 3.696 10.000 86330.000
5.018 7.513 3.701 10.000 86340.000
4.982 7.493 3.711 10.000 86350.000
4.924 7.498 3.711 10.000 86360.000
4.881 7.534 3.660 10.000 86370.000
4.829 7.527 3.586 10.000 86380.000
4.797 7.508 3.552 10.000 86390.000
4.797 7.424 3.521 10.000 86400.000
4.848 7.333 3.418 10.000 86410.000
4.908 7.285 3.339 10.000 86420.000
4.982 7.273 3.277 10.000 86430.000
4.972 7.314 3.270 10.000 86440.000
4.912 7.362 3.335 10.000 86450.000
4.774 7.453 3.509 10.000 86460.000
4.620 7.508 3.667 10.000 86470.000
4.493 7.508 3.706 10.000 86480.000
4.458 7.453 3.526 10.000 86490.000
4.501 7.354 3.236 10.000 86500.000
4.685 7.235 2.913 10.000 86510.000
4.917 7.158 2.662 10.000 86520.000
5.054 7.163 2.810 10.000 86530.000
5.133 7.050 2.947 11.000 86541.000
5.070 6.959 3.117 9.000 86550.000
5.054 6.866 3.282 10.000 86560.000
4.958 6.849 3.342 10.000 86570.000
4.920 6.950 3.414 10.000 86580.000
4.874 7.230 3.567 10.000 86590.000
4.783 7.513 3.725 10.000 86600.000
4.805 7.699 4.055 10.000 86610.000
4.850 7.836 4.402 10.000 86620.000
4.903 7.793 4.668 10.000 86630.000
5.018 7.745 4.874 10.000 86640.000
5.104 7.690 4.831 10.000 86650.000
5.085 7.668 4.692 10.000 86660.000
5.118 7.632 4.383 10.000 86670.000
5.090 7.601 4.134 10.000 86680.000
5.090 7.575 3.806 10.000 86690.000
4.879 7.297 3.390 10.000 86700.000
4.616 7.034 3.143 10.000 86710.000
4.350 6.694 2.815 10.000 86720.000
4.055 6.349 2.566 10.000 86730.000
4.637 6.624 2.418 11.000 86741.000
5.137 7.024 2.583 9.000 86750.000
5.640 7.501 2.829 10.000 86760.000
5.784 7.769 3.184 10.000 86770.000
5.343 7.685 3.605 10.000 86780.000
4.929 7.496 3.665 10.000 86790.000
4.570 7.352 3.679 10.000 86800.000
4.570 7.417 3.586 10.000 86810.000
4.606 7.445 3.564 10.000 86820.000
4.692 7.445 3.603 10.000 86830.000
4.723 7.400 3.687 10.000 86840.000
4.766 7.390 3.711 10.000 86850.000
4.774 7.417 3.663 10.000 86860.000
4.797 7.436 3.567 11.000 86871.000
4.838 7.436 3.454 9.000 86880.000
4.867 7.400 3.402 10.000 86890.000
4.872 7.369 3.332 10.000 86900.000
4.865 7.354 3.299 10.000 86910.000
4.881 7.359 3.301 10.000 86920.000
4.927 7.371 3.342 10.000 86930.000
4.996 7.378 3.399 10.000 86940.000
5.046 7.374 3.459 10.000 86950.000
5.023 7.376 3.471 10.000 86960.000
4.970 7.371 3.445 10.000 86970.000
4.927 7.354 3.397 10.000 86980.000
4.903 7.350 3.347 10.000 86990.000
4.922 7.304 3.380 10.000 87000.000
4.920 7.275 3.409 10.000 87010.000
4.908 7.259 3.459 10.000 87020.000
