# Accelerometer Data File
# 
#
#
# sensor Vendor: Bosch
# sensor Name: BMA254
# sensor Resolution: 0.009576807m/sec^2; Max Range: 39.2; Min Delay: 10000 microseconds
# The sensor's attributes are the result hardware and the Android capabilities.
# It means that the Android may not utilize all features provided by the hardware.
#
# Some devices and Android versions save battery too much so the device may go to sleep.
# It just happens after couple of minutes from turning off the scree and it is easy to find it out.
#
# The following file provides the data from accelerometer in the m/s^2 format.
# The diff value is just a time delta between the samples
#
#
# data format:
# so we have 4 columns with values separated by the " "
# X Y Z time_from_previous_sample(ms)

# sensor speed set to:FASTEST
# units set to: m/sec^2
# gravity NOT filtered out
# Accuracy: HIGH
-1.798 -0.766 13.663 10.000 72500.000
-1.912 -0.335 13.587 10.000 72510.000
-1.963 0.169 13.448 10.000 72520.000
-1.991 0.478 13.259 10.000 72530.000
-1.922 0.605 13.134 10.000 72540.000
-1.912 0.809 12.926 10.000 72550.000
-1.968 0.938 12.780 10.000 72560.000
-2.118 1.019 12.737 10.000 72570.000
-2.185 1.017 12.713 10.000 72580.000
-2.193 0.938 12.773 10.000 72590.000
-2.047 0.857 12.773 10.000 72600.000
-1.810 0.770 12.732 10.000 72610.000
-1.520 0.761 12.469 10.000 72620.000
-1.110 0.679 12.265 10.000 72630.000
-0.854 0.600 12.121 10.000 72640.000
-0.483 0.395 12.174 10.000 72650.000
-0.251 0.088 12.588 10.000 72660.000
-0.138 -0.146 12.943 10.000 72670.000
-0.079 -0.373 13.117 10.000 72680.000
-0.134 -0.474 13.096 10.000 72690.000
-0.306 -0.622 12.435 10.000 72700.000
-0.555 -0.792 11.367 10.000 72710.000
-0.751 -0.969 10.479 10.000 72720.000
-1.328 -0.833 9.445 10.000 72730.000
-1.786 -0.541 8.892 10.000 72740.000
-2.698 0.541 8.640 10.000 72750.000
-4.108 2.032 8.329 10.000 72760.000
-5.137 3.210 8.164 10.000 72770.000
-6.890 4.687 7.781 10.000 72780.000
-8.633 5.324 7.656 10.000 72790.000
-9.878 5.552 7.592 10.000 72800.000
-10.893 5.173 7.194 10.000 72810.000
-11.185 4.496 7.015 10.000 72820.000
-9.955 3.215 6.009 10.000 72830.000
-7.831 3.560 4.666 10.000 72840.000
-5.937 4.510 3.655 10.000 72850.000
-3.804 6.698 2.255 10.000 72860.000
-2.671 9.562 1.527 10.000 72870.000
-2.516 9.212 1.185 10.000 72880.000
-2.533 7.843 0.998 10.000 72890.000
-2.789 5.236 1.201 10.000 72900.000
-3.141 2.492 1.235 10.000 72910.000
-2.621 1.438 1.201 10.000 72920.000
-1.929 1.405 1.012 10.000 72930.000
-0.572 1.692 0.991 10.000 72940.000
0.881 2.116 1.139 10.000 72950.000
2.190 2.904 1.525 10.000 72960.000
3.098 3.543 1.850 10.000 72970.000
3.339 3.861 2.008 10.000 72980.000
2.813 3.584 2.597 10.000 72990.000
1.642 2.839 2.968 10.000 73000.000
-0.086 1.980 3.711 10.000 73010.000
-1.563 1.364 4.446 11.000 73021.000
-2.272 1.345 4.750 9.000 73030.000
-3.007 1.544 5.039 10.000 73040.000
-2.413 2.200 5.322 10.000 73050.000
-2.070 2.612 5.612 10.000 73060.000
-1.932 2.817 6.557 10.000 73070.000
-1.766 2.806 7.517 10.000 73080.000
-2.420 2.911 8.547 10.000 73090.000
-4.333 3.189 9.071 10.000 73100.000
-6.042 3.672 8.939 10.000 73110.000
-7.316 3.976 8.769 10.000 73120.000
-8.140 3.969 8.226 10.000 73130.000
-7.405 3.411 8.147 10.000 73140.000
-6.105 2.652 7.702 20.000 73160.000
-4.819 2.300 7.287 10.000 73170.000
-3.390 2.279 6.825 10.000 73180.000
-2.260 2.636 6.404 10.000 73190.000
-2.027 3.246 6.619 10.000 73200.000
-2.217 3.629 6.842 10.000 73210.000
-2.983 3.502 7.338 10.000 73220.000
-3.799 3.394 7.594 10.000 73230.000
-4.283 3.234 7.580 10.000 73240.000
-5.497 3.481 8.001 10.000 73250.000
-6.277 3.907 8.197 10.000 73260.000
-7.232 3.746 8.913 10.000 73270.000
-7.953 3.512 9.825 10.000 73280.000
-7.943 2.870 10.302 10.000 73290.000
-7.819 2.442 10.615 10.000 73300.000
-7.433 2.595 10.556 10.000 73310.000
-7.283 2.822 10.299 10.000 73320.000
-7.050 3.047 10.156 10.000 73330.000
-6.933 3.059 10.175 10.000 73340.000
-6.809 3.074 10.165 10.000 73350.000
-6.672 2.784 10.290 10.000 73360.000
-6.617 2.497 10.302 10.000 73370.000
-6.232 2.054 10.716 10.000 73380.000
-5.889 1.594 11.252 10.000 73390.000
-5.748 1.364 11.446 10.000 73400.000
-5.434 0.873 11.389 10.000 73410.000
-5.451 0.538 10.929 10.000 73420.000
-5.427 -0.086 10.354 10.000 73430.000
-5.214 -0.636 9.988 10.000 73440.000
-5.353 -1.256 9.895 10.000 73450.000
-5.542 -1.951 9.809 10.000 73460.000
-5.772 -2.355 9.837 10.000 73470.000
-5.772 -2.657 9.823 10.000 73480.000
-5.327 -2.626 9.849 10.000 73490.000
-4.831 -2.521 9.868 10.000 73500.000
-4.125 -2.530 10.091 10.000 73510.000
-3.648 -2.643 10.357 10.000 73520.000
-3.129 -2.846 10.690 10.000 73530.000
-2.545 -3.098 11.226 10.000 73540.000
-2.171 -3.234 11.559 10.000 73550.000
-2.018 -3.315 12.054 10.000 73560.000
-2.173 -3.308 12.421 10.000 73570.000
-2.691 -3.335 12.672 10.000 73580.000
-3.150 -3.344 12.662 11.000 73591.000
-3.390 -3.409 12.490 8.000 73599.000
-3.186 -3.021 12.174 10.000 73609.000
-2.243 -2.336 11.492 10.000 73619.000
-1.357 -1.668 11.070 10.000 73629.000
0.105 -1.288 10.484 10.000 73639.000
1.125 -1.359 10.041 10.000 73649.000
2.147 -2.233 10.074 10.000 73659.000
2.968 -3.344 10.290 10.000 73669.000
3.213 -4.168 10.670 10.000 73679.000
3.327 -4.867 10.881 10.000 73689.000
2.997 -4.979 10.893 10.000 73699.000
2.959 -4.675 10.761 11.000 73710.000
2.971 -4.532 10.623 9.000 73719.000
3.112 -4.513 10.654 10.000 73729.000
2.985 -4.647 10.680 10.000 73739.000
2.401 -4.963 10.670 10.000 73749.000
1.766 -5.118 10.668 10.000 73759.000
1.149 -5.209 10.505 10.000 73769.000
0.799 -5.147 10.347 10.000 73779.000
0.933 -4.900 10.335 11.000 73790.000
0.933 -4.268 10.623 10.000 73800.000
0.916 -3.701 11.070 10.000 73810.000
0.885 -2.829 11.654 10.000 73820.000
0.737 -2.140 12.090 10.000 73830.000
0.761 -1.774 12.246 10.000 73840.000
0.837 -1.201 12.401 10.000 73850.000
0.928 -0.933 12.421 10.000 73860.000
1.055 -0.380 12.310 10.000 73870.000
1.249 0.272 12.193 10.000 73880.000
1.391 0.720 12.076 10.000 73890.000
1.728 1.424 11.968 10.000 73900.000
2.030 1.843 11.990 10.000 73910.000
2.070 2.336 11.956 10.000 73920.000
1.766 2.808 11.939 10.000 73930.000
1.266 3.023 11.913 10.000 73940.000
0.349 3.028 11.992 10.000 73950.000
-0.411 2.796 12.114 10.000 73960.000
-1.098 2.382 12.184 10.000 73970.000
-2.063 1.821 12.315 10.000 73980.000
-2.612 1.472 12.342 10.000 73990.000
-3.488 1.666 12.315 10.000 74000.000
-4.173 2.360 12.164 10.000 74010.000
-4.580 3.201 11.951 10.000 74020.000
-4.841 3.770 11.619 10.000 74030.000
-4.774 3.797 11.338 10.000 74040.000
-4.393 3.406 10.958 10.000 74050.000
-3.711 3.155 10.323 10.000 74060.000
-3.174 3.174 9.809 10.000 74070.000
-2.434 3.385 9.119 10.000 74080.000
-1.929 3.715 8.690 10.000 74090.000
-1.838 4.034 8.348 10.000 74100.000
-1.999 4.532 7.860 10.000 74110.000
-2.363 4.838 7.546 10.000 74120.000
-2.717 5.327 7.213 10.000 74130.000
-2.748 5.719 7.010 10.000 74140.000
-2.528 5.932 6.952 10.000 74150.000
-2.341 6.131 6.387 10.000 74160.000
-2.164 6.148 5.841 9.000 74169.000
-1.908 6.308 4.936 11.000 74180.000
-1.630 6.507 4.024 10.000 74190.000
-1.319 6.720 3.620 10.000 74200.000
-1.041 6.986 3.055 10.000 74210.000
-1.053 7.077 2.887 10.000 74220.000
-0.715 7.268 2.420 10.000 74230.000
-1.058 7.149 1.723 10.000 74240.000
-1.367 6.976 1.187 10.000 74250.000
-2.300 6.588 1.134 10.000 74260.000
-3.552 6.236 1.635 10.000 74270.000
-4.125 6.196 2.365 10.000 74280.000
-4.857 6.119 3.038 10.000 74290.000
-4.965 6.258 3.227 10.000 74300.000
-4.668 6.234 3.361 10.000 74310.000
-3.940 6.148 3.505 10.000 74320.000
-3.052 6.098 3.706 10.000 74330.000
-2.075 5.834 3.672 10.000 74340.000
-1.556 5.559 3.447 10.000 74350.000
-1.620 5.114 3.143 10.000 74360.000
-1.438 4.809 2.975 9.000 74369.000
-1.345 4.718 3.043 11.000 74380.000
-1.118 4.867 3.167 10.000 74390.000
-0.919 5.046 3.392 10.000 74400.000
-0.967 5.085 3.481 10.000 74410.000
-1.115 4.946 3.782 10.000 74420.000
-1.398 4.568 4.027 10.000 74430.000
-1.572 4.319 4.388 10.000 74440.000
-2.051 4.024 4.819 10.000 74450.000
-2.430 3.907 5.037 10.000 74460.000
-2.942 3.780 5.442 10.000 74470.000
-3.380 3.725 5.698 10.000 74480.000
-3.569 3.660 6.064 10.000 74490.000
-3.969 3.462 6.476 10.000 74500.000
-4.235 3.272 6.701 10.000 74510.000
-4.496 3.088 7.132 10.000 74520.000
-4.692 3.009 7.465 10.000 74530.000
-4.678 3.064 7.752 10.000 74540.000
-4.565 3.220 8.085 10.000 74550.000
-4.458 3.371 8.212 10.000 74560.000
-4.486 3.335 8.295 9.000 74569.000
-4.388 3.375 8.233 10.000 74579.000
-4.388 3.315 8.125 10.000 74589.000
-4.223 3.385 7.876 11.000 74600.000
-3.931 3.591 7.589 9.000 74609.000
-3.823 3.634 7.508 11.000 74620.000
-3.756 3.397 7.453 9.000 74629.000
-3.854 3.031 7.539 10.000 74639.000
-4.036 2.334 7.685 10.000 74649.000
-4.163 1.733 7.917 11.000 74660.000
-4.249 1.412 8.123 10.000 74670.000
-4.328 1.043 8.425 9.000 74679.000
-4.323 1.005 8.667 10.000 74689.000
-4.359 1.003 8.951 10.000 74699.000
-4.395 0.938 9.452 11.000 74710.000
-4.438 0.921 9.856 10.000 74720.000
-4.467 0.694 10.345 9.000 74729.000
-4.453 0.421 10.644 10.000 74739.000
-4.283 0.191 10.831 10.000 74749.000
-4.153 0.098 11.135 11.000 74760.000
-4.039 0.215 11.355 10.000 74770.000
-4.039 0.459 11.635 10.000 74780.000
-4.194 0.723 11.812 10.000 74790.000
-3.991 0.742 11.736 9.000 74799.000
-3.512 0.452 11.690 11.000 74810.000
-2.918 0.035 11.585 10.000 74820.000
-2.224 -0.557 11.492 10.000 74830.000
-1.783 -1.154 11.506 10.000 74840.000
-1.618 -1.441 11.489 10.000 74850.000
-1.410 -1.874 11.427 10.000 74860.000
-1.302 -2.130 11.353 10.000 74870.000
-1.063 -2.528 11.334 10.000 74880.000
-0.790 -3.196 11.465 10.000 74890.000
-0.560 -3.718 11.643 10.000 74900.000
-0.181 -4.149 11.836 10.000 74910.000
0.000 -4.328 12.004 10.000 74920.000
0.462 -4.005 11.915 10.000 74930.000
1.149 -3.682 11.896 10.000 74940.000
1.687 -3.450 11.860 10.000 74950.000
2.231 -3.517 11.971 10.000 74960.000
2.346 -3.828 12.112 9.000 74969.000
2.236 -4.139 12.184 11.000 74980.000
2.173 -4.343 11.999 10.000 74990.000
2.106 -4.247 11.669 9.000 74999.000
2.367 -4.065 11.200 11.000 75010.000
2.698 -4.103 10.704 10.000 75020.000
2.980 -4.249 10.465 10.000 75030.000
3.277 -4.489 10.189 10.000 75040.000
3.361 -4.802 10.127 10.000 75050.000
3.512 -4.754 9.919 10.000 75060.000
3.864 -4.479 9.658 10.000 75070.000
4.201 -4.110 9.433 10.000 75080.000
4.697 -3.639 9.277 10.000 75090.000
5.092 -3.210 9.615 10.000 75100.000
5.286 -3.009 10.005 10.000 75110.000
5.193 -2.717 10.924 10.000 75120.000
4.941 -2.528 11.774 9.000 75129.000
4.046 -2.075 12.198 11.000 75140.000
3.253 -1.019 12.682 10.000 75150.000
2.748 -0.055 12.636 10.000 75160.000
2.712 1.189 12.461 9.000 75169.000
3.284 2.073 12.392 11.000 75180.000
4.118 2.341 12.016 10.000 75190.000
4.843 2.525 11.494 10.000 75200.000
5.099 2.430 11.101 10.000 75210.000
4.972 2.470 10.716 10.000 75220.000
4.194 2.710 10.510 10.000 75230.000
3.524 3.033 10.450 10.000 75240.000
2.707 3.562 10.587 10.000 75250.000
2.274 3.955 10.716 10.000 75260.000
2.030 4.326 10.948 10.000 75270.000
1.781 4.606 10.941 10.000 75280.000
1.678 4.680 10.737 10.000 75290.000
1.525 4.821 10.390 10.000 75300.000
1.470 4.797 10.007 10.000 75310.000
1.307 5.109 9.727 10.000 75320.000
1.082 5.578 9.339 10.000 75330.000
0.907 5.980 9.095 10.000 75340.000
0.708 6.454 8.662 10.000 75350.000
0.682 6.677 8.130 10.000 75360.000
0.718 6.742 7.706 10.000 75370.000
0.770 6.847 7.058 10.000 75380.000
0.847 6.880 6.598 10.000 75390.000
0.792 6.959 6.220 10.000 75400.000
0.651 7.007 5.676 10.000 75410.000
0.493 7.015 5.358 10.000 75420.000
0.342 7.007 4.750 10.000 75430.000
0.263 6.962 4.295 10.000 75440.000
0.363 6.775 3.842 10.000 75450.000
0.517 6.344 3.308 10.000 75460.000
0.663 5.928 3.064 10.000 75470.000
0.914 5.331 2.822 10.000 75480.000
1.237 5.018 2.779 10.000 75490.000
1.508 4.948 2.817 10.000 75500.000
1.661 5.248 2.487 10.000 75510.000
1.709 5.726 2.154 10.000 75520.000
1.970 6.131 1.845 10.000 75530.000
2.121 6.236 1.465 10.000 75540.000
2.389 5.973 1.453 10.000 75550.000
2.664 5.602 1.446 10.000 75560.000
2.561 5.195 1.379 9.000 75569.000
2.437 5.133 1.446 11.000 75580.000
2.286 5.090 1.675 10.000 75590.000
2.128 5.154 1.900 10.000 75600.000
2.015 5.137 2.212 10.000 75610.000
2.181 4.898 2.583 10.000 75620.000
2.372 4.639 2.791 10.000 75630.000
2.499 4.156 3.045 10.000 75640.000
2.580 3.754 3.213 10.000 75650.000
2.454 3.459 3.344 10.000 75660.000
2.315 3.129 3.622 10.000 75670.000
2.240 3.023 3.854 10.000 75680.000
2.176 2.650 4.371 10.000 75690.000
2.173 2.346 4.802 10.000 75700.000
2.126 1.697 5.449 10.000 75710.000
2.173 1.170 6.385 10.000 75720.000
2.212 0.912 7.036 10.000 75730.000
1.865 0.998 7.836 10.000 75740.000
1.302 1.680 8.408 10.000 75750.000
0.644 2.240 8.690 10.000 75760.000
-0.117 2.604 8.995 10.000 75770.000
-0.493 2.624 9.150 10.000 75780.000
-0.665 2.161 9.081 10.000 75790.000
-0.873 1.654 8.887 10.000 75800.000
-0.979 1.343 8.671 10.000 75810.000
-1.015 1.163 8.482 10.000 75820.000
-0.981 1.249 8.384 10.000 75830.000
-0.797 1.434 8.408 10.000 75840.000
-0.569 1.683 8.554 10.000 75850.000
-0.411 1.800 8.674 10.000 75860.000
-0.533 1.994 8.731 10.000 75870.000
-1.046 1.802 8.904 10.000 75880.000
-1.601 1.546 8.954 10.000 75890.000
-1.958 1.139 9.145 10.000 75900.000
-2.035 0.656 9.399 10.000 75910.000
-1.778 0.383 9.639 10.000 75920.000
-1.630 -0.009 10.048 10.000 75930.000
-1.680 -0.251 10.316 10.000 75940.000
-1.465 -0.885 10.524 10.000 75950.000
-1.307 -1.398 10.635 11.000 75961.000
-0.782 -1.991 10.534 8.000 75969.000
-0.509 -2.437 10.584 11.000 75980.000
-0.502 -2.489 10.694 10.000 75990.000
-0.735 -2.461 10.893 10.000 76000.000
-1.175 -2.243 10.852 10.000 76010.000
-1.364 -2.173 10.661 10.000 76020.000
-1.596 -2.624 10.347 10.000 76030.000
-1.589 -3.155 9.945 10.000 76040.000
-2.114 -4.067 10.065 10.000 76050.000
-3.045 -4.884 10.345 10.000 76060.000
-3.933 -5.181 10.747 10.000 76070.000
-4.944 -5.707 10.886 10.000 76080.000
-5.473 -5.841 10.783 10.000 76090.000
-5.111 -6.284 10.371 10.000 76100.000
-4.592 -6.890 10.007 10.000 76110.000
-3.950 -7.266 9.907 10.000 76120.000
-3.150 -7.635 9.674 10.000 76130.000
-2.834 -7.790 9.591 10.000 76140.000
-2.178 -7.745 9.327 10.000 76150.000
-1.230 -7.601 9.378 10.000 76160.000
-0.440 -7.465 9.560 10.000 76170.000
0.399 -7.697 10.050 10.000 76180.000
1.118 -7.450 10.228 10.000 76190.000
1.544 -7.302 10.091 9.000 76199.000
2.664 -6.914 9.715 11.000 76210.000
3.734 -6.157 9.030 10.000 76220.000
4.630 -6.438 9.191 10.000 76230.000
5.264 -7.036 9.454 10.000 76240.000
5.204 -7.874 9.957 10.000 76250.000
4.912 -8.556 10.292 10.000 76260.000
4.419 -8.719 10.228 10.000 76270.000
3.754 -8.604 9.959 10.000 76280.000
3.031 -8.401 9.411 10.000 76290.000
2.540 -8.353 9.030 10.000 76300.000
2.003 -8.166 8.374 10.000 76310.000
1.944 -7.793 7.776 10.000 76320.000
1.941 -7.508 7.457 10.000 76330.000
1.920 -7.046 7.249 10.000 76340.000
1.944 -6.722 7.316 10.000 76350.000
1.896 -6.272 7.613 10.000 76360.000
1.879 -5.456 8.281 9.000 76369.000
1.881 -4.817 8.839 11.000 76380.000
1.836 -3.773 9.579 10.000 76390.000
1.819 -3.002 10.132 10.000 76400.000
1.381 -2.207 10.558 10.000 76410.000
0.679 -1.383 12.061 10.000 76420.000
0.026 -0.964 13.383 10.000 76430.000
-0.960 -0.553 13.543 10.000 76440.000
-0.531 -0.129 13.862 10.000 76450.000
0.160 0.265 13.103 10.000 76460.000
1.086 0.713 12.334 10.000 76470.000
2.346 1.168 12.727 10.000 76480.000
1.982 1.276 12.356 10.000 76490.000
1.527 1.522 11.657 10.000 76500.000
0.837 1.716 10.967 10.000 76510.000
0.086 1.960 10.053 10.000 76520.000
-0.067 2.149 9.500 10.000 76530.000
-0.313 2.377 9.260 10.000 76540.000
-0.541 2.956 8.949 10.000 76550.000
-0.706 3.485 8.863 10.000 76560.000
-0.536 4.247 8.583 9.000 76569.000
-0.009 5.037 8.128 11.000 76580.000
0.497 5.475 7.745 10.000 76590.000
0.995 6.177 7.240 10.000 76600.000
1.158 6.646 6.928 10.000 76610.000
1.146 7.113 6.682 10.000 76620.000
1.216 7.750 6.308 10.000 76630.000
1.295 8.123 6.057 10.000 76640.000
1.338 8.657 5.738 10.000 76650.000
1.383 8.987 5.544 10.000 76660.000
1.379 9.188 5.372 10.000 76670.000
1.278 9.366 5.015 10.000 76680.000
1.213 9.382 4.726 10.000 76690.000
0.933 9.404 4.244 10.000 76700.000
0.483 9.476 3.775 11.000 76711.000
0.129 9.572 3.490 9.000 76720.000
-0.280 9.598 3.244 10.000 76730.000
-0.474 9.619 3.189 10.000 76740.000
-0.849 8.803 3.574 10.000 76750.000
-1.996 8.626 4.199 10.000 76760.000
-3.088 8.518 4.786 9.000 76769.000
-4.486 9.239 5.238 11.000 76780.000
-5.564 10.706 5.343 10.000 76790.000
-5.655 10.941 5.248 10.000 76800.000
-4.374 10.560 4.707 10.000 76810.000
-2.786 9.351 4.299 10.000 76820.000
-1.814 8.315 3.438 10.000 76830.000
-2.047 7.869 3.105 10.000 76840.000
-3.651 8.039 3.217 10.000 76850.000
-6.052 8.382 3.751 10.000 76860.000
-7.838 8.552 4.740 10.000 76870.000
-7.931 8.772 5.243 10.000 76880.000
-7.194 8.355 5.406 10.000 76890.000
-5.659 7.766 5.147 10.000 76900.000
-3.696 6.991 4.596 10.000 76910.000
-2.437 6.167 3.964 10.000 76920.000
-2.015 5.975 3.531 10.000 76930.000
-1.910 5.676 3.301 10.000 76940.000
-2.233 5.564 3.363 10.000 76950.000
-2.552 5.482 3.912 10.000 76960.000
-3.189 5.054 5.054 10.000 76970.000
-3.509 4.733 5.992 10.000 76980.000
-3.646 4.283 6.873 10.000 76990.000
-3.787 3.801 7.268 10.000 77000.000
-3.562 3.876 7.005 10.000 77010.000
-3.234 4.077 6.318 10.000 77020.000
-3.090 4.407 5.688 10.000 77030.000
-2.995 4.541 4.922 10.000 77040.000
-2.940 4.472 4.362 10.000 77050.000
-3.014 4.285 4.240 10.000 77060.000
-3.488 4.273 4.151 11.000 77071.000
-3.914 4.458 4.199 9.000 77080.000
-4.199 4.795 4.525 10.000 77090.000
-4.525 4.788 4.841 10.000 77100.000
-4.450 4.606 5.123 10.000 77110.000
-4.489 4.266 5.437 10.000 77120.000
-4.668 3.773 5.473 10.000 77130.000
-4.678 3.665 5.475 10.000 77140.000
-4.635 3.184 5.767 10.000 77150.000
-4.479 2.861 6.028 10.000 77160.000
-4.541 2.293 5.971 10.000 77170.000
-4.707 1.675 5.942 10.000 77180.000
-4.668 1.412 6.411 10.000 77190.000
-4.924 0.825 7.005 10.000 77200.000
-4.963 0.483 7.917 10.000 77210.000
-5.037 -0.169 9.356 10.000 77220.000
-5.085 -0.785 10.556 10.000 77230.000
-4.838 -1.077 11.631 10.000 77240.000
-4.302 -1.015 12.600 10.000 77250.000
-3.730 -0.641 13.043 10.000 77260.000
-2.971 -0.165 12.854 10.000 77270.000
-2.059 0.363 12.574 10.000 77280.000
-1.436 0.538 12.399 10.000 77290.000
-0.981 0.804 12.038 10.000 77300.000
-0.995 0.948 11.760 10.000 77310.000
-1.455 1.233 11.415 10.000 77320.000
-2.116 1.675 11.061 10.000 77330.000
-2.609 2.027 10.893 10.000 77340.000
-3.102 2.473 10.706 10.000 77350.000
-3.303 2.724 10.678 10.000 77360.000
-3.287 2.964 10.699 10.000 77370.000
-3.234 3.236 10.608 10.000 77380.000
-3.181 3.416 10.536 10.000 77390.000
-3.035 3.490 10.338 10.000 77400.000
-2.748 3.473 10.055 10.000 77410.000
-2.497 3.423 9.885 10.000 77420.000
-2.276 3.248 9.739 10.000 77430.000
-2.149 3.179 9.720 10.000 77440.000
-2.159 2.980 9.811 10.000 77450.000
-2.140 2.796 9.813 10.000 77460.000
-2.090 2.736 9.792 10.000 77470.000
-1.845 2.940 9.660 10.000 77480.000
-1.623 3.217 9.461 10.000 77490.000
-1.391 3.500 9.133 10.000 77500.000
-1.462 3.897 8.757 10.000 77510.000
-1.728 4.031 8.492 10.000 77520.000
-1.841 4.479 8.118 10.000 77530.000
-2.044 4.939 8.250 10.000 77540.000
-1.944 5.284 8.429 10.000 77550.000
-2.138 5.729 8.463 10.000 77560.000
-2.485 5.861 8.604 10.000 77570.000
-2.930 6.021 8.501 10.000 77580.000
-3.938 6.208 8.195 10.000 77590.000
-4.651 6.294 8.034 10.000 77600.000
-4.939 6.643 7.733 10.000 77610.000
-5.075 6.933 7.388 10.000 77620.000
-4.510 7.225 7.395 10.000 77630.000
-4.019 7.623 7.287 10.000 77640.000
-3.955 7.757 7.321 10.000 77650.000
-4.230 7.896 7.402 10.000 77660.000
-4.410 8.259 7.211 10.000 77670.000
-4.515 8.518 7.134 10.000 77680.000
-4.405 8.904 7.019 10.000 77690.000
-3.955 9.284 6.856 10.000 77700.000
-3.421 9.605 6.672 10.000 77710.000
-2.681 10.125 6.260 10.000 77720.000
-2.157 10.517 5.887 10.000 77730.000
-1.525 11.068 5.322 10.000 77740.000
-1.211 11.425 4.903 10.000 77750.000
-0.952 11.695 4.398 10.000 77760.000
-0.569 12.073 3.584 10.000 77770.000
-0.294 12.294 2.961 10.000 77780.000
-0.196 12.509 2.202 10.000 77790.000
-0.739 12.469 1.728 10.000 77800.000
-1.407 12.320 1.563 10.000 77810.000
-2.786 12.011 1.424 10.000 77820.000
-3.988 11.707 1.422 10.000 77830.000
-5.039 11.358 1.534 10.000 77840.000
-6.155 10.670 1.498 10.000 77850.000
-6.560 10.144 1.436 10.000 77860.000
-7.254 9.227 1.450 10.000 77870.000
-7.608 8.499 1.379 10.000 77880.000
-8.099 8.049 1.728 10.000 77890.000
-8.796 7.338 2.296 10.000 77900.000
-9.203 7.017 2.786 10.000 77910.000
-9.528 6.636 3.234 10.000 77920.000
-9.382 6.375 3.143 10.000 77930.000
-9.030 6.375 2.834 10.000 77940.000
-8.506 5.966 2.482 10.000 77950.000
-8.063 5.616 2.173 10.000 77960.000
-7.620 5.264 2.688 10.000 77970.000
-6.603 5.638 3.481 10.000 77980.000
-5.758 6.421 4.316 10.000 77990.000
-5.209 7.156 4.458 10.000 78000.000
-4.932 7.833 4.041 10.000 78010.000
-5.353 7.436 2.846 12.000 78022.000
-5.815 6.837 1.793 9.000 78031.000
-6.215 6.301 1.323 19.000 78050.000
-6.651 5.738 0.689 10.000 78060.000
-6.962 5.525 0.555 10.000 78070.000
-7.079 5.176 0.442 10.000 78080.000
-6.962 4.812 0.440 10.000 78090.000
-6.596 4.098 0.811 10.000 78100.000
-6.114 3.160 1.592 10.000 78110.000
-5.786 2.559 2.209 10.000 78120.000
-5.432 2.094 2.870 10.000 78130.000
-5.291 2.006 3.323 10.000 78140.000
-5.813 1.884 3.854 10.000 78150.000
-6.605 1.448 4.872 10.000 78160.000
-7.424 0.876 5.846 9.000 78169.000
-8.149 0.529 6.703 11.000 78180.000
-8.154 0.550 6.799 10.000 78190.000
-7.888 0.885 6.409 10.000 78200.000
-7.639 0.981 6.023 10.000 78210.000
-7.484 0.852 5.755 10.000 78220.000
-7.673 0.500 5.966 10.000 78230.000
-8.039 0.055 6.373 10.000 78240.000
-8.389 -0.150 6.775 10.000 78250.000
-8.674 -0.294 7.266 10.000 78260.000
-8.786 -0.325 7.551 10.000 78270.000
-8.621 -0.414 7.709 10.000 78280.000
-8.303 -0.634 8.082 10.000 78290.000
-8.049 -0.916 8.367 10.000 78300.000
-7.627 -1.216 8.779 10.000 78310.000
-7.149 -1.525 9.196 10.000 78320.000
-6.823 -1.702 9.397 10.000 78330.000
-6.763 -2.097 9.758 10.000 78340.000
-6.871 -2.475 9.993 10.000 78350.000
-7.386 -2.875 10.249 10.000 78360.000
-7.625 -2.966 10.278 10.000 78370.000
-7.599 -2.839 10.146 10.000 78380.000
-7.127 -2.279 9.979 10.000 78390.000
-6.406 -1.537 9.715 10.000 78400.000
-5.023 -0.945 9.583 10.000 78410.000
-1.678 -0.241 9.241 10.000 78420.000
1.221 0.028 8.935 10.000 78430.000
4.410 -0.160 8.920 10.000 78440.000
6.660 -0.507 9.002 10.000 78450.000
5.758 -1.714 9.969 10.000 78460.000
4.043 -3.148 11.111 10.000 78470.000
2.039 -4.122 11.961 10.000 78480.000
0.232 -4.738 12.677 10.000 78490.000
-0.055 -4.153 12.536 10.000 78500.000
0.469 -3.342 12.220 10.000 78510.000
1.094 -2.612 11.755 10.000 78520.000
1.522 -2.240 11.425 10.000 78530.000
1.577 -2.815 11.324 10.000 78540.000
1.443 -3.677 11.216 10.000 78550.000
1.209 -4.458 11.257 10.000 78560.000
0.835 -5.125 11.094 9.000 78569.000
0.507 -5.300 10.884 11.000 78580.000
0.483 -5.456 10.251 10.000 78590.000
0.782 -5.521 9.397 11.000 78601.000
1.221 -5.698 8.746 8.000 78609.000
1.601 -5.616 8.173 10.000 78619.000
1.611 -4.982 8.190 10.000 78629.000
1.297 -4.438 8.429 10.000 78639.000
0.646 -3.469 8.978 10.000 78649.000
0.052 -2.758 9.447 10.000 78659.000
-0.672 -1.836 9.873 10.000 78669.000
-1.503 -0.265 10.465 10.000 78679.000
-1.996 0.878 10.747 10.000 78689.000
-2.300 2.485 11.453 10.000 78699.000
-2.217 3.596 12.042 10.000 78709.000
-1.467 4.635 12.217 10.000 78719.000
-0.418 5.506 12.801 10.000 78729.000
0.440 5.916 12.962 10.000 78739.000
1.244 6.358 12.406 10.000 78749.000
1.113 6.279 11.753 10.000 78759.000
0.682 6.368 10.690 10.000 78769.000
0.011 6.356 9.691 10.000 78779.000
-0.603 6.311 9.409 10.000 78789.000
-0.873 6.351 9.538 11.000 78800.000
-0.964 6.507 9.744 10.000 78810.000
-0.816 6.763 9.885 10.000 78820.000
-0.399 7.050 10.012 10.000 78830.000
0.311 7.230 9.931 11.000 78841.000
0.842 7.295 9.773 9.000 78850.000
1.604 7.410 9.380 10.000 78860.000
2.097 7.493 9.002 10.000 78870.000
2.475 7.498 8.499 10.000 78880.000
2.942 7.381 8.037 10.000 78890.000
3.179 7.213 7.809 10.000 78900.000
3.383 6.885 7.711 10.000 78910.000
3.438 6.603 7.881 10.000 78920.000
3.402 6.643 8.051 11.000 78931.000
3.308 6.892 8.190 9.000 78940.000
3.248 7.302 8.200 10.000 78950.000
3.088 7.651 8.173 10.000 78960.000
2.930 7.800 8.106 9.000 78969.000
2.655 7.594 7.929 11.000 78980.000
2.226 7.354 7.489 10.000 78990.000
1.898 7.175 7.084 10.000 79000.000
1.527 6.967 6.438 10.000 79010.000
1.290 6.785 5.724 10.000 79020.000
1.206 6.636 5.274 10.000 79030.000
1.051 6.289 4.671 10.000 79040.000
0.938 5.971 4.309 10.000 79050.000
0.816 5.530 4.077 10.000 79060.000
0.689 4.910 3.835 10.000 79070.000
0.634 4.489 3.746 10.000 79080.000
0.359 3.797 3.615 10.000 79090.000
0.016 3.114 3.514 11.000 79101.000
-0.320 2.612 3.423 9.000 79110.000
-0.679 2.066 3.368 12.000 79122.000
-0.818 1.790 3.356 8.000 79130.000
-0.840 1.606 3.679 10.000 79140.000
-0.526 1.278 4.122 10.000 79150.000
-0.191 0.993 4.529 10.000 79160.000
-0.100 0.569 4.869 9.000 79169.000
-0.009 0.287 4.922 11.000 79180.000
-0.141 0.284 5.102 10.000 79190.000
-0.500 0.533 5.442 10.000 79200.000
-0.615 0.921 5.849 10.000 79210.000
-1.242 1.312 6.416 10.000 79220.000
-1.982 1.565 6.737 10.000 79230.000
-2.626 1.460 7.211 10.000 79240.000
-3.363 1.345 7.927 10.000 79250.000
-3.588 1.228 8.482 10.000 79260.000
-3.756 1.156 9.136 10.000 79270.000
-3.634 1.312 9.569 10.000 79280.000
-3.418 1.477 9.761 10.000 79290.000
-3.105 1.446 9.849 10.000 79300.000
-2.849 1.369 9.840 10.000 79310.000
-2.674 1.053 9.662 10.000 79320.000
-2.303 0.579 9.495 10.000 79330.000
-2.030 0.301 9.430 10.000 79340.000
-1.529 -0.138 9.232 10.000 79350.000
-1.106 -0.459 9.107 10.000 79360.000
-0.557 -0.603 8.851 9.000 79369.000
0.143 -0.620 8.801 11.000 79380.000
0.617 -0.474 8.884 10.000 79390.000
1.177 -0.725 9.088 10.000 79400.000
1.221 -1.003 9.605 10.000 79410.000
1.110 -1.407 9.916 10.000 79420.000
0.404 -1.714 10.424 10.000 79430.000
-0.387 -1.623 10.812 10.000 79440.000
-1.156 -1.896 11.015 10.000 79450.000
-1.776 -2.197 11.171 11.000 79461.000
-1.800 -2.597 11.130 9.000 79470.000
-1.747 -2.971 11.326 10.000 79480.000
-1.522 -2.973 11.516 10.000 79490.000
-1.616 -3.004 11.992 10.000 79500.000
-1.927 -3.069 12.521 10.000 79510.000
-2.315 -3.160 12.813 10.000 79520.000
-2.885 -3.462 13.057 10.000 79530.000
-3.090 -3.605 13.005 10.000 79540.000
-3.078 -3.715 12.899 10.000 79550.000
-2.937 -3.732 12.662 10.000 79560.000
-2.614 -3.538 12.473 9.000 79569.000
-2.315 -3.435 12.172 10.000 79579.000
-1.843 -3.524 11.801 10.000 79589.000
-1.501 -3.706 11.561 10.000 79599.000
-1.108 -3.979 11.386 10.000 79609.000
-0.885 -4.261 11.382 10.000 79619.000
-0.842 -4.321 11.475 10.000 79629.000
-0.790 -4.304 11.501 10.000 79639.000
-0.787 -4.197 11.463 10.000 79649.000
-0.612 -3.916 11.300 10.000 79659.000
-0.430 -3.667 11.109 10.000 79669.000
-0.055 -3.315 10.982 10.000 79679.000
0.488 -2.774 10.912 10.000 79689.000
0.859 -2.406 10.967 10.000 79699.000
1.233 -2.106 11.274 10.000 79709.000
1.235 -2.159 11.839 10.000 79719.000
1.070 -2.401 12.346 10.000 79729.000
0.608 -2.466 12.552 10.000 79739.000
0.143 -2.461 12.507 10.000 79749.000
0.062 -2.138 12.279 10.000 79759.000
-0.064 -1.788 12.011 11.000 79770.000
0.105 -1.616 12.045 10.000 79780.000
0.059 -1.343 12.200 10.000 79790.000
-0.201 -1.216 12.282 10.000 79800.000
-0.586 -0.924 12.358 10.000 79810.000
-0.969 -0.555 12.385 10.000 79820.000
-1.137 -0.287 12.289 10.000 79830.000
-1.376 0.150 12.332 10.000 79840.000
-1.460 0.689 12.514 10.000 79850.000
-1.546 1.151 12.746 10.000 79860.000
-1.460 1.776 12.919 10.000 79870.000
-1.302 2.231 12.952 10.000 79880.000
-0.972 2.485 12.828 10.000 79890.000
-0.711 2.777 12.627 10.000 79900.000
-0.622 2.906 12.485 10.000 79910.000
-0.517 2.908 12.366 10.000 79920.000
-0.569 2.820 12.310 10.000 79930.000
-0.411 2.724 12.380 10.000 79940.000
-0.229 2.698 12.234 10.000 79950.000
-0.064 2.798 12.066 10.000 79960.000
0.349 2.683 11.669 9.000 79969.000
0.816 2.655 11.077 11.000 79980.000
1.259 2.557 10.702 10.000 79990.000
1.699 2.770 10.093 10.000 80000.000
1.891 3.198 9.715 10.000 80010.000
2.018 3.739 9.251 10.000 80020.000
2.130 4.414 8.650 10.000 80030.000
2.245 4.778 8.281 10.000 80040.000
2.303 5.157 7.783 10.000 80050.000
2.231 5.305 7.517 10.000 80060.000
2.169 5.250 7.091 10.000 80070.000
2.066 5.317 6.627 10.000 80080.000
2.020 5.370 6.291 10.000 80090.000
1.848 5.509 5.935 10.000 80100.000
1.659 5.717 5.808 10.000 80110.000
1.510 5.803 5.719 10.000 80120.000
1.422 5.889 5.499 10.000 80130.000
1.460 5.889 5.300 10.000 80140.000
1.551 5.901 5.049 10.000 80150.000
1.704 5.753 4.618 10.000 80160.000
1.798 5.604 4.319 9.000 80169.000
1.948 5.339 3.907 11.000 80180.000
2.068 5.061 3.615 10.000 80190.000
2.152 4.862 3.414 10.000 80200.000
2.102 4.534 3.210 10.000 80210.000
1.994 4.323 3.119 10.000 80220.000
1.740 4.053 3.088 10.000 80230.000
1.489 3.873 2.985 10.000 80240.000
1.371 3.823 2.885 10.000 80250.000
1.486 3.739 2.518 10.000 80260.000
1.747 3.715 2.092 10.000 80270.000
1.951 3.576 1.733 10.000 80280.000
2.001 3.493 1.422 10.000 80290.000
1.819 3.442 1.376 10.000 80300.000
1.376 3.529 1.412 10.000 80310.000
0.962 3.720 1.541 10.000 80320.000
0.711 4.204 1.790 10.000 80330.000
0.471 4.903 2.219 10.000 80340.000
0.493 5.465 2.566 10.000 80350.000
0.845 5.940 2.856 10.000 80360.000
1.233 5.817 3.126 9.000 80369.000
1.608 5.480 3.217 11.000 80380.000
1.896 4.970 3.627 10.000 80390.000
1.853 4.548 4.094 10.000 80400.000
1.273 4.486 4.730 10.000 80410.000
0.404 4.604 5.544 10.000 80420.000
-0.375 4.893 6.040 10.000 80430.000
-1.039 5.025 6.533 10.000 80440.000
-1.211 5.046 6.708 10.000 80450.000
-1.108 4.723 6.766 10.000 80460.000
-1.122 4.357 6.830 10.000 80470.000
-1.254 4.149 6.897 10.000 80480.000
-1.340 4.005 7.295 10.000 80490.000
-0.660 3.991 7.635 10.000 80500.000
0.136 4.019 7.967 10.000 80510.000
0.402 3.864 8.147 10.000 80520.000
0.622 3.643 7.996 10.000 80530.000
-0.423 3.349 8.183 10.000 80540.000
-1.800 3.153 8.427 10.000 80550.000
-2.645 3.141 8.825 10.000 80560.000
-3.514 3.289 9.311 10.000 80570.000
-3.869 3.548 9.457 10.000 80580.000
-3.888 3.349 9.555 10.000 80590.000
-3.950 2.782 9.804 10.000 80600.000
-3.988 2.054 9.964 10.000 80610.000
-4.000 1.663 10.115 10.000 80620.000
-4.050 2.111 10.254 10.000 80630.000
-4.058 2.928 10.242 10.000 80640.000
-4.158 3.476 10.220 10.000 80650.000
-4.285 3.687 10.208 10.000 80660.000
-4.898 2.973 10.402 10.000 80670.000
-5.516 2.171 10.704 10.000 80680.000
-6.040 1.637 11.015 10.000 80690.000
-5.331 1.814 11.291 10.000 80700.000
-4.103 2.437 11.362 10.000 80710.000
-1.264 3.627 10.967 10.000 80720.000
1.738 4.086 10.390 10.000 80730.000
3.507 3.835 9.849 10.000 80740.000
4.338 2.355 9.598 10.000 80750.000
2.901 -0.260 9.770 10.000 80760.000
1.302 -2.147 10.125 10.000 80770.000
-0.651 -3.981 10.352 10.000 80780.000
-1.666 -4.587 10.290 10.000 80790.000
-1.549 -4.031 10.371 10.000 80800.000
-1.130 -3.323 10.448 10.000 80810.000
-0.356 -2.667 10.651 11.000 80821.000
0.124 -2.188 10.855 9.000 80830.000
0.134 -2.212 10.850 10.000 80840.000
-0.359 -2.688 10.584 10.000 80850.000
-0.521 -3.131 9.818 10.000 80860.000
-0.392 -3.397 9.052 10.000 80870.000
0.268 -3.588 8.365 10.000 80880.000
1.130 -3.481 7.943 10.000 80890.000
1.577 -3.560 7.920 10.000 80900.000
1.532 -4.022 7.735 10.000 80910.000
0.955 -4.558 7.472 10.000 80920.000
0.126 -5.604 7.024 10.000 80930.000
-1.216 -7.089 6.797 10.000 80940.000
-2.066 -8.190 6.730 10.000 80950.000
-3.387 -9.042 6.517 10.000 80960.000
-4.458 -9.385 6.488 9.000 80969.000
-4.929 -8.942 6.330 11.000 80980.000
-5.058 -8.676 6.026 10.000 80990.000
-4.716 -8.659 5.868 10.000 81000.000
-4.129 -8.767 5.549 10.000 81010.000
-3.543 -9.069 5.243 10.000 81020.000
-3.217 -9.248 4.850 10.000 81030.000
-2.710 -9.471 4.443 10.000 81040.000
-2.446 -9.569 4.197 10.000 81050.000
-2.358 -9.610 4.146 10.000 81060.000
-2.758 -9.730 4.355 10.000 81070.000
-3.339 -9.806 4.577 10.000 81080.000
-3.952 -9.983 4.778 10.000 81090.000
-4.390 -10.218 4.783 10.000 81100.000
-4.304 -10.395 4.721 10.000 81110.000
-4.122 -10.500 4.642 10.000 81120.000
-3.909 -10.505 4.584 10.000 81130.000
-3.588 -10.465 4.534 10.000 81140.000
-3.385 -10.347 4.525 10.000 81150.000
-3.186 -10.412 4.398 10.000 81160.000
-2.901 -10.493 4.338 10.000 81170.000
-2.724 -10.620 4.271 10.000 81180.000
-2.425 -10.611 4.192 10.000 81190.000
-2.102 -10.421 4.285 10.000 81200.000
-1.865 -10.216 4.311 10.000 81210.000
-1.508 -10.086 4.335 10.000 81220.000
-1.273 -10.093 4.371 10.000 81230.000
-0.974 -10.299 4.465 10.000 81240.000
-0.426 -10.625 4.623 10.000 81250.000
0.002 -10.874 4.783 10.000 81260.000
0.617 -10.922 4.671 10.000 81270.000
1.053 -10.840 4.462 10.000 81280.000
1.398 -10.381 3.794 10.000 81290.000
1.553 -10.043 3.289 10.000 81300.000
1.522 -9.907 3.057 10.000 81310.000
1.323 -9.900 2.760 11.000 81321.000
0.809 -10.194 2.791 9.000 81330.000
0.483 -10.366 2.659 10.000 81340.000
0.244 -10.591 2.473 10.000 81350.000
0.172 -10.687 2.351 10.000 81360.000
0.339 -10.802 2.190 12.000 81372.000
0.466 -10.965 1.970 8.000 81380.000
0.507 -11.075 1.805 10.000 81390.000
0.392 -11.202 1.632 10.000 81400.000
0.196 -11.267 1.565 10.000 81410.000
-0.205 -11.307 1.606 10.000 81420.000
-0.814 -11.240 1.716 10.000 81430.000
-1.266 -11.156 1.833 9.000 81439.000
-1.968 -10.852 2.070 11.000 81450.000
-2.705 -10.407 2.408 10.000 81460.000
-3.236 -10.070 2.676 10.000 81470.000
-4.101 -9.653 3.208 10.000 81480.000
-4.716 -9.457 3.620 10.000 81490.000
-5.291 -9.165 4.232 10.000 81500.000
-5.999 -8.657 5.104 10.000 81510.000
-6.375 -8.228 5.712 10.000 81520.000
-6.940 -7.742 6.528 10.000 81530.000
-7.264 -7.469 6.995 10.000 81540.000
-7.412 -7.141 7.139 10.000 81550.000
-8.054 -6.873 7.417 10.000 81560.000
-8.506 -6.663 7.486 9.000 81569.000
-8.839 -6.358 7.615 11.000 81580.000
-9.030 -6.198 7.718 10.000 81590.000
-8.729 -5.978 7.687 10.000 81600.000
-8.231 -5.762 7.481 10.000 81610.000
-7.852 -5.640 7.216 10.000 81620.000
-7.539 -5.638 6.883 10.000 81630.000
-7.256 -5.631 6.495 10.000 81640.000
-7.170 -5.619 6.282 10.000 81650.000
-7.173 -5.540 6.105 10.000 81660.000
-7.292 -5.468 6.086 10.000 81670.000
-7.417 -5.307 6.143 10.000 81680.000
-7.505 -5.106 6.181 10.000 81690.000
-7.505 -4.972 6.184 10.000 81700.000
-7.249 -4.759 6.038 10.000 81710.000
-6.785 -4.544 5.710 10.000 81720.000
-6.356 -4.369 5.401 10.000 81730.000
-6.485 -4.228 5.032 10.000 81740.000
-6.871 -4.165 4.812 10.000 81750.000
-7.608 -4.194 4.695 10.000 81760.000
-8.243 -4.122 4.460 10.000 81770.000
-8.319 -4.017 4.285 10.000 81780.000
-8.195 -3.797 4.127 10.000 81790.000
-7.891 -3.581 4.027 10.000 81800.000
-7.805 -3.457 3.888 10.000 81810.000
-7.862 -3.251 3.433 10.000 81820.000
-8.121 -3.160 2.961 10.000 81830.000
-8.341 -2.851 2.327 10.000 81840.000
-8.621 -2.434 1.910 10.000 81850.000
-8.757 -2.099 1.810 10.000 81860.000
-8.829 -1.805 1.891 10.000 81870.000
-8.939 -1.728 2.135 10.000 81880.000
-8.635 -1.702 2.566 10.000 81890.000
-8.628 -1.771 3.119 10.000 81900.000
-8.686 -1.800 3.490 10.000 81910.000
-9.423 -1.898 3.615 10.000 81920.000
-10.400 -2.063 3.490 10.000 81930.000
-11.276 -2.121 2.932 10.000 81940.000
-12.006 -2.078 2.092 10.000 81950.000
-12.057 -1.965 1.498 10.000 81960.000
-11.693 -1.836 0.890 11.000 81971.000
-11.133 -1.719 0.593 9.000 81980.000
-10.462 -1.850 0.392 10.000 81990.000
-9.612 -2.056 0.095 10.000 82000.000
-9.176 -2.279 -0.186 10.000 82010.000
-8.767 -2.583 -0.416 10.000 82020.000
-8.868 -2.609 -0.387 10.000 82030.000
-9.148 -2.561 -0.263 10.000 82040.000
-9.440 -2.116 -0.213 10.000 82050.000
-9.706 -1.589 -0.215 10.000 82060.000
-9.667 -0.998 -0.148 10.000 82070.000
-10.115 -0.395 -0.227 10.000 82080.000
-10.551 -0.189 -0.232 10.000 82090.000
-10.903 0.150 -0.213 10.000 82100.000
-10.891 0.574 -0.373 10.000 82110.000
-10.393 0.986 -0.387 10.000 82120.000
-10.014 1.537 -0.414 10.000 82130.000
-9.720 1.953 -0.464 10.000 82140.000
-10.070 2.183 -0.452 10.000 82150.000
-10.311 2.473 -0.519 10.000 82160.000
-10.433 2.624 -0.574 9.000 82169.000
-10.237 2.865 -0.821 11.000 82180.000
-9.811 3.016 -1.091 10.000 82190.000
-9.366 3.303 -1.323 10.000 82200.000
-9.210 3.744 -1.625 10.000 82210.000
-9.373 4.094 -1.735 10.000 82220.000
-9.665 4.515 -1.793 10.000 82230.000
-10.084 4.740 -1.810 10.000 82240.000
-9.952 4.865 -1.695 10.000 82250.000
-9.528 5.212 -1.668 10.000 82260.000
-8.975 5.487 -1.695 10.000 82270.000
-8.492 5.691 -1.790 10.000 82280.000
-8.276 5.793 -2.035 10.000 82290.000
-8.353 5.674 -2.190 10.000 82300.000
-8.255 5.573 -2.233 10.000 82310.000
-8.087 5.544 -2.207 10.000 82320.000
-8.066 5.552 -2.104 10.000 82330.000
-8.109 5.662 -1.879 10.000 82340.000
-8.327 5.753 -1.766 10.000 82350.000
-8.360 5.944 -1.546 10.000 82360.000
-8.240 6.148 -1.316 9.000 82369.000
-7.924 6.301 -1.218 11.000 82380.000
-7.860 6.361 -1.029 10.000 82390.000
-7.979 6.320 -0.948 10.000 82400.000
-8.355 6.145 -0.799 10.000 82410.000
-8.875 5.918 -0.567 10.000 82420.000
-9.143 5.784 -0.426 10.000 82430.000
-9.442 5.916 -0.270 10.000 82440.000
-9.485 6.181 -0.181 10.000 82450.000
-9.631 6.545 -0.083 10.000 82460.000
-9.780 6.952 0.112 10.000 82470.000
-9.897 7.094 0.294 10.000 82480.000
-9.916 7.031 0.646 10.000 82490.000
-9.821 6.871 0.914 10.000 82500.000
-9.823 6.596 1.261 10.000 82510.000
-9.804 6.289 1.587 10.000 82520.000
-9.883 6.186 1.742 10.000 82530.000
-9.732 6.064 1.924 10.000 82540.000
-9.303 5.978 1.996 10.000 82550.000
-8.896 5.923 2.090 10.000 82560.000
-8.406 5.928 2.310 9.000 82569.000
-8.145 5.951 2.504 11.000 82580.000
-8.058 6.009 2.774 10.000 82590.000
-7.963 5.951 2.990 10.000 82600.000
-7.951 5.834 3.078 10.000 82610.000
-7.888 5.401 3.074 10.000 82620.000
-7.829 4.970 2.925 10.000 82630.000
-7.687 4.434 2.820 10.000 82640.000
-7.309 3.864 2.719 10.000 82650.000
-6.981 3.610 2.712 10.000 82660.000
-6.493 3.361 2.724 10.000 82670.000
-6.016 3.284 2.750 10.000 82680.000
-5.777 3.241 2.772 10.000 82690.000
-5.453 3.143 2.856 10.000 82700.000
-5.291 3.040 2.920 10.000 82710.000
-5.073 2.930 3.208 10.000 82720.000
-4.771 2.743 3.665 10.000 82730.000
-4.553 2.612 4.060 10.000 82740.000
-4.259 2.492 4.520 10.000 82750.000
-4.098 2.427 4.754 10.000 82760.000
-3.981 2.504 4.821 9.000 82769.000
-3.936 2.535 4.908 11.000 82780.000
-3.967 2.554 4.929 10.000 82790.000
-4.046 2.530 4.970 10.000 82800.000
-4.182 2.516 5.054 10.000 82810.000
-4.247 2.547 5.118 10.000 82820.000
-4.345 2.647 5.159 10.000 82830.000
-4.395 2.791 5.181 10.000 82840.000
-4.532 2.832 5.125 10.000 82850.000
-4.745 2.846 5.027 10.000 82860.000
-4.924 2.791 4.953 10.000 82870.000
-5.128 2.789 4.714 10.000 82880.000
-5.228 2.815 4.505 10.000 82890.000
-5.183 2.877 4.149 10.000 82900.000
-5.183 3.074 3.517 10.000 82910.000
-5.159 3.217 3.050 10.000 82920.000
-5.504 3.294 2.516 10.000 82930.000
-5.944 3.402 1.845 10.000 82940.000
-6.339 3.375 1.450 10.000 82950.000
-6.811 3.301 0.945 10.000 82960.000
-6.914 3.294 0.507 10.000 82970.000
-7.113 3.318 0.459 10.000 82980.000
-7.309 3.442 0.356 10.000 82990.000
-7.429 3.615 0.363 10.000 83000.000
-7.682 3.780 0.387 10.000 83010.000
-7.814 3.873 0.349 10.000 83020.000
-8.030 3.928 0.227 10.000 83030.000
-8.295 4.048 0.014 10.000 83040.000
-8.427 4.175 -0.215 10.000 83050.000
-8.786 4.345 -0.380 10.000 83060.000
-9.215 4.343 -0.371 10.000 83070.000
-9.593 4.276 -0.270 10.000 83080.000
-9.993 3.986 0.002 10.000 83090.000
-10.165 3.653 0.210 10.000 83100.000
-10.043 3.371 0.260 11.000 83111.000
-9.823 3.447 -0.007 9.000 83120.000
-9.581 3.746 -0.447 9.000 83129.000
-9.452 4.118 -0.979 11.000 83140.000
-9.466 4.548 -1.388 10.000 83150.000
-9.646 4.422 -1.632 10.000 83160.000
-9.804 4.235 -1.927 10.000 83170.000
-9.849 3.976 -2.130 10.000 83180.000
-9.868 3.679 -2.387 10.000 83190.000
-9.821 3.581 -2.489 10.000 83200.000
-9.682 3.222 -2.655 10.000 83210.000
-9.325 2.952 -2.906 10.000 83220.000
-8.995 2.719 -3.105 10.000 83230.000
-8.583 2.324 -3.402 10.000 83240.000
-8.324 2.279 -3.694 10.000 83250.000
-8.283 2.145 -3.900 10.000 83260.000
-8.226 1.810 -4.110 10.000 83270.000
-8.250 1.637 -4.223 10.000 83280.000
-8.310 1.489 -4.127 10.000 83290.000
-8.379 1.072 -4.242 10.000 83300.000
-8.465 0.857 -4.352 10.000 83310.000
-8.444 0.363 -4.589 10.000 83320.000
-8.346 -0.181 -4.927 10.000 83330.000
-8.647 -0.481 -4.786 10.000 83340.000
-9.270 -0.780 -4.319 10.000 83350.000
-10.000 -0.802 -3.725 10.000 83360.000
-10.771 -1.197 -3.043 10.000 83370.000
-11.022 -1.613 -2.688 10.000 83380.000
-10.953 -2.030 -2.659 10.000 83390.000
-11.010 -2.683 -2.559 10.000 83400.000
-11.027 -2.964 -2.547 10.000 83410.000
-11.097 -3.502 -2.317 10.000 83420.000
-11.085 -4.096 -2.059 10.000 83430.000
-10.946 -4.453 -1.872 10.000 83440.000
-11.176 -5.178 -1.386 10.000 83450.000
-11.463 -5.602 -1.058 10.000 83460.000
-12.090 -6.289 -0.366 10.000 83470.000
-12.787 -7.067 0.598 10.000 83480.000
-13.115 -7.477 1.264 10.000 83490.000
-13.646 -7.891 2.351 10.000 83500.000
-13.898 -8.152 3.478 10.000 83510.000
-14.080 -8.322 4.333 10.000 83520.000
-13.977 -8.779 5.324 10.000 83530.000
-13.670 -9.232 5.894 10.000 83540.000
-13.239 -9.600 6.189 10.000 83550.000
-12.842 -9.871 6.837 10.000 83560.000
-12.729 -9.854 7.350 10.000 83570.000
-12.210 -9.823 8.190 10.000 83580.000
-11.836 -9.710 8.872 10.000 83590.000
-11.183 -9.641 9.459 10.000 83600.000
-11.810 -9.382 10.481 11.000 83611.000
-12.844 -9.138 11.176 8.000 83619.000
-11.894 -8.274 11.190 10.000 83629.000
-10.036 -7.232 10.647 10.000 83639.000
-6.897 -6.380 9.667 10.000 83649.000
-2.291 -5.561 8.228 11.000 83660.000
0.330 -5.363 7.469 10.000 83670.000
2.691 -5.497 6.880 9.000 83679.000
4.438 -5.837 6.526 10.000 83689.000
4.718 -6.143 6.631 10.000 83699.000
4.355 -5.992 7.077 10.000 83709.000
3.098 -5.741 7.651 10.000 83719.000
2.262 -5.195 8.434 10.000 83729.000
1.407 -4.513 8.973 10.000 83739.000
1.197 -4.288 9.172 10.000 83749.000
1.074 -4.048 9.133 10.000 83759.000
1.376 -3.782 8.779 10.000 83769.000
1.697 -3.653 8.669 10.000 83779.000
2.341 -3.478 8.331 10.000 83789.000
2.896 -3.318 8.231 10.000 83799.000
3.208 -3.251 7.970 11.000 83810.000
3.392 -2.987 7.874 10.000 83820.000
3.253 -2.770 8.006 10.000 83830.000
3.208 -2.315 8.312 10.000 83840.000
3.174 -1.881 8.652 10.000 83850.000
3.524 -1.577 8.789 10.000 83860.000
3.945 -1.331 8.906 10.000 83870.000
4.273 -1.321 8.848 10.000 83880.000
4.491 -1.414 8.832 10.000 83890.000
4.438 -1.493 8.822 10.000 83900.000
4.314 -1.515 8.832 10.000 83910.000
4.106 -1.673 8.798 10.000 83920.000
4.007 -1.728 8.724 10.000 83930.000
3.852 -1.941 8.599 10.000 83940.000
3.512 -1.805 8.535 10.000 83950.000
3.256 -1.532 8.513 10.000 83960.000
2.870 -0.926 8.544 10.000 83970.000
2.557 -0.244 8.657 10.000 83980.000
2.492 0.253 8.477 10.000 83990.000
2.614 1.022 8.128 10.000 84000.000
2.865 1.458 7.726 10.000 84010.000
3.110 2.106 7.041 10.000 84020.000
3.198 2.731 6.349 10.000 84030.000
3.100 3.086 5.827 10.000 84040.000
3.009 3.588 5.284 10.000 84050.000
2.925 3.878 5.023 10.000 84060.000
3.110 4.151 4.972 10.000 84070.000
3.483 4.343 4.874 10.000 84080.000
3.849 4.386 4.797 10.000 84090.000
4.352 4.264 4.800 10.000 84100.000
4.678 4.017 4.831 10.000 84110.000
4.805 4.175 4.893 10.000 84120.000
4.975 4.331 4.987 10.000 84130.000
5.008 4.651 5.001 10.000 84140.000
4.975 4.814 5.128 10.000 84150.000
4.831 4.424 5.425 10.000 84160.000
4.644 4.036 5.691 10.000 84170.000
4.381 3.560 6.059 10.000 84180.000
4.185 3.241 6.315 10.000 84190.000
4.115 3.153 6.337 10.000 84200.000
4.110 3.148 6.265 10.000 84210.000
4.182 3.232 6.090 10.000 84220.000
4.235 3.201 5.920 10.000 84230.000
4.280 3.169 5.832 10.000 84240.000
3.995 3.131 5.987 10.000 84250.000
3.610 3.160 6.181 10.000 84260.000
3.244 3.303 6.370 10.000 84270.000
2.810 3.296 6.569 10.000 84280.000
2.643 3.213 6.617 10.000 84290.000
2.516 3.112 6.775 10.000 84300.000
2.358 2.858 6.988 10.000 84310.000
2.267 2.755 7.192 10.000 84320.000
2.683 2.487 7.366 10.000 84330.000
2.808 2.185 7.556 10.000 84340.000
2.964 2.037 7.690 10.000 84350.000
2.449 1.783 7.979 10.000 84360.000
1.426 1.695 8.298 9.000 84369.000
0.667 1.254 8.707 11.000 84380.000
0.385 0.732 9.239 10.000 84390.000
0.773 0.316 9.615 10.000 84400.000
1.731 0.172 9.988 10.000 84410.000
2.777 0.363 10.108 10.000 84420.000
3.979 0.905 10.175 10.000 84430.000
5.427 1.517 10.374 10.000 84440.000
6.306 1.857 10.575 10.000 84450.000
7.127 2.212 10.467 10.000 84460.000
7.275 2.233 10.357 10.000 84470.000
7.177 2.183 10.115 10.000 84480.000
6.964 2.049 10.038 10.000 84490.000
6.809 1.900 10.271 10.000 84500.000
6.761 1.965 10.579 10.000 84510.000
7.067 2.391 10.783 11.000 84521.000
7.489 2.901 10.821 9.000 84530.000
8.224 3.651 10.840 10.000 84540.000
8.892 4.252 10.716 10.000 84550.000
9.107 4.297 10.527 10.000 84560.000
8.951 4.235 10.534 9.000 84569.000
8.482 3.933 10.560 10.000 84579.000
7.359 3.670 10.943 10.000 84589.000
5.841 3.742 11.587 10.000 84599.000
4.695 3.921 12.035 10.000 84609.000
3.897 4.374 12.009 11.000 84620.000
3.754 4.788 11.626 9.000 84629.000
4.537 4.958 10.690 10.000 84639.000
5.348 4.900 9.519 10.000 84649.000
5.810 4.570 8.822 10.000 84659.000
6.009 4.058 7.797 10.000 84669.000
5.774 3.648 7.235 10.000 84679.000
5.257 3.521 6.789 10.000 84689.000
4.692 3.512 6.224 10.000 84699.000
4.390 3.684 5.987 11.000 84710.000
3.950 3.713 5.667 10.000 84720.000
3.598 3.509 5.410 9.000 84729.000
3.294 3.189 5.274 10.000 84739.000
2.882 2.741 5.137 10.000 84749.000
2.609 2.437 5.085 10.000 84759.000
2.542 2.238 5.032 11.000 84770.000
2.645 2.001 4.922 10.000 84780.000
2.856 1.891 4.812 10.000 84790.000
3.148 1.793 4.697 10.000 84800.000
3.399 1.766 4.635 10.000 84810.000
3.471 1.752 4.608 10.000 84820.000
3.639 1.711 4.556 10.000 84830.000
3.725 1.659 4.508 9.000 84839.000
3.854 1.630 4.398 11.000 84850.000
3.943 1.709 4.345 10.000 84860.000
3.936 1.814 4.319 10.000 84870.000
3.909 2.044 4.323 10.000 84880.000
3.840 2.250 4.390 10.000 84890.000
3.842 2.537 4.328 10.000 84900.000
3.873 2.949 4.170 10.000 84910.000
3.924 3.236 3.981 10.000 84920.000
4.039 3.284 3.991 10.000 84930.000
4.132 3.169 4.094 10.000 84940.000
4.443 2.214 5.643 10.000 84950.000
4.687 1.750 7.292 10.000 84960.000
4.867 1.525 8.743 9.000 84969.000
5.030 2.398 9.524 11.000 84980.000
4.687 4.455 8.853 10.000 84990.000
4.412 6.021 8.082 10.000 85000.000
3.751 7.285 6.945 10.000 85010.000
3.107 7.450 6.478 10.000 85020.000
2.331 6.526 6.083 10.000 85030.000
1.640 5.695 6.679 10.000 85040.000
1.333 5.166 7.642 10.000 85050.000
1.651 5.604 8.408 10.000 85060.000
2.360 6.665 9.203 10.000 85070.000
3.761 7.285 8.336 10.000 85080.000
5.300 8.195 7.065 10.000 85090.000
6.215 8.137 5.990 10.000 85100.000
6.701 8.815 4.836 10.000 85110.000
5.544 9.066 4.963 10.000 85120.000
4.249 9.028 5.494 10.000 85130.000
2.348 8.233 6.282 10.000 85140.000
0.876 6.703 7.149 10.000 85150.000
0.694 6.217 7.170 10.000 85160.000
1.256 5.911 6.684 9.000 85169.000
2.425 6.361 5.942 11.000 85180.000
3.809 6.701 5.262 10.000 85190.000
4.769 6.770 4.817 10.000 85200.000
4.726 6.593 5.082 10.000 85210.000
4.453 6.469 5.355 10.000 85220.000
3.964 6.454 5.566 10.000 85230.000
3.433 6.502 5.729 10.000 85240.000
3.124 6.607 5.614 10.000 85250.000
3.045 6.660 5.492 10.000 85260.000
2.992 6.648 5.430 10.000 85270.000
2.983 6.574 5.415 10.000 85280.000
3.157 6.461 5.566 10.000 85290.000
3.392 6.303 5.738 11.000 85301.000
3.600 6.210 5.851 9.000 85310.000
3.809 6.200 5.774 10.000 85320.000
3.869 6.239 5.607 10.000 85330.000
3.751 6.342 5.516 10.000 85340.000
3.529 6.461 5.612 10.000 85350.000
3.306 6.497 5.896 10.000 85360.000
3.236 6.643 6.153 9.000 85369.000
3.301 6.670 6.143 11.000 85380.000
3.471 6.679 5.947 10.000 85390.000
3.639 6.622 5.619 10.000 85400.000
3.653 6.454 5.319 10.000 85410.000
3.610 6.430 5.176 10.000 85420.000
3.548 6.488 5.159 10.000 85430.000
3.488 6.612 5.274 10.000 85440.000
3.430 6.806 5.406 10.000 85450.000
3.414 6.957 5.549 10.000 85460.000
3.423 6.986 5.463 10.000 85470.000
3.406 6.981 5.355 10.000 85480.000
3.387 6.907 5.231 10.000 85490.000
3.406 6.744 5.219 10.000 85500.000
3.430 6.684 5.147 10.000 85510.000
3.481 6.658 5.097 10.000 85520.000
3.521 6.710 5.190 10.000 85530.000
3.524 6.852 5.171 10.000 85540.000
3.426 6.967 5.413 10.000 85550.000
3.344 6.967 5.576 10.000 85560.000
3.272 6.888 5.595 10.000 85570.000
3.232 6.200 5.861 10.000 85580.000
3.280 5.477 6.028 10.000 85590.000
3.687 5.710 5.468 10.000 85600.000
3.629 6.663 5.748 10.000 85610.000
3.541 8.224 5.781 10.000 85620.000
2.844 8.844 5.571 10.000 85630.000
1.771 8.623 6.167 10.000 85640.000
1.766 7.757 5.930 10.000 85650.000
2.020 7.043 5.564 10.000 85660.000
2.882 7.271 5.442 10.000 85670.000
3.560 7.539 4.951 11.000 85681.000
3.409 7.671 4.520 9.000 85690.000
2.999 7.649 4.218 10.000 85700.000
2.585 7.886 3.955 10.000 85710.000
2.355 8.082 4.060 10.000 85720.000
2.439 8.372 4.266 10.000 85730.000
2.537 8.540 4.541 10.000 85740.000
2.640 8.449 4.778 10.000 85750.000
2.715 8.240 5.030 10.000 85760.000
2.700 8.001 5.114 9.000 85769.000
2.664 7.991 4.869 11.000 85780.000
2.518 8.015 4.520 10.000 85790.000
2.401 8.157 4.156 10.000 85800.000
2.511 8.092 4.168 10.000 85810.000
2.652 7.953 4.474 10.000 85820.000
2.904 7.781 4.886 10.000 85830.000
2.973 7.668 5.248 10.000 85840.000
2.815 7.762 5.233 10.000 85850.000
2.626 7.869 5.145 10.000 85860.000
2.640 7.975 5.066 10.000 85870.000
2.837 8.020 5.037 10.000 85880.000
3.090 8.003 5.142 10.000 85890.000
3.351 7.939 5.286 10.000 85900.000
3.342 7.876 5.384 10.000 85910.000
3.296 7.888 5.207 10.000 85920.000
3.193 7.963 4.896 10.000 85930.000
3.040 8.068 4.584 10.000 85940.000
2.832 8.142 4.446 10.000 85950.000
2.659 8.142 4.582 10.000 85960.000
2.492 8.166 4.745 9.000 85969.000
2.375 8.159 4.908 11.000 85980.000
2.655 7.862 4.855 10.000 85990.000
2.659 8.054 4.797 10.000 86000.000
2.659 8.221 4.714 10.000 86010.000
2.791 8.372 4.383 12.000 86022.000
2.647 8.844 4.132 8.000 86030.000
2.758 8.676 4.060 10.000 86040.000
2.887 8.355 4.070 10.000 86050.000
2.885 8.051 4.326 11.000 86061.000
2.987 7.764 4.498 9.000 86070.000
3.224 7.623 4.462 10.000 86080.000
3.442 7.635 4.345 10.000 86090.000
3.634 7.563 4.271 10.000 86100.000
3.720 7.474 4.280 10.000 86110.000
3.653 7.603 4.278 10.000 86120.000
3.576 7.797 4.371 10.000 86130.000
3.526 8.075 4.422 10.000 86140.000
3.438 8.250 4.479 10.000 86150.000
3.390 8.212 4.582 10.000 86160.000
3.330 7.977 4.635 10.000 86170.000
3.241 7.829 4.680 10.000 86180.000
3.191 7.783 4.718 10.000 86190.000
3.165 7.735 4.649 10.000 86200.000
3.258 7.690 4.388 10.000 86210.000
3.380 7.558 4.134 10.000 86220.000
3.639 7.513 3.960 9.000 86229.000
3.873 7.469 3.892 11.000 86240.000
3.615 7.704 4.209 10.000 86250.000
3.292 7.814 4.254 10.000 86260.000
2.832 7.838 4.220 10.000 86270.000
2.899 8.125 4.012 10.000 86280.000
3.361 8.264 3.567 10.000 86290.000
4.010 8.398 3.701 10.000 86300.000
4.307 8.286 3.452 10.000 86310.000
4.077 7.910 3.378 10.000 86320.000
4.053 7.659 3.019 10.000 86330.000
4.374 7.343 2.255 10.000 86340.000
5.046 7.273 1.874 10.000 86350.000
5.805 7.273 1.604 10.000 86360.000
6.358 7.149 1.618 10.000 86370.000
6.095 7.402 1.824 10.000 86380.000
5.686 7.618 2.142 10.000 86390.000
5.190 7.764 2.351 10.000 86400.000
4.716 7.898 2.616 10.000 86410.000
4.592 7.848 2.786 10.000 86420.000
4.546 7.857 2.806 10.000 86430.000
4.458 7.850 2.906 10.000 86440.000
4.347 7.855 2.949 10.000 86450.000
4.220 7.843 3.050 10.000 86460.000
4.180 7.797 3.203 10.000 86470.000
4.182 7.769 3.275 10.000 86480.000
4.273 7.802 3.246 10.000 86490.000
4.381 7.852 3.160 10.000 86500.000
4.477 7.862 3.105 10.000 86510.000
4.568 7.793 3.066 10.000 86520.000
4.570 7.661 3.129 10.000 86530.000
4.627 7.580 3.236 10.000 86540.000
4.678 7.551 3.299 10.000 86550.000
4.716 7.637 3.411 10.000 86560.000
4.699 7.699 3.476 9.000 86569.000
4.627 7.711 3.495 11.000 86580.000
4.541 7.718 3.569 10.000 86590.000
4.522 7.709 3.514 10.000 86600.000
4.558 7.723 3.507 10.000 86610.000
4.685 7.678 3.483 10.000 86620.000
4.826 7.637 3.404 10.000 86630.000
4.924 7.551 3.409 10.000 86640.000
4.951 7.532 3.344 11.000 86651.000
4.886 7.572 3.296 9.000 86660.000
4.841 7.630 3.258 10.000 86670.000
4.788 7.714 3.198 10.000 86680.000
4.879 7.711 3.318 10.000 86690.000
4.924 7.714 3.421 10.000 86700.000
4.951 7.699 3.514 10.000 86710.000
4.932 7.647 3.538 10.000 86720.000
4.855 7.577 3.440 10.000 86730.000
4.824 7.503 3.359 10.000 86740.000
4.702 7.369 3.205 10.000 86750.000
4.625 7.273 3.122 10.000 86760.000
4.467 7.252 3.009 10.000 86770.000
4.493 7.386 2.882 10.000 86780.000
4.611 7.580 2.827 10.000 86790.000
4.860 7.752 2.712 10.000 86800.000
5.176 7.886 2.638 10.000 86810.000
5.197 7.776 2.638 10.000 86820.000
5.348 7.680 2.566 10.000 86830.000
5.367 7.606 2.554 10.000 86840.000
5.583 7.433 2.363 10.000 86850.000
5.705 7.161 2.202 10.000 86860.000
5.698 6.873 2.114 10.000 86870.000
5.592 6.629 2.243 10.000 86880.000
5.291 6.483 2.552 10.000 86890.000
5.051 6.732 2.999 10.000 86900.000
4.766 7.194 3.581 10.000 86910.000
4.580 7.613 3.945 10.000 86920.000
4.326 8.037 4.448 10.000 86930.000
4.213 8.255 4.721 10.000 86940.000
4.086 8.121 4.678 10.000 86950.000
3.962 7.893 4.678 10.000 86960.000
3.904 7.661 4.539 10.000 86970.000
3.751 7.417 4.750 10.000 86980.000
3.658 7.311 5.142 10.000 86990.000
3.464 7.319 5.621 10.000 87000.000
3.383 7.489 5.774 10.000 87010.000
3.397 7.671 5.578 10.000 87020.000
3.514 7.855 4.838 10.000 87030.000
3.936 7.888 3.667 10.000 87040.000
4.244 7.759 2.822 10.000 87050.000
4.814 7.560 2.070 10.000 87060.000
5.281 7.359 1.862 10.000 87070.000
5.827 7.350 2.068 10.000 87080.000
6.074 7.235 2.154 10.000 87090.000
6.059 7.189 2.147 10.000 87100.000
5.803 7.117 2.176 10.000 87110.000
5.262 6.986 2.092 10.000 87120.000
5.109 6.926 2.185 10.000 87130.000
5.044 7.149 2.659 9.000 87139.000
5.221 7.398 3.098 10.000 87149.000
5.274 7.450 3.371 10.000 87159.000
5.248 7.541 3.538 10.000 87169.000
5.133 7.350 3.325 10.000 87179.000
5.087 7.180 3.055 10.000 87189.000
5.166 7.206 2.949 10.000 87199.000
5.219 7.307 2.896 11.000 87210.000
5.243 7.390 2.896 9.000 87219.000
5.197 7.453 2.954 10.000 87229.000
5.202 7.501 3.239 10.000 87239.000
5.224 7.469 3.519 10.000 87249.000
5.250 7.443 3.655 10.000 87259.000
5.250 7.424 3.660 11.000 87270.000
5.200 7.419 3.438 9.000 87279.000
5.078 7.398 3.241 10.000 87289.000
4.967 7.445 3.141 10.000 87299.000
4.884 7.486 3.172 10.000 87309.000
4.802 7.532 3.265 10.000 87319.000
4.793 7.594 3.332 11.000 87330.000
4.788 7.558 3.531 10.000 87340.000
4.797 7.560 3.641 10.000 87350.000
4.805 7.558 3.689 10.000 87360.000
4.833 7.558 3.536 10.000 87370.000
4.869 7.599 3.246 10.000 87380.000
4.900 7.522 3.110 10.000 87390.000
4.941 7.445 3.153 10.000 87400.000
4.960 7.366 3.397 10.000 87410.000
5.023 7.321 3.636 10.000 87420.000
5.090 7.390 3.660 10.000 87430.000
5.147 7.460 3.505 10.000 87440.000
5.193 7.513 3.335 10.000 87450.000
5.195 7.532 3.169 10.000 87460.000
5.161 7.474 3.210 10.000 87470.000
5.116 7.405 3.234 10.000 87480.000
5.082 7.352 3.272 10.000 87490.000
5.078 7.335 3.363 10.000 87500.000
5.094 7.359 3.399 10.000 87510.000
5.133 7.450 3.485 10.000 87520.000
5.145 7.484 3.488 10.000 87530.000
5.128 7.481 3.438 10.000 87540.000
5.097 7.445 3.371 10.000 87550.000
5.037 7.340 3.344 10.000 87560.000
5.003 7.292 3.402 10.000 87570.000
5.015 7.264 3.466 10.000 87580.000
5.042 7.268 3.548 10.000 87590.000
5.061 7.273 3.471 10.000 87600.000
5.097 7.285 3.299 10.000 87610.000
5.087 7.278 3.119 10.000 87620.000
5.104 7.285 3.033 10.000 87630.000
5.147 7.307 3.031 10.000 87640.000
5.104 7.321 3.153 10.000 87650.000
5.061 7.299 3.241 10.000 87660.000
4.991 7.264 3.236 10.000 87670.000
4.989 7.266 3.289 10.000 87680.000
5.030 7.302 3.339 10.000 87690.000
5.070 7.374 3.423 10.000 87700.000
5.085 7.422 3.476 10.000 87710.000
5.032 7.431 3.471 10.000 87720.000
5.046 7.359 3.366 10.000 87730.000
5.073 7.242 3.241 10.000 87740.000
5.125 7.149 3.148 10.000 87750.000
5.161 7.079 3.141 10.000 87760.000
5.157 7.058 3.208 10.000 87770.000
5.149 7.094 3.294 10.000 87780.000
5.216 7.144 3.347 10.000 87790.000
5.300 7.170 3.313 10.000 87800.000
5.360 7.206 3.289 10.000 87810.000
5.355 7.182 3.227 10.000 87820.000
5.276 7.144 3.198 10.000 87830.000
5.204 7.086 3.191 10.000 87840.000
5.157 7.019 3.174 10.000 87850.000
5.209 7.065 3.289 10.000 87860.000
5.274 7.094 3.299 10.000 87870.000
5.331 7.141 3.287 10.000 87880.000
5.355 7.113 3.263 10.000 87890.000
5.334 7.019 3.145 10.000 87900.000
5.281 6.926 3.236 10.000 87910.000
5.272 6.885 3.246 10.000 87920.000
5.295 6.921 3.268 10.000 87930.000
5.200 7.041 3.227 10.000 87940.000
4.977 7.105 3.177 10.000 87950.000
4.711 7.117 3.208 10.000 87960.000
4.589 6.974 3.076 10.000 87970.000
4.587 6.746 3.007 11.000 87981.000
4.838 6.651 2.616 9.000 87990.000
5.102 6.840 2.703 10.000 88000.000
5.221 7.184 2.952 10.000 88010.000
5.415 7.596 3.031 10.000 88020.000
5.501 7.948 3.337 10.000 88030.000
5.470 7.824 3.275 10.000 88040.000
5.456 7.742 3.280 10.000 88050.000
5.367 7.594 3.454 10.000 88060.000
5.200 7.426 3.679 10.000 88070.000
5.137 7.450 3.797 10.000 88080.000
5.102 7.467 4.058 10.000 88090.000
4.910 7.563 4.398 10.000 88100.000
4.797 7.678 4.687 10.000 88110.000
4.685 7.831 4.821 10.000 88120.000
4.527 7.876 4.759 10.000 88130.000
4.525 7.843 4.618 10.000 88140.000
4.568 7.697 4.539 10.000 88150.000
4.611 7.513 4.616 10.000 88160.000
4.671 7.386 4.845 10.000 88170.000
4.759 7.388 4.891 10.000 88180.000
4.802 7.503 4.874 10.000 88190.000
4.996 7.668 4.776 10.000 88200.000
5.176 7.848 4.510 10.000 88210.000
5.303 7.867 4.187 10.000 88220.000
5.513 7.819 3.545 10.000 88230.000
5.573 7.721 2.985 10.000 88240.000
5.626 7.546 2.439 10.000 88250.000
5.506 7.165 2.166 10.000 88260.000
5.303 6.852 2.212 10.000 88270.000
5.178 6.756 2.511 10.000 88280.000
5.061 6.737 2.796 10.000 88290.000
5.178 7.007 3.081 10.000 88300.000
5.202 7.256 3.306 10.000 88310.000
5.147 7.287 3.277 10.000 88320.000
4.924 7.280 3.313 10.000 88330.000
4.663 7.220 3.318 10.000 88340.000
4.398 7.213 3.689 10.000 88350.000
4.285 7.115 4.098 10.000 88360.000
4.340 7.055 4.443 10.000 88370.000
4.776 6.957 4.503 10.000 88380.000
5.011 6.971 4.493 10.000 88390.000
5.092 7.077 4.446 10.000 88400.000
4.651 7.149 4.560 10.000 88410.000
