# Accelerometer Data File
# 
#
#
# sensor Vendor: Bosch
# sensor Name: BMA254
# sensor Resolution: 0.009576807m/sec^2; Max Range: 39.2; Min Delay: 10000 microseconds
# The sensor's attributes are the result hardware and the Android capabilities.
# It means that the Android may not utilize all features provided by the hardware.
#
# Some devices and Android versions save battery too much so the device may go to sleep.
# It just happens after couple of minutes from turning off the scree and it is easy to find it out.
#
# The following file provides the data from accelerometer in the m/s^2 format.
# The diff value is just a time delta between the samples
#
#
# data format:
# so we have 4 columns with values separated by the " "
# X Y Z time_from_previous_sample(ms)

# sensor speed set to:FASTEST
# units set to: m/sec^2
# gravity NOT filtered out
# Accuracy: HIGH
-2.011 -4.070 8.434 8.000 69110.000
-2.087 -4.077 8.353 12.000 69122.000
-2.190 -4.050 8.228 10.000 69132.000
-2.334 -3.983 8.109 9.000 69141.000
-2.439 -3.931 8.025 11.000 69152.000
-2.643 -3.904 7.915 8.000 69160.000
-2.820 -3.912 7.848 12.000 69172.000
-3.016 -3.998 7.809 10.000 69182.000
-3.248 -4.170 7.757 9.000 69191.000
-3.383 -4.316 7.730 10.000 69201.000
-3.572 -4.616 7.718 9.000 69210.000
-3.663 -4.855 7.718 12.000 69222.000
-3.734 -5.137 7.742 10.000 69232.000
-3.852 -5.396 7.783 9.000 69241.000
-3.914 -5.501 7.809 11.000 69252.000
-4.034 -5.477 7.977 8.000 69260.000
-4.247 -5.154 8.389 12.000 69272.000
-4.414 -4.855 8.784 10.000 69282.000
-4.623 -4.378 9.346 9.000 69291.000
-4.774 -4.031 9.768 10.000 69301.000
-4.711 -3.780 9.962 9.000 69310.000
-4.592 -3.555 10.070 12.000 69322.000
-4.431 -3.507 10.010 10.000 69332.000
-4.240 -3.478 9.904 9.000 69341.000
-4.151 -3.524 9.773 11.000 69352.000
-4.103 -3.509 9.703 9.000 69361.000
-4.019 -3.464 9.648 11.000 69372.000
-3.967 -3.399 9.639 10.000 69382.000
-3.957 -3.359 9.732 8.000 69390.000
-3.919 -3.363 9.914 12.000 69402.000
-3.916 -3.399 10.081 9.000 69411.000
-3.837 -3.433 10.228 11.000 69422.000
-3.715 -3.442 10.271 10.000 69432.000
-3.567 -3.390 10.223 8.000 69440.000
-3.416 -3.263 10.249 12.000 69452.000
-3.342 -3.138 10.297 10.000 69462.000
-3.251 -2.947 10.436 9.000 69471.000
-3.232 -2.806 10.601 11.000 69482.000
-3.160 -2.734 10.726 8.000 69490.000
-2.997 -2.612 10.845 12.000 69502.000
-2.851 -2.557 10.874 10.000 69512.000
-2.691 -2.351 10.884 9.000 69521.000
-2.585 -2.149 10.860 11.000 69532.000
-2.580 -1.793 10.862 8.000 69540.000
-2.578 -1.309 10.941 12.000 69552.000
-2.590 -0.976 11.039 10.000 69562.000
-2.578 -0.567 11.235 9.000 69571.000
-2.497 -0.237 11.523 11.000 69582.000
-2.413 -0.033 11.733 8.000 69590.000
-2.279 0.347 11.987 12.000 69602.000
-2.169 0.651 12.143 10.000 69612.000
-2.173 0.967 12.112 9.000 69621.000
-2.262 1.204 12.073 11.000 69632.000
-2.401 1.264 11.992 9.000 69641.000
-2.545 1.115 12.057 10.000 69651.000
-2.633 0.828 12.196 9.000 69660.000
-2.619 0.624 12.437 10.000 69670.000
-2.695 0.342 12.660 10.000 69680.000
-2.767 0.268 12.737 10.000 69690.000
-2.942 0.110 12.873 10.000 69700.000
-3.150 -0.083 12.983 13.000 69713.000
-3.268 -0.198 13.113 7.000 69720.000
-3.277 -0.205 13.215 12.000 69732.000
-3.184 -0.129 13.259 9.000 69741.000
-2.885 0.004 13.084 10.000 69751.000
-2.540 0.160 12.763 12.000 69763.000
-2.303 0.208 12.469 7.000 69770.000
-2.025 0.347 12.121 12.000 69782.000
-1.939 0.459 11.923 10.000 69792.000
-1.824 0.598 11.755 9.000 69801.000
-1.711 0.881 11.563 12.000 69813.000
-1.640 1.072 11.425 7.000 69820.000
-1.582 1.345 11.243 12.000 69832.000
-1.580 1.479 11.092 10.000 69842.000
-1.575 1.470 10.965 9.000 69851.000
-1.419 1.577 10.764 12.000 69863.000
-1.249 1.604 10.606 7.000 69870.000
-1.106 1.776 10.405 12.000 69882.000
-0.943 2.023 10.017 10.000 69892.000
-0.931 2.152 9.703 9.000 69901.000
-0.818 2.310 9.411 12.000 69913.000
-0.699 2.413 9.246 7.000 69920.000
-0.675 2.506 9.157 12.000 69932.000
-0.732 2.676 8.904 10.000 69942.000
-0.890 2.817 8.628 9.000 69951.000
-1.211 2.770 8.257 12.000 69963.000
-1.455 2.657 7.996 8.000 69971.000
-1.853 1.711 8.049 12.000 69983.000
-2.291 1.403 7.845 8.000 69991.000
-2.566 1.283 7.738 10.000 70001.000
-2.559 2.442 7.316 12.000 70013.000
-2.205 3.411 6.557 8.000 70021.000
-1.810 3.744 6.054 9.000 70030.000
-1.058 3.816 5.159 10.000 70040.000
-0.588 2.609 4.577 10.000 70050.000
0.172 2.446 4.091 12.000 70062.000
1.110 2.322 3.438 8.000 70070.000
1.692 2.458 3.177 11.000 70081.000
2.454 2.477 2.595 11.000 70092.000
2.810 2.398 2.106 8.000 70100.000
3.191 2.195 1.654 12.000 70112.000
3.586 1.970 1.101 10.000 70122.000
3.801 1.862 0.869 9.000 70131.000
4.144 1.781 0.682 11.000 70142.000
4.285 1.786 0.627 8.000 70150.000
4.431 1.838 0.854 12.000 70162.000
4.635 1.936 1.326 10.000 70172.000
4.711 2.008 1.752 9.000 70181.000
4.745 2.063 2.545 11.000 70192.000
4.407 2.032 3.359 8.000 70200.000
4.012 1.956 3.928 12.000 70212.000
3.418 1.707 4.623 10.000 70222.000
2.868 1.474 4.951 9.000 70231.000
2.636 1.249 5.406 10.000 70241.000
2.217 1.012 6.253 10.000 70251.000
1.996 0.948 6.976 12.000 70263.000
1.546 0.840 8.226 8.000 70271.000
0.972 0.972 9.351 10.000 70281.000
0.584 1.115 10.084 11.000 70292.000
0.335 1.577 10.749 9.000 70301.000
0.316 2.082 10.888 12.000 70313.000
0.591 2.451 10.747 8.000 70321.000
0.859 2.724 10.556 10.000 70331.000
0.988 2.679 10.431 11.000 70342.000
1.144 2.715 10.151 9.000 70351.000
0.964 2.767 9.574 11.000 70362.000
0.792 2.916 9.047 10.000 70372.000
0.682 3.114 8.650 8.000 70380.000
0.545 3.232 8.408 12.000 70392.000
0.407 3.641 8.564 10.000 70402.000
0.090 3.804 8.501 10.000 70412.000
-0.287 3.916 8.310 10.000 70422.000
-0.711 3.696 7.972 8.000 70430.000
-0.933 3.117 7.608 12.000 70442.000
-1.103 3.157 7.316 10.000 70452.000
-1.472 3.071 7.046 10.000 70462.000
-1.795 3.318 6.921 10.000 70472.000
-2.410 3.478 6.856 8.000 70480.000
-2.901 3.265 6.938 12.000 70492.000
-3.399 3.375 7.139 10.000 70502.000
-3.971 3.560 7.489 10.000 70512.000
-4.252 3.830 7.778 10.000 70522.000
-4.659 3.991 8.267 8.000 70530.000
-5.006 3.610 8.789 12.000 70542.000
-5.279 3.155 9.162 10.000 70552.000
-5.475 2.755 9.583 10.000 70562.000
-5.544 2.466 9.806 10.000 70572.000
-5.525 2.621 9.761 8.000 70580.000
-5.597 2.729 9.816 12.000 70592.000
-5.746 2.782 9.823 9.000 70601.000
-5.872 2.885 10.062 10.000 70611.000
-5.942 2.887 10.395 11.000 70622.000
-5.901 2.983 10.728 8.000 70630.000
-5.796 3.050 10.934 12.000 70642.000
-5.712 3.066 10.907 10.000 70652.000
-5.597 2.889 10.737 9.000 70661.000
-5.367 2.564 10.307 20.000 70681.000
-5.212 2.260 9.916 9.000 70690.000
-5.056 1.956 9.526 10.000 70700.000
-5.013 1.766 9.205 11.000 70711.000
-5.125 1.601 9.006 11.000 70722.000
-5.228 1.443 8.894 10.000 70732.000
-5.367 1.340 8.724 9.000 70741.000
-5.425 1.316 8.628 11.000 70752.000
-5.449 1.462 8.520 8.000 70760.000
-5.523 1.561 8.346 12.000 70772.000
-5.561 1.604 8.228 10.000 70782.000
-5.698 1.515 8.259 9.000 70791.000
-5.932 1.168 8.561 11.000 70802.000
-6.117 0.869 8.930 8.000 70810.000
-6.375 0.428 9.399 12.000 70822.000
-6.536 0.119 9.720 10.000 70832.000
-6.555 -0.057 9.876 9.000 70841.000
-6.641 -0.258 10.055 11.000 70852.000
-6.653 -0.318 10.134 8.000 70860.000
-6.804 -0.545 10.326 12.000 70872.000
-7.010 -0.737 10.462 10.000 70882.000
-7.091 -1.154 10.529 9.000 70891.000
-7.038 -1.623 10.869 11.000 70902.000
-6.847 -1.924 11.097 8.000 70910.000
-6.615 -2.145 11.403 12.000 70922.000
-6.385 -2.128 11.669 18.000 70940.000
-6.114 -2.284 11.571 10.000 70950.000
-5.844 -2.439 11.473 11.000 70961.000
-5.511 -2.930 11.291 11.000 70972.000
-5.147 -3.423 11.106 10.000 70982.000
-4.958 -3.691 11.013 8.000 70990.000
-4.661 -3.873 10.790 12.000 71002.000
-4.467 -3.801 10.572 9.000 71011.000
-4.422 -3.696 10.436 11.000 71022.000
-4.398 -3.758 10.201 10.000 71032.000
-4.481 -3.907 10.096 8.000 71040.000
-4.539 -4.098 9.871 12.000 71052.000
-4.649 -4.321 9.603 10.000 71062.000
-4.738 -4.376 9.433 9.000 71071.000
-4.908 -4.537 9.263 10.000 71081.000
-5.104 -4.654 9.212 10.000 71091.000
-5.236 -4.766 9.184 11.000 71102.000
-5.446 -4.936 9.141 17.000 71119.000
-5.592 -4.989 9.030 11.000 71130.000
-5.738 -5.042 8.920 10.000 71140.000
-5.822 -5.015 8.647 12.000 71152.000
-5.901 -4.843 8.394 10.000 71162.000
-5.963 -4.683 8.207 9.000 71171.000
-6.150 -4.371 8.204 11.000 71182.000
-6.349 -4.132 8.394 8.000 71190.000
-6.454 -3.794 8.741 11.000 71201.000
-6.493 -3.423 9.093 11.000 71212.000
-6.406 -3.203 9.260 9.000 71221.000
-6.313 -2.868 9.392 11.000 71232.000
-6.239 -2.719 9.361 9.000 71241.000
-6.184 -2.396 9.332 11.000 71252.000
-6.155 -1.848 9.370 10.000 71262.000
-6.133 -1.414 9.445 9.000 71271.000
-6.143 -0.842 9.490 11.000 71282.000
-6.181 -0.493 9.531 9.000 71291.000
-6.193 -0.368 9.504 11.000 71302.000
-6.248 -0.086 9.449 10.000 71312.000
-6.272 0.057 9.423 8.000 71320.000
-6.569 0.466 9.457 12.000 71332.000
-7.024 0.950 9.593 10.000 71342.000
-7.436 1.276 9.758 9.000 71351.000
-7.659 1.647 9.856 12.000 71363.000
-7.627 1.766 9.892 7.000 71370.000
-7.132 1.968 9.615 12.000 71382.000
-6.607 2.296 9.157 10.000 71392.000
-6.272 2.578 8.767 9.000 71401.000
-5.877 2.863 8.475 12.000 71413.000
-5.714 3.031 8.437 7.000 71420.000
-5.580 3.071 8.578 12.000 71432.000
-5.327 3.179 8.707 10.000 71442.000
-5.133 3.284 8.738 9.000 71451.000
-4.860 3.406 8.772 11.000 71462.000
-4.400 3.598 8.757 8.000 71470.000
-4.060 3.722 8.755 12.000 71482.000
-3.713 4.103 8.695 10.000 71492.000
-3.651 4.548 8.650 9.000 71501.000
-3.775 4.924 8.652 12.000 71513.000
-3.904 5.489 8.908 7.000 71520.000
-4.041 5.798 9.222 12.000 71532.000
-4.134 6.145 9.531 10.000 71542.000
-4.331 6.627 9.962 9.000 71551.000
-4.522 6.919 10.139 12.000 71563.000
-4.699 7.232 10.218 8.000 71571.000
-4.788 7.388 10.242 11.000 71582.000
-4.680 7.371 9.957 10.000 71592.000
-4.472 7.429 9.792 9.000 71601.000
-4.278 7.465 9.725 12.000 71613.000
-4.027 7.587 9.454 7.000 71620.000
-3.869 7.747 9.370 11.000 71631.000
-3.864 7.857 8.954 11.000 71642.000
-3.981 8.006 8.511 8.000 71650.000
-4.156 8.068 8.271 13.000 71663.000
-4.309 8.058 7.975 7.000 71670.000
-4.343 7.972 7.515 11.000 71681.000
-4.254 7.848 7.082 11.000 71692.000
-3.957 7.568 6.430 8.000 71700.000
-3.682 7.359 5.837 12.000 71712.000
-3.229 7.208 5.432 10.000 71722.000
-2.686 7.003 4.898 8.000 71730.000
-2.351 6.952 4.582 12.000 71742.000
-1.778 6.746 4.072 17.000 71759.000
-1.139 6.505 3.433 11.000 71770.000
-0.313 6.342 2.602 11.000 71781.000
0.512 6.179 1.771 11.000 71792.000
1.283 6.119 0.962 8.000 71800.000
1.917 6.076 0.402 13.000 71813.000
2.274 6.009 0.162 8.000 71821.000
2.554 5.868 -0.213 10.000 71831.000
2.652 5.779 -0.416 11.000 71842.000
2.434 5.461 -0.521 8.000 71850.000
2.135 4.972 -0.404 12.000 71862.000
1.912 4.558 -0.150 10.000 71872.000
1.642 4.000 0.196 9.000 71881.000
1.513 3.687 0.512 11.000 71892.000
1.419 3.533 0.445 8.000 71900.000
1.589 3.301 0.342 13.000 71913.000
1.807 3.213 0.146 8.000 71921.000
2.130 3.052 -0.153 10.000 71931.000
2.518 2.858 -0.191 11.000 71942.000
2.643 2.743 -0.193 9.000 71951.000
2.880 2.659 -0.011 11.000 71962.000
3.011 2.647 0.272 10.000 71972.000
3.229 2.561 0.828 8.000 71980.000
3.699 2.331 1.474 12.000 71992.000
4.055 2.070 1.936 10.000 72002.000
4.144 1.697 2.815 10.000 72012.000
4.127 1.441 3.323 10.000 72022.000
3.258 0.869 4.177 8.000 72030.000
2.118 0.129 6.153 12.000 72042.000
1.247 -0.497 7.711 10.000 72052.000
0.361 -0.881 9.516 10.000 72062.000
0.435 -0.919 11.104 10.000 72072.000
0.780 -0.790 11.571 8.000 72080.000
1.055 -0.833 12.289 12.000 72092.000
1.345 -1.120 12.761 10.000 72102.000
1.508 -0.991 13.151 10.000 72112.000
1.881 -0.442 13.551 10.000 72122.000
2.324 0.277 13.699 8.000 72130.000
2.791 1.228 13.342 14.000 72144.000
3.026 1.877 12.847 6.000 72150.000
2.923 2.020 12.196 11.000 72161.000
2.995 1.977 11.018 11.000 72172.000
3.043 1.704 10.345 8.000 72180.000
3.114 1.240 9.572 12.000 72192.000
3.002 0.730 8.846 10.000 72202.000
2.715 0.407 8.647 9.000 72211.000
2.312 0.253 8.609 11.000 72222.000
1.886 0.292 8.671 8.000 72230.000
1.747 0.584 8.882 11.000 72241.000
1.687 0.871 9.495 11.000 72252.000
1.742 0.988 9.947 8.000 72260.000
1.781 1.065 10.917 12.000 72272.000
1.843 1.019 11.836 8.000 72280.000
1.889 0.919 12.303 11.000 72291.000
2.166 0.727 12.593 11.000 72302.000
2.461 0.577 12.366 8.000 72310.000
3.019 0.548 12.006 12.000 72322.000
3.325 1.108 11.549 10.000 72332.000
3.399 1.759 11.269 9.000 72341.000
3.203 2.633 10.936 11.000 72352.000
2.743 3.385 10.735 8.000 72360.000
2.365 2.738 11.063 12.000 72372.000
2.384 2.104 11.470 10.000 72382.000
2.674 1.247 11.930 9.000 72391.000
2.621 1.165 12.289 11.000 72402.000
2.676 1.953 12.267 8.000 72410.000
1.711 2.925 12.004 12.000 72422.000
0.387 3.780 11.932 10.000 72432.000
-0.593 3.859 11.961 9.000 72441.000
-1.879 4.050 12.057 11.000 72452.000
-2.542 4.046 12.315 8.000 72460.000
-3.253 4.805 12.308 12.000 72472.000
-2.695 5.147 11.963 10.000 72482.000
-1.833 5.377 11.552 9.000 72491.000
-0.225 5.300 10.886 11.000 72502.000
2.051 3.950 10.223 9.000 72511.000
3.059 3.016 9.897 11.000 72522.000
3.993 1.426 9.342 10.000 72532.000
4.180 0.143 9.040 9.000 72541.000
4.036 -0.766 8.655 11.000 72552.000
3.852 -1.204 8.228 9.000 72561.000
3.742 -0.986 8.032 11.000 72572.000
3.351 -0.083 8.001 10.000 72582.000
3.031 1.072 8.125 8.000 72590.000
2.221 1.999 8.279 12.000 72602.000
0.837 2.875 8.492 10.000 72612.000
-0.265 3.066 8.540 9.000 72621.000
-1.510 3.162 8.631 11.000 72632.000
-2.207 2.822 8.628 8.000 72640.000
-2.329 2.533 8.566 12.000 72652.000
-2.451 2.303 8.678 10.000 72662.000
-2.432 2.169 8.748 9.000 72671.000
-2.473 2.470 8.973 11.000 72682.000
-2.554 2.961 9.047 8.000 72690.000
-2.636 3.392 8.947 12.000 72702.000
-2.940 3.761 8.705 10.000 72712.000
-3.545 3.555 8.329 9.000 72721.000
-4.110 3.160 8.104 11.000 72732.000
-5.197 2.379 7.869 8.000 72740.000
-6.062 1.661 7.776 12.000 72752.000
-6.876 1.154 7.714 10.000 72762.000
-7.850 0.790 7.773 9.000 72771.000
-8.303 0.811 7.843 11.000 72782.000
-9.150 1.048 8.092 8.000 72790.000
-9.706 1.407 8.394 12.000 72802.000
-10.319 1.731 8.267 10.000 72812.000
-10.737 2.015 7.967 9.000 72821.000
-10.761 2.085 7.489 11.000 72832.000
-10.654 2.087 6.854 9.000 72841.000
-10.328 1.982 6.526 11.000 72852.000
-10.070 1.884 6.375 10.000 72862.000
-9.727 1.613 6.550 9.000 72871.000
-9.516 1.410 6.880 11.000 72882.000
-9.447 0.873 7.457 17.000 72899.000
-9.346 0.363 8.111 11.000 72910.000
-9.217 0.203 7.891 11.000 72921.000
-9.088 0.043 7.671 9.000 72930.000
-8.985 0.237 6.284 10.000 72940.000
-8.717 0.823 4.958 10.000 72950.000
-8.561 1.233 4.180 10.000 72960.000
-8.216 1.628 3.720 10.000 72970.000
-7.704 2.001 4.180 10.000 72980.000
-8.010 1.446 4.888 10.000 72990.000
-9.344 0.864 6.200 11.000 73001.000
-10.867 0.296 7.194 10.000 73011.000
-12.155 0.778 8.336 9.000 73020.000
-12.440 2.964 8.104 11.000 73031.000
-11.698 5.176 7.268 10.000 73041.000
-10.900 7.096 5.621 10.000 73051.000
-10.338 7.967 3.825 11.000 73062.000
-10.565 7.103 2.786 8.000 73070.000
-10.575 5.451 1.838 11.000 73081.000
-10.639 4.091 1.702 10.000 73091.000
-10.201 2.849 1.824 10.000 73101.000
-9.481 2.178 2.173 11.000 73112.000
-9.057 2.770 2.477 8.000 73120.000
-8.975 3.562 2.406 12.000 73132.000
-9.397 4.237 2.075 10.000 73142.000
-9.557 5.025 1.759 9.000 73151.000
-9.615 5.109 1.405 11.000 73162.000
-9.330 4.991 1.426 9.000 73171.000
-9.188 5.049 1.405 11.000 73182.000
-9.308 4.994 1.369 14.000 73196.000
-9.615 5.521 1.343 4.000 73200.000
-10.103 6.016 1.388 10.000 73210.000
-10.448 6.337 1.477 11.000 73221.000
-10.718 6.845 1.616 11.000 73232.000
-10.826 7.000 1.738 10.000 73242.000
-10.749 7.244 2.097 8.000 73250.000
-10.603 7.369 2.480 12.000 73262.000
-10.532 7.307 2.813 9.000 73271.000
-10.405 7.271 3.320 10.000 73281.000
-10.132 7.335 3.675 11.000 73292.000
-9.928 7.520 4.005 8.000 73300.000
-9.519 7.824 4.383 13.000 73313.000
-9.165 8.101 4.587 8.000 73321.000
-8.719 7.855 5.185 10.000 73331.000
-8.219 7.788 6.014 11.000 73342.000
-7.924 7.601 6.794 8.000 73350.000
-7.644 7.682 6.962 13.000 73363.000
-7.603 8.130 6.579 8.000 73371.000
-7.548 8.214 5.664 10.000 73381.000
-7.457 8.276 4.759 11.000 73392.000
-7.352 8.070 4.467 8.000 73400.000
-7.323 7.757 4.508 13.000 73413.000
-7.364 7.627 4.850 8.000 73421.000
-7.613 7.378 5.473 10.000 73431.000
-7.881 7.110 6.088 11.000 73442.000
-8.073 6.950 6.370 9.000 73451.000
-8.257 6.526 6.622 12.000 73463.000
-8.245 6.062 6.588 8.000 73471.000
-8.214 5.616 6.562 10.000 73481.000
-8.276 5.008 6.528 11.000 73492.000
-8.346 4.663 6.526 9.000 73501.000
-8.552 4.326 6.593 11.000 73512.000
-8.540 3.909 6.816 8.000 73520.000
-8.434 3.655 7.046 11.000 73531.000
-8.317 3.421 7.213 11.000 73542.000
-8.087 3.361 7.307 9.000 73551.000
-7.984 3.124 7.247 11.000 73562.000
-7.659 2.865 7.129 8.000 73570.000
-7.345 2.588 7.074 10.000 73580.000
-6.813 2.547 7.031 12.000 73592.000
-6.347 2.748 6.936 10.000 73602.000
-6.102 2.971 6.897 10.000 73612.000
-5.686 2.736 6.586 8.000 73620.000
-5.487 2.264 6.263 10.000 73630.000
-5.111 1.929 5.683 12.000 73642.000
-4.467 1.790 4.867 10.000 73652.000
-3.995 2.109 4.323 10.000 73662.000
-3.416 2.382 3.596 8.000 73670.000
-3.040 2.533 3.174 10.000 73680.000
-2.846 2.499 2.822 12.000 73692.000
-2.628 2.564 2.276 10.000 73702.000
-2.518 2.674 1.915 10.000 73712.000
-2.331 2.911 1.364 8.000 73720.000
-2.231 3.136 0.981 11.000 73731.000
-2.011 3.275 0.701 11.000 73742.000
-1.855 3.342 0.351 10.000 73752.000
-1.776 3.282 0.191 10.000 73762.000
-1.692 3.198 0.059 8.000 73770.000
-1.788 3.160 -0.011 10.000 73780.000
-1.683 3.299 0.028 18.000 73798.000
-1.577 3.438 0.069 2.000 73800.000
-1.477 3.600 0.081 10.000 73810.000
-1.340 3.670 0.031 12.000 73822.000
-1.398 3.653 0.040 8.000 73830.000
-1.455 3.636 0.050 12.000 73842.000
-1.491 3.847 0.191 10.000 73852.000
-1.527 4.094 0.426 9.000 73861.000
-1.522 4.527 0.679 11.000 73872.000
-1.417 5.058 1.158 10.000 73882.000
-1.333 5.363 1.505 9.000 73891.000
-1.419 5.791 2.023 11.000 73902.000
-1.709 6.265 2.662 8.000 73910.000
-2.099 6.641 3.076 12.000 73922.000
-2.566 7.098 3.665 10.000 73932.000
-2.863 7.431 4.084 9.000 73941.000
-3.100 7.520 4.362 11.000 73952.000
-3.519 7.575 4.707 8.000 73960.000
-3.861 7.548 4.876 12.000 73972.000
-4.268 7.524 5.027 10.000 73982.000
-4.896 7.551 5.336 9.000 73991.000
-5.341 7.611 5.578 11.000 74002.000
-5.712 7.841 5.978 12.000 74014.000
-5.770 8.032 6.567 13.000 74027.000
-5.446 8.166 6.895 3.000 74030.000
-4.924 7.994 7.364 10.000 74040.000
-4.477 7.651 7.675 12.000 74052.000
-4.278 7.572 7.726 8.000 74060.000
-4.079 7.493 7.776 10.000 74070.000
-4.218 7.781 7.575 12.000 74082.000
-4.402 7.795 6.979 9.000 74091.000
-4.587 7.582 6.473 11.000 74102.000
-5.104 7.261 5.710 9.000 74111.000
-5.820 6.924 4.903 11.000 74122.000
-6.490 6.859 4.491 10.000 74132.000
-7.493 6.845 4.304 9.000 74141.000
-8.164 6.938 4.376 11.000 74152.000
-9.021 6.878 5.001 9.000 74161.000
-10.022 6.584 5.743 10.000 74171.000
-10.690 6.239 6.260 11.000 74182.000
-11.142 5.841 6.878 8.000 74190.000
-11.070 5.554 7.096 12.000 74202.000
-10.709 5.367 7.268 10.000 74212.000
-10.347 4.927 7.486 9.000 74221.000
-10.201 4.539 7.603 11.000 74232.000
-9.648 4.027 7.615 8.000 74240.000
-9.133 2.825 7.606 12.000 74252.000
-8.619 1.877 7.551 10.000 74262.000
-8.360 -0.397 8.542 9.000 74271.000
-8.508 -2.547 9.639 11.000 74282.000
-8.118 -2.398 10.407 8.000 74290.000
-7.996 -2.154 10.802 12.000 74302.000
-7.618 -0.584 10.151 10.000 74312.000
-7.264 0.270 9.299 9.000 74321.000
-7.556 -0.349 8.724 9.000 74330.000
-7.601 -1.594 8.755 10.000 74340.000
-7.790 -2.743 8.904 12.000 74352.000
-7.955 -3.177 9.253 10.000 74362.000
-7.934 -3.648 9.423 9.000 74371.000
-7.891 -3.591 9.361 11.000 74382.000
-7.520 -3.897 9.313 8.000 74390.000
-7.084 -4.359 9.469 12.000 74402.000
-6.835 -4.783 9.804 10.000 74412.000
-6.418 -5.169 9.943 12.000 74424.000
-6.186 -5.286 9.950 6.000 74430.000
-5.829 -5.339 9.734 10.000 74440.000
-5.521 -5.623 9.895 12.000 74452.000
-5.379 -5.947 10.251 10.000 74462.000
-5.185 -6.385 10.773 9.000 74471.000
-5.030 -6.739 11.293 11.000 74482.000
-4.826 -6.861 11.437 9.000 74491.000
-4.522 -6.928 11.532 11.000 74502.000
-4.271 -6.880 11.463 10.000 74512.000
-4.072 -6.461 11.372 8.000 74520.000
-3.703 -6.083 11.101 12.000 74532.000
-3.435 -5.760 10.879 10.000 74542.000
-3.011 -5.444 10.390 9.000 74551.000
-2.911 -5.336 9.799 12.000 74563.000
-2.980 -5.188 9.387 7.000 74570.000
-3.390 -4.970 8.925 12.000 74582.000
-3.955 -4.745 8.729 10.000 74592.000
-4.374 -4.637 8.578 9.000 74601.000
-4.788 -4.443 8.386 12.000 74613.000
-4.862 -4.319 8.245 7.000 74620.000
-5.125 -4.129 8.262 12.000 74632.000
-5.310 -3.979 8.379 10.000 74642.000
-5.693 -3.790 8.681 9.000 74651.000
-6.083 -3.313 9.172 12.000 74663.000
-6.284 -2.901 9.504 7.000 74670.000
-6.641 -2.269 9.832 12.000 74682.000
-6.859 -1.541 10.254 10.000 74692.000
-7.070 -1.101 10.486 9.000 74701.000
-7.115 -0.557 10.848 11.000 74712.000
-7.005 -0.234 11.214 9.000 74721.000
-6.660 0.004 11.238 11.000 74732.000
-6.311 0.356 11.276 10.000 74742.000
-5.911 0.708 11.276 17.000 74759.000
-5.511 1.060 11.276 11.000 74770.000
-4.910 1.364 11.377 16.000 74786.000
-4.299 1.618 11.379 4.000 74790.000
-3.904 1.769 11.291 10.000 74800.000
-3.746 1.898 11.401 13.000 74813.000
-3.969 1.939 11.516 8.000 74821.000
-4.197 1.893 11.860 11.000 74832.000
-4.237 1.769 12.011 15.000 74847.000
-4.041 1.666 11.963 3.000 74850.000
-3.691 1.359 11.791 10.000 74860.000
-3.122 1.154 11.379 10.000 74870.000
-2.806 1.029 11.195 16.000 74886.000
-2.489 0.905 11.010 13.000 74899.000
-2.188 0.955 10.982 11.000 74910.000
-2.030 1.041 11.070 10.000 74920.000
-1.805 1.125 11.125 11.000 74931.000
-1.376 1.276 11.068 11.000 74942.000
-1.086 1.455 10.979 8.000 74950.000
-0.531 1.637 10.771 13.000 74963.000
0.234 1.991 10.551 8.000 74971.000
0.797 2.279 10.443 10.000 74981.000
1.367 2.779 10.486 11.000 74992.000
1.316 3.078 10.663 8.000 75000.000
1.055 3.205 10.852 13.000 75013.000
0.517 3.390 10.994 8.000 75021.000
-0.088 3.442 10.857 18.000 75039.000
-0.366 3.610 10.462 11.000 75050.000
-0.644 3.778 10.067 10.000 75060.000
-0.811 4.216 9.588 12.000 75072.000
-0.919 4.572 9.236 9.000 75081.000
-1.295 4.022 8.748 9.000 75090.000
-1.333 3.222 7.558 10.000 75100.000
-1.204 2.094 6.500 12.000 75112.000
-0.924 2.504 5.157 10.000 75122.000
-0.818 4.153 3.679 8.000 75130.000
-1.051 6.052 2.904 12.000 75142.000
-1.929 8.121 2.001 8.000 75150.000
-2.959 8.652 1.383 11.000 75161.000
-4.046 8.485 1.321 11.000 75172.000
-5.499 7.939 1.520 8.000 75180.000
-6.306 7.223 1.845 12.000 75192.000
-7.043 6.208 2.738 10.000 75202.000
-7.340 5.530 3.567 9.000 75211.000
-7.026 5.078 4.417 9.000 75220.000
-6.514 4.568 5.238 10.000 75230.000
-6.071 4.357 5.492 12.000 75242.000
-4.946 4.156 5.631 10.000 75252.000
-3.521 4.264 5.078 19.000 75271.000
-2.286 4.467 4.043 9.000 75280.000
-1.051 4.671 3.009 12.000 75292.000
-0.751 4.797 1.963 9.000 75301.000
-0.998 4.570 1.529 11.000 75312.000
-1.254 4.304 1.606 10.000 75322.000
-1.357 4.058 1.817 8.000 75330.000
-1.206 3.878 2.154 12.000 75342.000
-0.852 3.694 2.628 18.000 75360.000
-0.497 3.509 3.102 10.000 75370.000
-0.397 3.576 3.670 11.000 75381.000
-0.553 3.502 4.783 12.000 75393.000
-0.909 3.632 5.556 8.000 75401.000
-1.465 3.713 6.567 10.000 75411.000
-1.920 3.524 7.350 11.000 75422.000
-2.145 3.385 7.654 8.000 75430.000
-2.130 3.172 8.097 12.000 75442.000
-1.917 3.007 8.303 10.000 75452.000
-1.881 2.971 8.602 8.000 75460.000
-1.819 3.026 8.834 12.000 75472.000
-2.250 3.186 9.030 10.000 75482.000
-2.782 3.404 9.131 10.000 75492.000
-3.136 3.493 9.138 10.000 75502.000
-3.292 3.861 8.894 8.000 75510.000
-3.418 4.175 8.513 12.000 75522.000
-3.445 4.431 8.228 10.000 75532.000
-3.598 4.599 7.912 9.000 75541.000
-3.950 4.486 7.848 11.000 75552.000
-4.039 4.151 7.862 8.000 75560.000
-4.137 3.821 8.020 12.000 75572.000
-4.108 3.579 8.209 10.000 75582.000
-4.103 3.248 8.501 9.000 75591.000
-4.137 3.165 8.748 11.000 75602.000
-4.072 2.849 8.889 8.000 75610.000
-4.022 2.317 9.112 12.000 75622.000
-3.948 1.874 9.232 10.000 75632.000
-3.976 1.295 9.536 9.000 75641.000
-4.161 0.711 10.031 11.000 75652.000
-4.331 0.342 10.445 8.000 75660.000
-4.692 -0.371 10.984 12.000 75672.000
-4.951 -0.948 11.338 10.000 75682.000
-5.173 -1.539 11.532 9.000 75691.000
-5.221 -2.123 11.719 12.000 75703.000
-5.078 -2.363 11.781 8.000 75711.000
-4.893 -2.367 11.896 10.000 75721.000
-4.678 -2.126 11.942 13.000 75734.000
-4.517 -2.310 12.231 7.000 75741.000
-4.182 -2.655 12.452 11.000 75752.000
-3.888 -3.234 12.619 9.000 75761.000
-3.332 -3.916 12.548 11.000 75772.000
-2.947 -4.201 12.124 11.000 75783.000
-2.736 -4.326 11.769 7.000 75790.000
-2.664 -4.709 11.437 11.000 75801.000
-2.853 -4.989 11.343 9.000 75810.000
-2.935 -5.293 11.463 11.000 75821.000
-3.016 -5.597 11.583 9.000 75830.000
-3.143 -5.741 11.686 18.000 75848.000
-3.270 -5.884 11.789 2.000 75850.000
-3.454 -5.983 11.793 10.000 75860.000
-3.600 -5.999 11.971 11.000 75871.000
-3.442 -5.973 12.143 11.000 75882.000
-3.284 -5.947 12.315 8.000 75890.000
-3.014 -5.825 12.650 12.000 75902.000
-2.782 -5.784 12.813 10.000 75912.000
-2.468 -5.410 12.933 9.000 75921.000
-2.446 -4.845 13.043 18.000 75939.000
-3.014 -4.350 13.182 12.000 75951.000
-2.774 -4.132 13.069 12.000 75963.000
-2.736 -4.192 13.000 7.000 75970.000
-1.929 -4.809 12.847 11.000 75981.000
-0.646 -5.453 12.502 11.000 75992.000
0.363 -5.245 12.035 8.000 76000.000
0.993 -4.620 11.056 14.000 76014.000
1.146 -3.629 10.170 6.000 76020.000
1.108 -2.779 9.059 10.000 76030.000
0.536 -2.504 8.322 10.000 76040.000
0.088 -2.908 8.202 9.000 76049.000
-0.447 -3.476 8.702 15.000 76064.000
-0.792 -3.902 9.428 5.000 76069.000
-1.197 -4.007 10.773 10.000 76079.000
-0.969 -2.918 11.559 12.000 76091.000
-0.653 -1.666 11.724 9.000 76100.000
0.129 -0.076 11.645 10.000 76110.000
0.972 1.192 10.946 9.000 76119.000
1.505 1.568 11.353 10.000 76129.000
2.090 2.044 11.446 10.000 76139.000
2.207 2.183 11.784 10.000 76149.000
1.932 2.408 12.088 12.000 76161.000
1.589 2.595 11.741 9.000 76170.000
0.775 2.952 12.114 9.000 76179.000
-0.260 3.801 12.787 10.000 76189.000
-0.905 4.565 13.493 11.000 76200.000
-1.948 5.252 14.298 10.000 76210.000
-2.571 5.669 14.695 9.000 76219.000
-2.997 4.963 14.707 10.000 76229.000
-2.959 4.460 14.425 10.000 76239.000
-2.521 4.034 14.044 12.000 76251.000
-1.800 3.758 13.330 9.000 76260.000
-0.749 4.132 12.452 10.000 76270.000
-0.162 4.302 11.868 10.000 76280.000
0.462 4.417 11.054 9.000 76289.000
0.804 4.381 10.572 11.000 76300.000
0.591 3.093 9.976 10.000 76310.000
0.670 3.459 9.141 10.000 76320.000
0.711 3.881 8.535 9.000 76329.000
0.351 4.584 7.984 10.000 76339.000
0.244 6.521 7.800 10.000 76349.000
-0.478 6.184 8.039 11.000 76360.000
-1.278 5.940 8.226 9.000 76369.000
-1.678 5.413 8.358 12.000 76381.000
-2.099 5.161 8.214 8.000 76389.000
-2.068 5.762 7.627 10.000 76399.000
-1.960 6.270 7.094 11.000 76410.000
-1.781 6.823 6.256 9.000 76419.000
-1.580 7.101 5.693 10.000 76429.000
-1.503 7.086 4.946 10.000 76439.000
-1.479 6.988 3.981 10.000 76449.000
-1.527 6.845 3.320 11.000 76460.000
-1.781 6.579 2.636 9.000 76469.000
-2.039 6.373 2.394 10.000 76479.000
-2.272 6.203 2.540 10.000 76489.000
-2.557 5.925 2.449 10.000 76499.000
-2.636 5.770 2.382 11.000 76510.000
-2.650 5.808 2.075 9.000 76519.000
-2.638 5.894 1.599 10.000 76529.000
-2.315 6.370 1.333 10.000 76539.000
-2.011 6.505 1.474 10.000 76549.000
-1.771 6.445 1.855 11.000 76560.000
-1.443 6.330 2.250 9.000 76569.000
-1.168 5.817 2.473 10.000 76579.000
-0.873 5.647 2.288 10.000 76589.000
-0.387 5.226 2.245 10.000 76599.000
0.234 4.800 2.224 13.000 76612.000
0.651 4.489 2.401 8.000 76620.000
1.587 3.976 3.141 9.000 76629.000
2.331 3.715 3.739 11.000 76640.000
2.681 3.394 4.469 10.000 76650.000
2.736 2.822 5.432 11.000 76661.000
2.272 2.451 5.832 9.000 76670.000
1.687 1.807 6.703 12.000 76682.000
1.273 1.283 7.407 8.000 76690.000
1.012 0.885 8.681 10.000 76700.000
0.524 0.648 9.789 10.000 76710.000
0.155 0.684 10.426 10.000 76720.000
-0.160 0.919 10.907 10.000 76730.000
-0.335 1.278 10.587 10.000 76740.000
-0.090 1.513 10.424 10.000 76750.000
0.210 1.838 10.137 10.000 76760.000
0.459 1.965 10.005 10.000 76770.000
0.725 2.011 9.861 10.000 76780.000
0.545 1.989 9.653 16.000 76796.000
0.308 1.877 9.569 4.000 76800.000
-0.028 1.898 9.555 12.000 76812.000
-0.383 2.001 9.552 8.000 76820.000
-0.536 2.030 9.727 10.000 76830.000
-0.758 1.994 9.928 10.000 76840.000
-0.881 1.824 10.060 10.000 76850.000
-0.921 2.006 10.070 27.000 76877.000
-0.842 1.752 9.861 3.000 76880.000
-0.644 1.271 9.588 10.000 76890.000
-0.445 0.790 9.315 11.000 76901.000
-0.325 -0.148 9.071 11.000 76912.000
-0.409 -0.660 8.971 10.000 76922.000
-0.543 -0.881 8.908 8.000 76930.000
-0.768 -1.209 8.829 12.000 76942.000
-0.995 -1.431 8.844 10.000 76952.000
-1.319 -1.572 8.918 10.000 76962.000
-1.695 -1.714 9.117 10.000 76972.000
-1.980 -1.747 9.332 8.000 76980.000
-2.418 -1.757 9.651 12.000 76992.000
-2.624 -1.733 9.878 10.000 77002.000
-2.719 -1.517 9.964 10.000 77012.000
-2.583 -1.139 10.038 10.000 77022.000
-2.293 -0.785 10.010 8.000 77030.000
-1.886 -0.483 9.967 12.000 77042.000
-1.623 -0.471 10.187 10.000 77052.000
-1.592 -0.622 10.419 9.000 77061.000
-1.932 -0.964 10.924 11.000 77072.000
-2.389 -1.254 11.444 8.000 77080.000
-2.734 -1.467 11.350 13.000 77093.000
-3.107 -1.735 11.530 8.000 77101.000
-3.110 -1.812 11.437 10.000 77111.000
-3.227 -1.594 11.738 11.000 77122.000
-3.371 -1.355 12.406 10.000 77132.000
-3.236 -0.629 12.322 10.000 77142.000
-2.219 -0.179 11.583 12.000 77154.000
-1.086 -0.023 10.448 8.000 77162.000
0.569 -0.174 9.409 9.000 77171.000
1.977 -0.756 8.848 9.000 77180.000
2.111 -1.651 9.433 11.000 77191.000
1.563 -2.810 10.347 11.000 77202.000
0.490 -3.663 11.166 8.000 77210.000
-0.684 -4.596 12.054 20.000 77230.000
-1.115 -4.809 12.469 10.000 77240.000
-0.423 -4.278 12.552 12.000 77252.000
0.268 -3.746 12.636 8.000 77260.000
0.907 -3.414 12.761 12.000 77272.000
0.672 -3.890 13.160 10.000 77282.000
-0.002 -4.848 13.560 7.000 77289.000
-1.110 -5.779 13.984 12.000 77301.000
-2.063 -6.430 14.298 8.000 77309.000
-2.700 -6.196 14.331 10.000 77319.000
-3.296 -5.975 14.334 12.000 77331.000
-3.459 -5.781 14.312 14.000 77345.000
-3.845 -5.662 14.106 4.000 77349.000
-4.082 -5.346 13.567 12.000 77361.000
-4.359 -5.015 13.060 12.000 77373.000
-4.783 -4.347 12.449 11.000 77384.000
-4.984 -3.605 12.023 6.000 77390.000
-5.295 -3.191 11.930 9.000 77399.000
-5.499 -2.578 11.614 11.000 77410.000
-5.556 -2.303 11.401 11.000 77421.000
-5.458 -1.759 10.910 14.000 77435.000
-5.195 -1.292 10.409 5.000 77440.000
-5.171 -0.682 10.223 11.000 77451.000
-5.193 0.215 10.194 12.000 77463.000
-5.370 0.845 10.443 8.000 77471.000
-5.274 1.570 10.740 10.000 77481.000
-5.046 1.953 10.946 9.000 77490.000
-4.548 2.085 10.862 11.000 77501.000
-4.070 2.339 10.742 12.000 77513.000
-3.864 2.497 10.575 9.000 77522.000
-3.406 2.652 10.412 10.000 77532.000
-3.098 3.201 10.177 9.000 77541.000
-2.770 3.627 9.979 11.000 77552.000
-2.861 4.259 10.050 13.000 77565.000
-3.203 4.893 10.117 6.000 77571.000
-3.593 5.204 10.568 9.000 77580.000
-3.993 5.772 10.831 10.000 77590.000
-3.974 6.133 10.824 13.000 77603.000
-4.084 6.459 10.709 8.000 77611.000
-4.211 6.859 10.414 10.000 77621.000
-4.328 7.003 10.307 11.000 77632.000
-4.774 6.967 10.280 8.000 77640.000
-4.987 6.909 10.529 15.000 77655.000
-5.212 6.672 10.778 5.000 77660.000
-5.279 6.442 10.881 10.000 77670.000
-5.018 6.392 10.903 11.000 77681.000
-4.699 6.169 10.809 10.000 77691.000
-4.381 5.947 10.716 10.000 77701.000
-3.608 5.540 10.503 10.000 77711.000
-2.346 5.073 10.096 9.000 77720.000
-0.902 4.879 9.306 14.000 77734.000
0.541 4.685 8.516 5.000 77739.000
1.302 4.620 7.948 16.000 77755.000
1.575 4.616 7.575 5.000 77760.000
1.527 4.537 7.532 11.000 77771.000
1.479 4.458 7.489 12.000 77783.000
1.757 4.369 7.496 12.000 77795.000
1.996 4.079 7.656 6.000 77801.000
2.214 3.821 7.817 9.000 77810.000
2.075 2.896 8.212 11.000 77821.000
1.680 2.030 8.599 10.000 77831.000
1.467 2.308 8.801 10.000 77841.000
1.479 2.059 8.726 11.000 77852.000
1.848 2.475 8.418 9.000 77861.000
2.722 3.189 7.378 12.000 77873.000
3.452 2.959 6.373 7.000 77880.000
4.139 3.177 4.994 10.000 77890.000
4.996 3.394 3.052 10.000 77900.000
5.319 3.821 2.027 15.000 77915.000
5.643 4.247 1.003 5.000 77920.000
5.360 4.673 0.742 12.000 77932.000
4.908 5.099 1.043 10.000 77942.000
4.613 4.685 1.185 9.000 77951.000
4.319 4.271 1.326 11.000 77962.000
4.553 3.773 1.544 8.000 77970.000
4.855 3.354 1.702 16.000 77986.000
5.027 3.270 1.833 5.000 77991.000
5.171 3.138 2.030 11.000 78002.000
5.202 3.292 2.114 9.000 78011.000
5.166 3.366 2.257 9.000 78020.000
5.154 3.572 2.509 12.000 78032.000
5.171 3.825 2.695 10.000 78042.000
5.248 3.866 2.923 8.000 78050.000
5.298 3.694 3.177 12.000 78062.000
5.324 3.390 3.323 8.000 78070.000
5.252 3.004 3.502 12.000 78082.000
5.128 2.710 3.562 10.000 78092.000
4.987 2.676 3.610 8.000 78100.000
4.884 2.667 3.596 12.000 78112.000
4.879 2.738 3.548 9.000 78121.000
4.893 2.827 3.459 9.000 78130.000
4.953 2.911 3.426 16.000 78146.000
4.975 2.971 3.454 4.000 78150.000
4.979 3.153 3.500 12.000 78162.000
4.965 3.318 3.586 8.000 78170.000
5.023 3.488 3.722 11.000 78181.000
5.094 3.557 3.950 13.000 78194.000
5.183 3.505 4.161 6.000 78200.000
5.264 3.409 4.390 12.000 78212.000
5.272 3.265 4.501 10.000 78222.000
5.214 3.347 4.527 9.000 78231.000
5.046 3.471 4.637 11.000 78242.000
4.886 3.639 4.728 8.000 78250.000
4.604 3.734 4.750 11.000 78261.000
4.371 3.706 4.764 9.000 78270.000
4.244 3.493 4.515 10.000 78280.000
4.041 2.099 5.635 12.000 78292.000
3.960 0.778 6.825 8.000 78300.000
2.025 -1.012 9.749 13.000 78313.000
1.467 -0.047 12.294 8.000 78321.000
0.986 2.097 13.469 10.000 78331.000
1.146 6.016 13.050 11.000 78342.000
3.160 10.405 10.898 8.000 78350.000
3.888 11.334 8.714 13.000 78363.000
3.931 11.429 6.859 8.000 78371.000
3.332 9.751 6.598 10.000 78381.000
2.743 8.049 6.256 15.000 78396.000
2.068 7.192 6.502 5.000 78401.000
2.343 7.189 6.133 10.000 78411.000
2.750 6.943 5.714 10.000 78421.000
3.397 6.806 5.930 13.000 78434.000
4.043 6.670 6.145 6.000 78440.000
4.424 6.512 6.648 10.000 78450.000
4.857 6.634 7.084 13.000 78463.000
4.963 6.727 7.015 9.000 78472.000
5.068 6.821 6.945 12.000 78484.000
4.817 7.139 6.598 6.000 78490.000
4.019 7.307 6.279 10.000 78500.000
3.301 7.417 5.913 14.000 78514.000
2.432 7.630 5.736 7.000 78521.000
1.920 7.618 5.837 9.000 78530.000
1.941 7.850 5.959 12.000 78542.000
2.164 7.936 5.973 10.000 78552.000
2.537 7.920 5.798 10.000 78562.000
2.925 7.711 5.623 9.000 78571.000
3.141 7.374 5.516 9.000 78580.000
3.222 7.398 5.389 12.000 78592.000
3.265 7.436 5.327 10.000 78602.000
3.294 7.666 5.264 9.000 78611.000
3.313 7.723 5.339 10.000 78621.000
3.287 7.524 5.465 9.000 78630.000
3.299 7.311 5.528 12.000 78642.000
3.335 7.295 5.339 10.000 78652.000
3.380 7.450 5.013 9.000 78661.000
3.284 7.728 4.836 10.000 78671.000
3.179 7.884 4.795 12.000 78683.000
3.050 7.843 5.006 9.000 78692.000
3.076 7.627 5.102 10.000 78702.000
3.222 7.331 5.123 8.000 78710.000
3.445 7.275 4.999 10.000 78720.000
3.629 7.295 4.838 11.000 78731.000
3.658 7.489 4.793 10.000 78741.000
3.541 7.659 4.932 11.000 78752.000
3.550 7.522 4.685 8.000 78760.000
3.598 7.311 4.474 11.000 78771.000
3.904 6.940 4.369 10.000 78781.000
4.357 6.593 4.079 10.000 78791.000
4.295 6.967 4.220 11.000 78802.000
4.110 7.196 4.465 8.000 78810.000
3.667 7.587 4.604 12.000 78822.000
3.280 7.800 4.716 10.000 78832.000
3.035 7.635 4.987 9.000 78841.000
2.913 7.613 5.154 11.000 78852.000
2.825 7.568 5.370 10.000 78862.000
2.681 7.699 5.612 10.000 78872.000
2.923 7.599 5.363 10.000 78882.000
3.248 7.376 5.035 9.000 78891.000
3.541 7.177 4.659 11.000 78902.000
3.651 7.029 4.539 9.000 78911.000
3.552 6.957 4.716 11.000 78922.000
3.210 7.089 5.049 10.000 78932.000
2.899 7.316 5.396 9.000 78941.000
2.770 7.493 5.487 11.000 78952.000
2.724 7.522 5.628 8.000 78960.000
2.863 7.603 5.372 12.000 78972.000
2.971 7.589 5.102 10.000 78982.000
2.908 7.510 5.248 9.000 78991.000
2.762 7.580 5.343 11.000 79002.000
2.535 7.706 5.616 9.000 79011.000
2.463 7.824 5.839 11.000 79022.000
2.561 8.006 5.645 10.000 79032.000
2.952 7.979 5.147 8.000 79040.000
3.399 7.762 4.793 12.000 79052.000
3.775 7.378 4.374 9.000 79061.000
4.010 7.053 4.089 10.000 79071.000
3.952 6.936 4.108 11.000 79082.000
3.818 6.983 4.271 8.000 79090.000
3.600 7.206 4.548 12.000 79102.000
3.495 7.352 4.671 10.000 79112.000
3.332 7.457 4.759 9.000 79121.000
3.246 7.398 4.704 11.000 79132.000
3.148 7.369 4.750 8.000 79140.000
3.145 7.448 4.383 12.000 79152.000
3.201 7.568 4.050 9.000 79161.000
3.524 7.455 3.517 10.000 79171.000
3.859 7.311 2.882 11.000 79182.000
4.019 6.969 2.959 8.000 79190.000
3.646 6.861 3.679 12.000 79202.000
3.004 6.986 4.601 18.000 79220.000
2.497 7.376 5.348 10.000 79230.000
2.197 7.762 5.719 10.000 79240.000
2.408 7.876 5.571 9.000 79249.000
2.619 7.991 5.422 11.000 79260.000
2.698 7.805 5.468 9.000 79269.000
2.707 7.781 5.647 12.000 79281.000
2.741 7.793 5.702 12.000 79293.000
2.710 7.802 5.779 6.000 79299.000
2.676 7.848 5.837 11.000 79310.000
2.511 7.836 5.951 9.000 79319.000
2.255 7.788 6.124 13.000 79332.000
2.063 7.742 6.275 7.000 79339.000
1.891 7.733 6.368 10.000 79349.000
1.819 7.733 6.368 11.000 79360.000
1.958 7.764 6.270 10.000 79370.000
3.134 7.841 5.228 12.000 79382.000
4.290 7.881 4.244 7.000 79389.000
4.683 7.723 3.433 10.000 79399.000
4.955 7.570 2.662 11.000 79410.000
4.355 7.187 3.035 9.000 79419.000
4.101 6.430 3.327 11.000 79430.000
4.611 5.872 3.447 9.000 79439.000
4.441 6.007 4.283 11.000 79450.000
4.362 6.327 4.635 10.000 79460.000
3.936 7.022 5.068 9.000 79469.000
3.265 7.771 5.351 12.000 79481.000
3.275 7.829 4.917 9.000 79490.000
2.839 7.857 5.003 10.000 79500.000
2.571 7.881 5.003 11.000 79511.000
2.547 7.850 5.154 9.000 79520.000
2.652 7.776 5.209 10.000 79530.000
2.949 7.728 5.027 10.000 79540.000
3.126 7.613 4.984 10.000 79550.000
3.327 7.448 4.903 10.000 79560.000
3.399 7.326 4.917 9.000 79569.000
3.529 7.225 4.982 21.000 79590.000
3.610 7.196 4.994 10.000 79600.000
3.670 7.201 5.027 9.000 79609.000
3.730 7.206 5.061 10.000 79619.000
3.768 7.144 5.015 11.000 79630.000
3.811 7.019 4.970 10.000 79640.000
3.852 6.912 4.941 9.000 79649.000
3.895 6.842 4.922 11.000 79660.000
3.902 6.818 4.932 9.000 79669.000
3.869 6.921 4.946 11.000 79680.000
3.871 6.651 4.896 9.000 79689.000
3.871 6.342 4.836 10.000 79699.000
4.283 6.382 4.513 11.000 79710.000
4.730 6.358 4.185 10.000 79720.000
4.328 6.991 4.446 10.000 79730.000
3.734 7.570 4.711 10.000 79740.000
2.729 7.800 5.240 10.000 79750.000
1.802 8.092 5.906 10.000 79760.000
2.114 7.776 5.734 16.000 79776.000
2.616 7.513 5.556 4.000 79780.000
3.368 7.252 5.264 10.000 79790.000
4.041 6.928 4.836 10.000 79800.000
4.182 6.890 4.809 10.000 79810.000
4.254 6.859 4.886 10.000 79820.000
4.077 6.825 5.078 11.000 79831.000
3.873 6.804 5.264 9.000 79840.000
3.778 6.823 5.363 10.000 79850.000
3.763 6.892 5.360 10.000 79860.000
3.727 6.955 5.389 10.000 79870.000
3.718 7.005 5.422 9.000 79879.000
3.703 7.034 5.449 11.000 79890.000
3.675 7.053 5.492 10.000 79900.000
3.667 7.079 5.504 10.000 79910.000
3.569 7.101 5.475 11.000 79921.000
3.476 7.144 5.453 10.000 79931.000
3.342 7.137 5.442 9.000 79940.000
3.253 7.139 5.403 10.000 79950.000
3.256 7.146 5.406 15.000 79965.000
3.268 7.132 5.300 7.000 79972.000
3.380 7.067 5.106 9.000 79981.000
3.447 6.993 4.939 11.000 79992.000
3.531 6.916 4.824 9.000 80001.000
3.605 6.861 4.817 11.000 80012.000
3.538 6.924 4.991 10.000 80022.000
3.378 7.024 5.204 9.000 80031.000
3.201 7.127 5.365 9.000 80040.000
3.002 7.182 5.607 10.000 80050.000
2.887 7.173 5.726 10.000 80060.000
2.978 7.065 5.693 10.000 80070.000
3.189 6.950 5.552 10.000 80080.000
3.421 6.883 5.329 10.000 80090.000
3.629 6.794 5.075 10.000 80100.000
3.725 6.766 4.936 10.000 80110.000
3.806 6.746 4.814 9.000 80119.000
3.830 6.682 4.805 10.000 80129.000
3.878 6.639 4.826 10.000 80139.000
3.794 6.730 4.946 10.000 80149.000
3.526 6.885 5.190 11.000 80160.000
3.315 7.086 5.322 9.000 80169.000
3.078 7.259 5.506 10.000 80179.000
2.973 7.297 5.592 10.000 80189.000
3.045 7.218 5.628 12.000 80201.000
3.095 7.187 5.676 10.000 80211.000
3.172 7.184 5.671 10.000 80221.000
3.256 7.175 5.626 9.000 80230.000
3.311 7.196 5.604 11.000 80241.000
3.387 7.170 5.571 8.000 80249.000
3.526 7.084 5.456 11.000 80260.000
3.658 7.005 5.382 10.000 80270.000
3.718 6.967 5.389 10.000 80280.000
3.593 6.964 5.533 10.000 80290.000
3.406 7.022 5.758 10.000 80300.000
3.222 7.113 5.961 12.000 80312.000
3.040 7.182 6.076 13.000 80325.000
3.066 7.244 6.069 6.000 80331.000
3.102 7.323 5.942 11.000 80342.000
3.136 7.369 5.837 10.000 80352.000
3.272 7.309 5.561 9.000 80361.000
3.430 7.163 5.250 11.000 80372.000
3.579 7.000 5.058 9.000 80381.000
3.708 6.864 4.970 11.000 80392.000
3.734 6.833 5.051 8.000 80400.000
3.648 6.907 5.288 10.000 80410.000
3.500 6.976 5.516 13.000 80423.000
3.371 7.019 5.640 7.000 80430.000
3.248 7.050 5.729 10.000 80440.000
3.193 7.034 5.683 10.000 80450.000
3.074 6.936 5.638 10.000 80460.000
3.093 6.950 5.418 9.000 80469.000
3.105 6.976 5.233 10.000 80479.000
3.107 6.936 5.312 12.000 80491.000
3.236 6.981 5.401 8.000 80499.000
3.141 6.883 5.729 12.000 80511.000
3.165 6.806 6.076 8.000 80519.000
3.198 6.797 6.160 10.000 80529.000
3.076 6.868 5.904 10.000 80539.000
3.040 6.971 5.583 10.000 80549.000
2.932 7.151 5.068 11.000 80560.000
3.069 7.259 4.345 9.000 80569.000
3.361 7.285 3.962 12.000 80581.000
3.993 7.273 3.720 9.000 80590.000
4.529 7.127 3.675 9.000 80599.000
4.821 7.053 3.837 11.000 80610.000
5.087 7.029 4.055 9.000 80619.000
5.013 7.043 4.132 10.000 80629.000
4.994 7.096 4.271 11.000 80640.000
4.958 7.105 4.424 9.000 80649.000
4.948 7.065 4.522 11.000 80660.000
4.797 7.029 4.661 9.000 80669.000
4.639 6.991 4.716 10.000 80679.000
4.469 7.125 4.666 10.000 80689.000
4.335 7.290 4.630 12.000 80701.000
4.343 7.450 4.553 8.000 80709.000
4.264 7.656 4.438 10.000 80719.000
4.173 7.548 4.520 11.000 80730.000
4.046 7.410 4.587 10.000 80740.000
3.912 7.074 4.963 10.000 80750.000
3.864 6.694 5.377 10.000 80760.000
3.438 6.268 5.595 10.000 80770.000
3.495 6.308 5.561 10.000 80780.000
3.560 6.545 5.219 10.000 80790.000
3.718 6.799 4.975 10.000 80800.000
4.295 7.283 4.821 10.000 80810.000
4.170 7.275 5.133 10.000 80820.000
3.902 7.335 5.422 9.000 80829.000
3.541 7.378 5.614 10.000 80839.000
3.155 7.390 5.803 10.000 80849.000
2.947 7.369 5.767 11.000 80860.000
2.882 7.280 5.753 9.000 80869.000
2.978 7.149 5.650 10.000 80879.000
3.098 7.048 5.549 10.000 80889.000
3.373 6.986 5.432 11.000 80900.000
3.550 6.835 5.391 10.000 80910.000
3.567 6.727 5.439 9.000 80919.000
3.536 6.624 5.607 10.000 80929.000
3.390 6.540 5.803 10.000 80939.000
3.380 6.687 5.822 10.000 80949.000
3.531 6.785 5.734 11.000 80960.000
3.730 6.878 5.525 9.000 80969.000
3.890 6.940 5.372 10.000 80979.000
3.916 6.914 5.415 10.000 80989.000
3.782 6.936 5.566 10.000 80999.000
3.629 6.955 5.686 11.000 81010.000
3.514 7.005 5.750 9.000 81019.000
3.493 7.005 5.741 10.000 81029.000
3.485 6.988 5.714 10.000 81039.000
3.497 6.974 5.719 10.000 81049.000
3.533 6.940 5.686 11.000 81060.000
3.572 6.904 5.631 9.000 81069.000
3.576 6.890 5.585 11.000 81080.000
3.562 6.864 5.573 9.000 81089.000
3.524 6.856 5.600 10.000 81099.000
3.509 6.828 5.566 11.000 81110.000
3.545 6.758 5.449 9.000 81119.000
3.600 6.701 5.298 10.000 81129.000
3.742 6.471 5.197 10.000 81139.000
3.859 6.263 5.157 10.000 81149.000
4.039 6.038 5.106 11.000 81160.000
3.751 6.153 5.386 29.000 81189.000
3.378 6.440 5.616 10.000 81199.000
3.107 6.770 5.853 11.000 81210.000
2.825 7.096 6.102 9.000 81219.000
3.009 7.082 6.021 11.000 81230.000
3.208 7.113 5.968 9.000 81239.000
3.157 6.969 5.779 10.000 81249.000
3.411 6.794 5.643 41.000 81290.000
3.598 6.646 5.537 10.000 81300.000
3.770 6.452 5.403 10.000 81310.000
4.067 6.433 5.434 10.000 81320.000
3.979 6.502 5.501 9.000 81329.000
3.936 6.631 5.513 11.000 81340.000
3.852 6.756 5.480 9.000 81349.000
3.790 6.837 5.410 11.000 81360.000
3.754 6.856 5.300 9.000 81369.000
3.739 6.789 5.214 10.000 81379.000
3.801 6.684 5.171 10.000 81389.000
3.904 6.531 5.082 10.000 81399.000
3.981 6.440 5.035 11.000 81410.000
4.084 6.370 4.929 9.000 81419.000
4.163 6.358 4.879 10.000 81429.000
4.201 6.394 4.874 10.000 81439.000
4.252 6.488 4.917 10.000 81449.000
4.276 6.560 5.018 12.000 81461.000
4.216 6.641 5.137 8.000 81469.000
4.197 6.754 5.178 10.000 81479.000
4.165 6.809 5.171 10.000 81489.000
4.149 6.833 5.135 10.000 81499.000
4.204 6.833 5.027 11.000 81510.000
4.256 6.818 5.058 9.000 81519.000
4.268 6.782 5.137 10.000 81529.000
4.266 6.777 5.245 10.000 81539.000
4.288 6.756 5.288 10.000 81549.000
4.254 6.725 5.181 11.000 81560.000
4.261 6.715 5.025 9.000 81569.000
4.249 6.701 4.989 10.000 81579.000
4.213 6.703 5.018 10.000 81589.000
4.220 6.751 5.216 10.000 81599.000
4.173 6.768 5.415 11.000 81610.000
4.144 6.789 5.494 9.000 81619.000
4.096 6.792 5.566 11.000 81630.000
4.022 6.742 5.559 9.000 81639.000
3.998 6.739 5.511 11.000 81650.000
3.969 6.782 5.456 10.000 81660.000
3.960 6.845 5.408 10.000 81670.000
3.945 6.916 5.372 9.000 81679.000
3.948 6.967 5.449 10.000 81689.000
3.955 6.971 5.533 11.000 81700.000
3.971 6.955 5.559 10.000 81710.000
3.993 6.928 5.573 9.000 81719.000
4.031 6.883 5.475 10.000 81729.000
4.079 6.861 5.379 10.000 81739.000
4.118 6.861 5.341 10.000 81749.000
4.091 6.866 5.317 11.000 81760.000
4.036 6.895 5.334 9.000 81769.000
4.003 6.900 5.312 10.000 81779.000
4.005 6.902 5.274 11.000 81790.000
4.072 6.900 5.221 10.000 81800.000
4.187 6.864 5.185 10.000 81810.000
4.299 6.813 5.202 10.000 81820.000
4.376 6.766 5.236 9.000 81829.000
4.417 6.732 5.233 10.000 81839.000
4.410 6.732 5.214 11.000 81850.000
4.352 6.737 5.161 10.000 81860.000
4.311 6.761 5.128 9.000 81869.000
4.307 6.770 5.130 11.000 81880.000
4.299 6.780 5.099 9.000 81889.000
4.314 6.799 5.085 10.000 81899.000
4.321 6.775 5.008 11.000 81910.000
4.347 6.756 4.946 10.000 81920.000
4.376 6.737 4.917 10.000 81930.000
4.355 6.754 4.953 10.000 81940.000
4.331 6.823 5.068 11.000 81951.000
4.288 6.888 5.169 9.000 81960.000
4.252 6.940 5.240 10.000 81970.000
4.266 6.957 5.248 10.000 81980.000
4.244 6.883 5.173 10.000 81990.000
4.240 6.828 5.063 10.000 82000.000
4.228 6.785 4.982 10.000 82010.000
4.232 6.734 4.960 10.000 82020.000
4.266 6.746 4.984 10.000 82030.000
4.299 6.710 5.068 10.000 82040.000
4.302 6.730 5.092 10.000 82050.000
4.288 6.756 5.056 10.000 82060.000
4.235 6.782 4.977 10.000 82070.000
4.173 6.856 4.941 10.000 82080.000
4.141 6.876 4.965 10.000 82090.000
4.118 6.916 4.982 10.000 82100.000
4.132 6.957 5.042 10.000 82110.000
4.216 6.955 4.989 10.000 82120.000
4.319 6.861 4.903 10.000 82130.000
4.414 6.746 4.824 10.000 82140.000
4.560 6.466 4.759 10.000 82150.000
4.630 6.210 4.740 10.000 82160.000
4.587 6.133 4.800 10.000 82170.000
4.462 6.282 4.730 10.000 82180.000
4.288 6.596 4.647 10.000 82190.000
4.072 6.962 4.608 10.000 82200.000
3.993 7.156 4.867 10.000 82210.000
3.995 7.125 5.255 10.000 82220.000
4.232 6.840 5.300 13.000 82233.000
4.510 6.502 5.300 7.000 82240.000
4.716 6.282 5.159 10.000 82250.000
4.955 6.279 4.972 10.000 82260.000
4.960 6.531 5.128 10.000 82270.000
4.807 6.852 5.401 10.000 82280.000
4.683 7.139 5.473 10.000 82290.000
4.453 7.175 5.607 10.000 82300.000
4.311 7.161 5.722 10.000 82310.000
4.328 7.077 5.719 9.000 82319.000
4.438 6.873 5.609 10.000 82329.000
4.620 6.703 5.482 10.000 82339.000
4.666 6.493 5.415 10.000 82349.000
4.671 6.335 5.480 11.000 82360.000
4.582 6.296 5.652 9.000 82369.000
4.465 6.452 5.750 10.000 82379.000
4.383 6.715 5.494 11.000 82390.000
4.343 6.926 5.106 9.000 82399.000
4.386 6.888 4.788 11.000 82410.000
4.458 6.655 4.544 10.000 82420.000
4.618 6.426 4.546 9.000 82429.000
4.769 6.306 4.410 10.000 82439.000
4.836 6.435 4.204 10.000 82449.000
4.797 6.356 3.790 11.000 82460.000
4.683 6.258 3.442 9.000 82469.000
4.836 6.347 3.483 11.000 82480.000
4.716 6.476 3.897 10.000 82490.000
4.702 6.813 4.520 9.000 82499.000
4.560 7.206 5.142 10.000 82509.000
4.232 7.216 5.348 11.000 82520.000
4.177 7.184 5.181 9.000 82529.000
4.187 6.957 4.975 10.000 82539.000
4.323 6.675 4.769 10.000 82549.000
4.563 6.435 4.723 11.000 82560.000
4.730 6.308 4.666 9.000 82569.000
4.833 6.378 4.647 10.000 82579.000
4.824 6.540 4.721 11.000 82590.000
4.639 6.746 4.802 9.000 82599.000
4.503 6.873 4.946 11.000 82610.000
4.386 6.955 5.099 10.000 82620.000
4.381 6.943 5.159 9.000 82629.000
4.378 6.931 5.157 10.000 82639.000
4.410 6.859 5.133 11.000 82650.000
4.422 6.833 5.099 10.000 82660.000
4.474 6.830 4.963 9.000 82669.000
4.489 6.861 4.932 17.000 82686.000
4.493 6.919 4.872 4.000 82690.000
4.496 6.979 4.845 9.000 82699.000
4.458 7.015 4.922 11.000 82710.000
4.496 6.991 4.989 9.000 82719.000
4.534 6.967 5.056 10.000 82729.000
4.568 6.964 5.039 10.000 82739.000
4.596 6.950 4.967 10.000 82749.000
4.584 6.962 4.862 11.000 82760.000
4.601 6.955 4.807 9.000 82769.000
4.589 6.885 4.850 10.000 82779.000
4.582 6.828 4.948 11.000 82790.000
4.592 6.789 4.991 10.000 82800.000
4.572 6.770 4.984 10.000 82810.000
4.616 6.770 4.867 10.000 82820.000
4.623 6.766 4.680 9.000 82829.000
4.613 6.742 4.548 11.000 82840.000
4.604 6.720 4.498 9.000 82849.000
4.568 6.718 4.510 11.000 82860.000
4.577 6.730 4.678 9.000 82869.000
4.604 6.730 4.797 10.000 82879.000
4.630 6.727 4.836 10.000 82889.000
4.625 6.768 4.869 10.000 82899.000
4.604 6.775 4.774 10.000 82909.000
4.565 6.794 4.726 10.000 82919.000
4.565 6.804 4.707 10.000 82929.000
4.596 6.770 4.692 10.000 82939.000
4.613 6.782 4.740 10.000 82949.000
4.637 6.794 4.754 11.000 82960.000
4.623 6.816 4.740 9.000 82969.000
4.599 6.799 4.702 10.000 82979.000
4.596 6.761 4.644 10.000 82989.000
4.606 6.696 4.654 11.000 83000.000
4.606 6.677 4.709 9.000 83009.000
4.616 6.696 4.788 11.000 83020.000
4.606 6.742 4.848 9.000 83029.000
4.570 6.797 4.843 11.000 83040.000
4.544 6.806 4.793 10.000 83050.000
4.501 6.801 4.716 9.000 83059.000
4.477 6.770 4.659 10.000 83069.000
4.474 6.742 4.678 10.000 83079.000
4.496 6.766 4.759 10.000 83089.000
4.534 6.804 4.867 10.000 83099.000
4.539 6.854 4.951 11.000 83110.000
4.529 6.919 4.989 9.000 83119.000
4.496 6.892 4.941 10.000 83129.000
4.474 6.876 4.910 10.000 83139.000
4.486 6.847 4.903 10.000 83149.000
4.508 6.835 4.927 11.000 83160.000
4.529 6.861 4.975 10.000 83170.000
4.565 6.849 4.939 9.000 83179.000
4.692 6.780 4.800 10.000 83189.000
4.809 6.694 4.630 10.000 83199.000
4.853 6.576 4.515 11.000 83210.000
4.757 6.557 4.604 9.000 83219.000
4.570 6.596 4.795 10.000 83229.000
4.496 6.679 4.738 11.000 83240.000
4.496 6.794 4.625 9.000 83249.000
4.647 6.696 4.505 11.000 83260.000
4.769 6.572 4.232 10.000 83270.000
4.778 6.402 4.209 9.000 83279.000
4.721 6.342 4.283 14.000 83293.000
4.625 6.426 4.228 6.000 83299.000
4.632 6.698 4.508 11.000 83310.000
4.546 7.070 4.996 10.000 83320.000
4.527 7.331 5.386 10.000 83330.000
4.481 7.429 5.762 10.000 83340.000
4.458 7.259 5.971 9.000 83349.000
4.527 6.991 5.971 11.000 83360.000
4.558 6.562 5.928 9.000 83369.000
4.616 6.296 5.899 10.000 83379.000
4.544 6.153 5.786 10.000 83389.000
4.503 6.193 5.590 10.000 83399.000
4.501 6.394 5.437 10.000 83409.000
4.582 6.691 5.025 11.000 83420.000
4.697 6.971 4.683 10.000 83430.000
4.802 7.005 4.441 10.000 83440.000
4.944 7.038 4.211 9.000 83449.000
5.001 6.976 4.240 11.000 83460.000
5.166 6.809 4.010 10.000 83470.000
5.193 6.631 3.742 10.000 83480.000
5.183 6.454 3.462 10.000 83490.000
5.406 6.373 3.351 10.000 83500.000
5.521 6.397 3.500 10.000 83510.000
5.468 6.500 3.991 9.000 83519.000
5.219 6.761 4.587 10.000 83529.000
4.738 6.926 5.013 10.000 83539.000
4.290 7.074 5.252 10.000 83549.000
4.127 7.216 5.171 11.000 83560.000
4.235 7.105 4.893 9.000 83569.000
4.369 6.971 4.625 10.000 83579.000
4.469 6.854 4.544 10.000 83589.000
4.613 6.694 4.465 10.000 83599.000
4.711 6.636 4.572 11.000 83610.000
4.783 6.603 4.671 9.000 83619.000
4.797 6.651 4.759 10.000 83629.000
4.769 6.742 4.845 10.000 83639.000
4.709 6.825 4.857 10.000 83649.000
4.695 6.866 4.838 11.000 83660.000
4.738 6.825 4.829 9.000 83669.000
4.793 6.775 4.790 10.000 83679.000
4.850 6.722 4.730 10.000 83689.000
4.848 6.713 4.711 10.000 83699.000
4.793 6.698 4.771 10.000 83709.000
4.726 6.694 4.860 10.000 83719.000
4.627 6.694 4.979 10.000 83729.000
4.489 6.718 5.145 10.000 83739.000
4.402 6.746 5.231 10.000 83749.000
4.197 6.770 5.384 11.000 83760.000
4.022 6.789 5.506 9.000 83769.000
