# Accelerometer Data File
# 
#
#
# sensor Vendor: Bosch
# sensor Name: BMA254
# sensor Resolution: 0.009576807m/sec^2; Max Range: 39.2; Min Delay: 10000 microseconds
# The sensor's attributes are the result hardware and the Android capabilities.
# It means that the Android may not utilize all features provided by the hardware.
#
# Some devices and Android versions save battery too much so the device may go to sleep.
# It just happens after couple of minutes from turning off the scree and it is easy to find it out.
#
# The following file provides the data from accelerometer in the m/s^2 format.
# The diff value is just a time delta between the samples
#
#
# data format:
# so we have 4 columns with values separated by the " "
# X Y Z time_from_previous_sample(ms)

# sensor speed set to:FASTEST
# units set to: m/sec^2
# gravity NOT filtered out
# Accuracy: HIGH
-10.644 3.778 0.512 11.000 86592.000
-10.465 3.658 0.711 11.000 86603.000
-10.137 3.593 0.787 8.000 86611.000
-9.892 3.612 0.612 11.000 86622.000
-9.607 3.612 0.495 9.000 86631.000
-9.418 3.648 0.430 10.000 86641.000
-9.330 3.541 0.588 11.000 86652.000
-9.165 3.351 0.739 9.000 86661.000
-9.040 3.181 0.833 12.000 86673.000
-8.781 2.882 0.979 8.000 86681.000
-8.571 2.671 1.024 9.000 86690.000
-8.432 2.511 1.115 12.000 86702.000
-8.264 2.382 1.230 8.000 86710.000
-8.231 2.382 1.292 13.000 86723.000
-8.202 2.334 1.414 8.000 86731.000
-8.204 2.171 1.465 9.000 86740.000
-8.236 1.977 1.491 13.000 86753.000
-8.281 1.786 1.575 9.000 86762.000
-8.322 1.642 1.599 9.000 86771.000
-8.319 1.532 1.795 11.000 86782.000
-8.276 1.340 2.078 8.000 86790.000
-8.219 1.146 2.303 12.000 86802.000
-8.178 1.027 2.659 9.000 86811.000
-8.214 1.048 3.071 11.000 86822.000
-8.291 1.151 3.397 10.000 86832.000
-8.408 1.228 3.974 9.000 86841.000
-8.508 1.230 4.419 12.000 86853.000
-8.611 1.235 4.939 8.000 86861.000
-8.777 1.292 5.655 11.000 86872.000
-8.901 1.376 6.119 11.000 86883.000
-9.047 1.515 6.694 7.000 86890.000
-9.131 1.623 7.000 13.000 86903.000
-9.021 1.774 7.206 8.000 86911.000
-8.743 1.972 7.455 11.000 86922.000
-8.444 2.116 7.594 11.000 86933.000
-7.977 2.231 7.647 8.000 86941.000
-7.410 2.262 7.568 12.000 86953.000
-7.010 2.245 7.445 8.000 86961.000
-6.318 2.255 7.237 10.000 86971.000
-5.793 2.293 7.115 12.000 86983.000
-5.236 2.197 7.012 8.000 86991.000
-4.474 2.023 7.031 12.000 87003.000
-4.005 1.821 7.137 8.000 87011.000
-3.450 1.565 7.350 10.000 87021.000
-3.160 1.431 7.580 12.000 87033.000
-3.117 1.235 7.757 8.000 87041.000
-3.122 0.921 7.999 12.000 87053.000
-3.213 0.663 8.133 8.000 87061.000
-3.359 0.380 8.377 9.000 87070.000
-3.507 0.277 8.631 13.000 87083.000
-3.608 0.292 8.820 8.000 87091.000
-3.687 0.328 9.047 11.000 87102.000
-3.711 0.387 9.165 10.000 87112.000
-3.655 0.387 9.155 8.000 87120.000
-3.529 0.435 9.102 13.000 87133.000
-3.423 0.462 9.011 8.000 87141.000
-3.256 0.588 8.911 11.000 87152.000
-3.122 0.737 8.858 10.000 87162.000
-3.028 0.962 8.848 8.000 87170.000
-2.923 1.249 8.777 13.000 87183.000
-2.880 1.436 8.714 8.000 87191.000
-2.808 1.565 8.525 11.000 87202.000
-2.767 1.570 8.336 9.000 87211.000
-2.762 1.441 8.099 9.000 87220.000
-2.760 1.319 7.829 13.000 87233.000
-2.786 1.254 7.685 8.000 87241.000
-2.784 1.280 7.515 11.000 87252.000
-2.762 1.458 7.426 10.000 87262.000
-2.738 1.628 7.371 9.000 87271.000
-2.738 1.802 7.275 12.000 87283.000
-2.767 1.886 7.206 8.000 87291.000
-2.765 1.836 7.189 10.000 87301.000
-2.734 1.778 7.213 11.000 87312.000
-2.679 1.716 7.278 9.000 87321.000
-2.650 1.685 7.333 11.000 87332.000
-2.647 1.709 7.364 10.000 87342.000
-2.712 1.709 7.299 9.000 87351.000
-2.746 1.601 7.158 12.000 87363.000
-2.753 1.462 7.026 8.000 87371.000
-2.734 1.199 6.830 11.000 87382.000
-2.722 0.842 6.631 10.000 87392.000
-2.741 0.593 6.509 8.000 87400.000
-2.789 0.253 6.416 12.000 87412.000
-2.863 0.038 6.387 9.000 87421.000
-2.985 -0.071 6.457 11.000 87432.000
-3.189 -0.141 6.536 10.000 87442.000
-3.363 -0.119 6.586 8.000 87450.000
-3.596 -0.122 6.624 12.000 87462.000
-3.734 -0.105 6.622 9.000 87471.000
-3.847 -0.193 6.612 11.000 87482.000
-3.986 -0.251 6.675 9.000 87491.000
-4.067 -0.284 6.749 9.000 87500.000
-4.235 -0.246 6.919 12.000 87512.000
-4.458 -0.095 7.117 9.000 87521.000
-4.654 0.023 7.244 10.000 87531.000
-4.936 0.143 7.417 11.000 87542.000
-5.133 0.191 7.493 9.000 87551.000
-5.336 0.208 7.618 11.000 87562.000
-5.588 0.215 7.735 9.000 87571.000
-5.753 0.222 7.807 11.000 87582.000
-5.901 0.186 7.821 10.000 87592.000
-5.932 0.134 7.757 8.000 87600.000
-5.963 0.033 7.587 12.000 87612.000
-5.995 -0.059 7.448 10.000 87622.000
-6.042 -0.110 7.366 9.000 87631.000
-6.107 -0.095 7.366 11.000 87642.000
-6.124 -0.023 7.479 8.000 87650.000
-6.258 0.134 7.637 12.000 87662.000
-6.459 0.332 7.809 9.000 87671.000
-6.643 0.466 7.900 9.000 87680.000
-6.811 0.665 8.063 14.000 87694.000
-6.914 0.782 8.231 6.000 87700.000
-6.950 0.859 8.384 11.000 87711.000
-7.072 1.000 8.592 11.000 87722.000
-7.211 1.077 8.729 8.000 87730.000
-7.316 1.175 8.882 12.000 87742.000
-7.436 1.187 9.200 10.000 87752.000
-7.469 1.134 9.464 9.000 87761.000
-7.467 1.110 9.773 11.000 87772.000
-7.445 1.053 9.983 8.000 87780.000
-7.400 1.134 9.986 12.000 87792.000
-7.381 1.165 10.002 9.000 87801.000
-7.398 1.168 9.974 10.000 87811.000
-7.460 1.096 10.086 11.000 87822.000
-7.625 0.960 10.273 8.000 87830.000
-7.764 0.873 10.445 12.000 87842.000
-7.967 0.790 10.560 10.000 87852.000
-8.125 0.780 10.534 9.000 87861.000
-8.238 0.732 10.474 11.000 87872.000
-8.403 0.663 10.436 8.000 87880.000
-8.504 0.591 10.455 12.000 87892.000
-8.655 0.562 10.474 10.000 87902.000
-8.757 0.584 10.496 9.000 87911.000
-8.815 0.720 10.398 11.000 87922.000
-8.836 0.955 10.223 8.000 87930.000
-8.808 1.146 10.048 12.000 87942.000
-8.746 1.391 9.785 10.000 87952.000
-8.726 1.572 9.691 9.000 87961.000
-8.743 1.656 9.674 11.000 87972.000
-8.707 1.877 9.773 10.000 87982.000
-8.705 2.044 9.959 9.000 87991.000
-8.437 2.355 10.251 11.000 88002.000
-7.924 2.839 10.649 8.000 88010.000
-7.465 3.186 10.931 12.000 88022.000
-6.816 3.763 11.259 10.000 88032.000
-6.382 4.165 11.410 9.000 88041.000
-6.162 4.618 11.300 11.000 88052.000
-6.030 5.159 11.348 8.000 88060.000
-6.088 5.470 11.350 12.000 88072.000
-6.356 5.664 11.348 10.000 88082.000
-6.725 5.401 11.520 9.000 88091.000
-7.005 5.049 11.535 11.000 88102.000
-7.189 4.742 11.377 8.000 88110.000
-7.163 4.553 11.224 12.000 88122.000
-6.926 4.575 10.903 10.000 88132.000
-6.540 4.417 10.505 9.000 88141.000
-6.251 4.213 10.280 11.000 88152.000
-5.899 4.005 9.981 8.000 88160.000
-5.688 3.821 9.830 11.000 88171.000
-5.537 3.936 9.785 11.000 88182.000
-5.293 4.096 9.648 9.000 88191.000
-5.111 4.261 9.586 11.000 88202.000
-4.922 4.455 9.416 8.000 88210.000
-4.819 4.467 9.287 11.000 88221.000
-4.809 4.434 9.248 11.000 88232.000
-4.774 4.381 9.212 9.000 88241.000
-4.745 4.299 9.284 11.000 88252.000
-4.611 4.410 9.212 8.000 88260.000
-4.309 4.467 9.066 11.000 88271.000
-4.034 4.544 8.918 11.000 88282.000
-3.576 4.685 8.678 8.000 88290.000
-3.227 4.697 8.513 12.000 88302.000
-3.009 4.896 8.329 8.000 88310.000
-2.779 5.193 8.042 12.000 88322.000
-2.731 5.425 7.845 10.000 88332.000
-2.679 5.702 7.532 8.000 88340.000
-2.650 5.722 7.151 12.000 88352.000
-2.633 5.643 6.873 10.000 88362.000
-2.564 5.260 6.411 9.000 88371.000
-2.499 4.831 6.066 11.000 88382.000
-2.365 3.890 5.722 8.000 88390.000
-2.054 4.209 5.288 12.000 88402.000
-1.795 4.831 5.039 9.000 88411.000
-1.582 5.394 4.474 10.000 88421.000
-1.450 6.593 4.070 11.000 88432.000
-1.443 5.568 3.629 8.000 88440.000
-1.529 3.957 3.169 12.000 88452.000
-1.570 2.406 3.026 10.000 88462.000
-1.742 0.979 2.791 9.000 88471.000
-1.884 0.890 2.621 11.000 88482.000
-1.932 1.388 2.470 10.000 88492.000
-1.932 1.948 2.422 11.000 88503.000
-1.800 2.384 2.466 8.000 88511.000
-1.845 2.229 2.681 10.000 88521.000
-2.047 1.970 3.004 12.000 88533.000
-2.296 1.649 3.224 8.000 88541.000
-2.712 1.271 3.497 11.000 88552.000
-3.035 1.110 3.658 9.000 88561.000
-3.296 1.244 3.830 10.000 88571.000
-3.552 1.484 4.127 11.000 88582.000
-3.641 1.781 4.371 8.000 88590.000
-3.526 2.070 4.766 10.000 88600.000
-3.100 2.133 5.106 12.000 88612.000
-2.679 2.090 5.322 8.000 88620.000
-2.365 1.994 5.700 12.000 88632.000
-2.255 1.905 5.928 8.000 88640.000
-2.425 1.929 6.165 12.000 88652.000
-2.592 2.027 6.378 9.000 88661.000
-2.652 2.178 6.428 9.000 88670.000
-2.715 2.360 6.459 12.000 88682.000
-2.789 2.403 6.457 11.000 88693.000
-2.865 2.372 6.478 8.000 88701.000
-2.999 2.336 6.512 11.000 88712.000
-3.131 2.269 6.564 8.000 88720.000
-3.308 2.267 6.538 12.000 88732.000
-3.485 2.264 6.512 10.000 88742.000
-3.722 2.384 6.792 9.000 88751.000
-4.005 2.348 7.242 11.000 88762.000
-4.168 2.310 7.730 8.000 88770.000
-4.357 2.231 8.310 12.000 88782.000
-4.422 2.020 8.585 9.000 88791.000
-4.441 1.965 8.690 10.000 88801.000
-4.429 1.865 8.813 11.000 88812.000
-4.390 1.805 8.844 9.000 88821.000
-4.371 1.616 8.803 11.000 88832.000
-4.326 1.297 8.791 10.000 88842.000
-4.311 1.024 8.762 9.000 88851.000
-4.422 0.634 8.978 11.000 88862.000
-4.520 0.387 9.251 8.000 88870.000
-4.762 0.344 9.658 15.000 88885.000
-5.193 0.368 10.156 5.000 88890.000
-5.499 0.509 10.409 11.000 88901.000
-5.935 0.493 10.692 11.000 88912.000
-6.253 0.402 10.812 9.000 88921.000
-6.277 0.076 10.924 11.000 88932.000
-6.320 -0.521 11.156 10.000 88942.000
-6.234 -0.962 11.360 8.000 88950.000
-5.789 -1.407 11.925 12.000 88962.000
-5.437 -1.726 12.502 8.000 88970.000
-5.066 -1.771 12.959 12.000 88982.000
-4.687 -1.982 13.510 10.000 88992.000
-4.668 -2.188 13.699 8.000 89000.000
-4.556 -2.303 14.025 13.000 89013.000
-4.283 -2.238 14.695 8.000 89021.000
-4.017 -2.008 15.272 11.000 89032.000
-3.653 -1.788 15.749 10.000 89042.000
-3.394 -1.618 15.993 8.000 89050.000
-3.282 -1.699 15.974 12.000 89062.000
-3.205 -1.771 16.182 11.000 89073.000
-3.227 -1.833 16.491 8.000 89081.000
-3.153 -1.798 16.680 11.000 89092.000
-3.055 -1.678 16.658 8.000 89100.000
-2.920 -1.568 16.409 12.000 89112.000
-2.604 -1.479 16.124 10.000 89122.000
-2.384 -1.489 15.959 10.000 89132.000
-1.965 -1.436 15.744 9.000 89141.000
-1.276 -1.118 15.231 10.000 89151.000
-0.768 -0.778 14.755 10.000 89161.000
-0.148 -0.174 13.967 9.000 89170.000
0.179 0.402 13.098 13.000 89183.000
0.237 0.713 12.526 8.000 89191.000
0.055 0.945 12.002 9.000 89200.000
-0.239 0.914 11.789 10.000 89210.000
-0.799 1.048 12.200 12.000 89222.000
-1.467 1.575 12.844 13.000 89235.000
-1.896 2.181 13.441 5.000 89240.000
-2.145 3.129 13.958 10.000 89250.000
-2.073 3.864 14.111 10.000 89260.000
-1.678 4.465 13.840 10.000 89270.000
-0.924 5.202 13.218 13.000 89283.000
-0.349 5.597 12.674 7.000 89290.000
0.399 5.920 11.599 10.000 89300.000
0.933 5.985 10.716 10.000 89310.000
1.206 6.212 10.146 10.000 89320.000
1.496 6.766 9.615 10.000 89330.000
1.611 7.390 9.615 10.000 89340.000
1.793 8.231 9.548 10.000 89350.000
1.956 8.841 9.397 10.000 89360.000
2.102 9.126 9.208 14.000 89374.000
2.202 9.394 8.906 7.000 89381.000
2.236 9.447 8.671 10.000 89391.000
2.142 9.198 8.233 9.000 89400.000
2.173 9.006 7.477 12.000 89412.000
2.250 8.832 6.833 8.000 89420.000
2.049 8.815 6.086 10.000 89430.000
1.896 9.030 5.664 10.000 89440.000
1.544 9.232 5.693 10.000 89450.000
1.362 9.021 5.724 10.000 89460.000
1.458 8.652 5.858 10.000 89470.000
1.750 6.335 5.870 10.000 89480.000
1.884 3.090 5.798 10.000 89490.000
1.848 0.258 5.724 10.000 89500.000
2.351 0.335 5.554 10.000 89510.000
2.657 2.360 5.506 10.000 89520.000
3.239 4.771 5.396 10.000 89530.000
3.081 6.703 5.200 10.000 89540.000
2.384 5.726 5.099 10.000 89550.000
1.537 4.422 5.322 10.000 89560.000
0.646 3.615 5.559 10.000 89570.000
0.351 3.529 5.947 10.000 89580.000
-0.203 3.780 6.098 10.000 89590.000
-0.608 4.359 5.925 10.000 89600.000
-1.211 5.025 5.726 10.000 89610.000
-1.671 5.449 5.463 10.000 89620.000
-1.762 5.082 6.275 10.000 89630.000
-2.114 4.599 7.184 10.000 89640.000
-2.267 4.029 8.121 10.000 89650.000
-2.695 3.236 7.929 10.000 89660.000
-2.789 3.150 6.696 10.000 89670.000
-2.621 3.181 5.365 10.000 89680.000
-2.257 3.256 3.732 10.000 89690.000
-1.618 3.552 3.227 10.000 89700.000
-1.132 3.110 2.947 10.000 89710.000
-0.742 2.384 2.746 10.000 89720.000
-0.548 1.616 2.846 10.000 89730.000
-0.402 0.758 2.954 10.000 89740.000
-0.471 0.325 3.533 12.000 89752.000
-0.445 0.174 4.034 8.000 89760.000
-0.201 -0.148 4.991 12.000 89772.000
0.090 -0.383 5.942 9.000 89781.000
0.397 -0.622 6.670 10.000 89791.000
0.663 -0.814 7.606 9.000 89800.000
0.711 -0.833 8.085 10.000 89810.000
0.636 -0.825 8.793 10.000 89820.000
0.474 -0.751 9.232 10.000 89830.000
0.270 -0.758 9.859 10.000 89840.000
-0.071 -0.636 10.623 10.000 89850.000
-0.292 -0.541 11.156 10.000 89860.000
-0.464 -0.351 11.326 10.000 89870.000
-0.555 -0.129 11.099 12.000 89882.000
-0.418 -0.100 10.603 9.000 89891.000
-0.280 -0.093 9.962 11.000 89902.000
-0.189 -0.179 9.684 9.000 89911.000
-0.158 -0.299 9.224 11.000 89922.000
-0.347 -0.296 8.638 10.000 89932.000
-0.538 -0.272 8.197 9.000 89941.000
-0.869 -0.433 7.759 11.000 89952.000
-1.139 -0.560 7.503 8.000 89960.000
-1.565 -0.483 7.515 12.000 89972.000
-2.075 0.265 7.457 8.000 89980.000
-2.446 1.199 7.398 10.000 89990.000
-2.913 1.165 7.505 10.000 90000.000
-3.093 0.871 7.603 10.000 90010.000
-3.246 -0.778 7.879 10.000 90020.000
-3.387 -2.109 8.274 10.000 90030.000
-3.433 -2.473 8.501 10.000 90040.000
-3.529 -2.229 8.841 10.000 90050.000
-3.605 -1.304 9.066 10.000 90060.000
-3.694 -0.699 9.172 10.000 90070.000
-3.744 -0.390 9.272 10.000 90080.000
-3.744 -0.689 9.260 10.000 90090.000
-3.462 -1.161 9.200 10.000 90100.000
-2.880 -1.405 9.057 10.000 90110.000
-2.336 -1.352 8.918 10.000 90120.000
-1.841 -1.146 8.920 10.000 90130.000
-1.589 -0.766 8.978 10.000 90140.000
-1.889 -0.574 9.634 10.000 90150.000
-2.193 -0.248 10.390 10.000 90160.000
-2.449 -0.076 11.006 10.000 90170.000
-2.825 -0.100 11.563 10.000 90180.000
-3.055 -0.550 11.403 10.000 90190.000
-3.280 -1.134 11.142 10.000 90200.000
-3.203 -1.869 10.694 10.000 90210.000
-3.007 -2.408 10.304 10.000 90220.000
-2.382 -3.102 10.024 10.000 90230.000
-1.711 -4.395 9.813 10.000 90240.000
-1.343 -5.537 9.789 12.000 90252.000
-0.984 -6.698 9.871 8.000 90260.000
-0.948 -7.316 10.046 10.000 90270.000
-1.319 -7.003 10.615 10.000 90280.000
-1.680 -6.272 11.386 10.000 90290.000
-2.032 -5.523 12.052 11.000 90301.000
-1.951 -4.781 12.533 11.000 90312.000
-1.721 -4.568 12.811 9.000 90321.000
-1.501 -4.771 12.887 9.000 90330.000
-1.209 -5.487 12.792 10.000 90340.000
-1.350 -6.196 12.880 10.000 90350.000
-0.665 -6.682 12.902 10.000 90360.000
0.107 -6.816 13.141 10.000 90370.000
0.809 -6.438 13.553 10.000 90380.000
1.180 -5.825 13.982 10.000 90390.000
0.938 -5.238 14.216 10.000 90400.000
0.395 -5.176 14.207 12.000 90412.000
-0.016 -5.018 14.032 9.000 90421.000
-0.098 -5.094 13.840 11.000 90432.000
-0.136 -5.188 13.627 10.000 90442.000
0.100 -5.020 13.232 12.000 90454.000
0.205 -4.948 13.002 6.000 90460.000
0.565 -4.848 12.600 10.000 90470.000
0.881 -4.730 12.220 12.000 90482.000
1.024 -4.592 12.090 9.000 90491.000
0.919 -4.120 11.891 10.000 90501.000
0.560 -3.677 11.865 11.000 90512.000
0.186 -2.777 11.789 8.000 90520.000
0.021 -1.716 11.549 12.000 90532.000
0.105 -0.988 11.379 10.000 90542.000
0.095 0.002 11.286 9.000 90551.000
0.100 0.536 11.243 11.000 90562.000
-0.155 1.319 11.516 8.000 90570.000
-0.684 2.535 12.176 13.000 90583.000
-1.120 3.488 12.761 9.000 90592.000
-1.711 4.649 13.589 8.000 90600.000
-2.140 5.291 14.221 10.000 90610.000
-2.248 5.544 14.140 13.000 90623.000
-2.154 5.647 13.467 8.000 90631.000
-1.905 5.542 12.550 9.000 90640.000
-1.606 5.355 11.367 10.000 90650.000
-1.355 5.123 10.510 10.000 90660.000
-1.546 5.111 10.484 10.000 90670.000
-1.766 5.358 10.702 12.000 90682.000
-2.037 5.686 11.185 9.000 90691.000
-1.944 5.832 11.511 9.000 90700.000
-1.608 5.908 11.597 10.000 90710.000
-0.821 5.604 11.042 10.000 90720.000
0.189 5.094 10.409 11.000 90731.000
0.835 4.766 9.935 11.000 90742.000
1.568 4.288 9.332 9.000 90751.000
1.831 3.986 9.155 9.000 90760.000
1.872 3.890 9.054 11.000 90771.000
1.920 4.053 9.006 10.000 90781.000
1.881 4.367 9.088 10.000 90791.000
1.865 4.730 9.052 11.000 90802.000
1.747 4.575 9.030 10.000 90812.000
1.604 4.149 8.813 12.000 90824.000
1.460 3.722 8.595 7.000 90831.000
1.340 3.191 8.465 9.000 90840.000
1.441 4.771 8.159 10.000 90850.000
1.290 5.372 8.111 10.000 90860.000
0.950 5.683 8.228 14.000 90874.000
0.610 5.995 8.346 6.000 90880.000
0.028 4.841 8.446 10.000 90890.000
-0.282 4.678 8.432 10.000 90900.000
-0.502 4.987 8.044 10.000 90910.000
-0.723 5.295 7.656 10.000 90920.000
-0.684 5.439 7.386 10.000 90930.000
-0.553 5.432 6.976 10.000 90940.000
-0.323 5.243 6.775 10.000 90950.000
0.028 5.013 6.366 10.000 90960.000
0.244 4.821 6.019 10.000 90970.000
0.344 4.879 5.688 10.000 90980.000
0.488 5.092 5.288 10.000 90990.000
0.509 5.346 5.097 10.000 91000.000
0.459 5.559 4.855 10.000 91010.000
0.102 5.662 4.697 10.000 91020.000
-0.296 5.609 4.608 10.000 91030.000
-0.981 5.518 4.410 11.000 91041.000
-1.594 5.468 4.261 10.000 91051.000
-1.982 5.286 4.065 10.000 91061.000
-2.351 5.020 3.835 11.000 91072.000
-2.434 4.793 3.715 8.000 91080.000
-2.535 4.395 3.545 10.000 91090.000
-2.533 4.141 3.462 10.000 91100.000
-2.454 3.801 3.373 12.000 91112.000
-2.269 3.232 3.325 10.000 91122.000
-2.068 2.832 3.327 9.000 91131.000
-1.898 2.233 3.567 10.000 91141.000
-1.843 1.656 4.086 9.000 91150.000
-1.893 1.309 4.565 10.000 91160.000
-1.826 0.902 5.324 11.000 91171.000
-1.728 0.694 5.846 10.000 91181.000
-1.656 0.603 6.323 10.000 91191.000
-1.704 0.486 6.991 9.000 91200.000
-1.869 0.428 7.378 9.000 91209.000
-2.054 0.347 8.061 10.000 91219.000
-2.193 0.296 8.547 11.000 91230.000
-2.018 0.490 8.894 9.000 91239.000
-1.594 0.830 9.162 11.000 91250.000
-1.151 1.194 9.136 9.000 91259.000
-0.557 1.424 9.066 11.000 91270.000
-0.158 1.436 8.944 10.000 91280.000
0.081 1.302 8.755 9.000 91289.000
0.311 1.295 8.508 11.000 91300.000
0.390 1.422 8.305 10.000 91310.000
0.368 1.632 8.135 10.000 91320.000
0.076 1.788 8.271 10.000 91330.000
-0.205 1.817 8.465 9.000 91339.000
-0.641 1.769 8.659 11.000 91350.000
-0.976 1.637 8.820 10.000 91360.000
-1.079 1.498 8.983 10.000 91370.000
-1.000 1.237 9.081 10.000 91380.000
-0.768 1.053 9.179 10.000 91390.000
-0.404 0.768 9.318 10.000 91400.000
-0.090 0.545 9.294 10.000 91410.000
-0.071 0.433 9.366 10.000 91420.000
-0.074 0.275 9.548 10.000 91430.000
-0.208 0.217 9.689 10.000 91440.000
-0.330 -0.016 9.854 10.000 91450.000
-0.213 -0.232 10.007 10.000 91460.000
-0.074 -0.402 10.050 10.000 91470.000
-0.105 -0.746 10.316 10.000 91480.000
-0.148 -0.914 10.558 10.000 91490.000
-0.421 -0.871 10.917 10.000 91500.000
-0.624 -0.514 11.295 12.000 91512.000
-0.658 0.016 11.451 7.000 91519.000
-0.962 0.339 11.719 10.000 91529.000
-1.163 0.445 11.851 10.000 91539.000
-1.702 0.102 12.097 10.000 91549.000
-2.240 -0.380 12.193 10.000 91559.000
-2.509 -0.656 12.176 10.000 91569.000
-2.499 -0.861 12.322 13.000 91582.000
-2.047 -0.950 12.272 7.000 91589.000
-1.594 -0.897 12.373 11.000 91600.000
-1.225 -1.204 12.583 9.000 91609.000
-1.134 -1.580 12.631 10.000 91619.000
-1.292 -2.133 13.007 10.000 91629.000
-1.448 -2.619 13.548 10.000 91639.000
-1.520 -2.746 13.979 10.000 91649.000
-1.379 -2.746 14.379 10.000 91659.000
-1.163 -2.552 14.513 10.000 91669.000
-0.526 -2.264 14.111 11.000 91680.000
0.332 -2.099 13.522 9.000 91689.000
0.979 -2.061 12.964 11.000 91700.000
1.278 -2.312 12.593 9.000 91709.000
0.890 -2.564 12.696 12.000 91721.000
0.280 -2.693 12.986 9.000 91730.000
-0.308 -2.485 13.067 9.000 91739.000
-0.550 -1.987 12.962 10.000 91749.000
-0.577 -1.544 12.507 10.000 91759.000
-0.732 -0.936 12.035 10.000 91769.000
-0.909 -0.665 11.772 11.000 91780.000
-1.352 -0.198 11.640 9.000 91789.000
-1.879 0.313 11.887 12.000 91801.000
-2.276 0.660 12.150 9.000 91810.000
-2.659 1.228 12.461 14.000 91824.000
-2.777 1.599 12.641 6.000 91830.000
-2.628 2.087 12.763 9.000 91839.000
-2.384 2.892 12.885 11.000 91850.000
-2.154 3.476 12.959 10.000 91860.000
-2.032 4.173 13.110 10.000 91870.000
-2.044 4.601 13.187 10.000 91880.000
-2.238 4.680 13.292 10.000 91890.000
-2.533 4.987 13.268 10.000 91900.000
-2.719 5.181 13.168 10.000 91910.000
-2.966 5.382 12.876 10.000 91920.000
-3.126 5.616 12.555 10.000 91930.000
-3.315 5.729 12.454 10.000 91940.000
-3.476 6.023 12.385 10.000 91950.000
-3.576 6.311 12.507 10.000 91960.000
-3.600 6.603 12.478 10.000 91970.000
-3.354 6.629 12.191 10.000 91980.000
-3.136 6.473 11.872 10.000 91990.000
-2.717 6.306 11.370 10.000 92000.000
-2.375 6.133 11.018 10.000 92010.000
-2.078 6.205 10.548 10.000 92020.000
-1.656 6.308 9.931 10.000 92030.000
-1.436 6.423 9.497 10.000 92040.000
-1.237 6.809 8.980 12.000 92052.000
-1.134 7.110 8.748 8.000 92060.000
-1.180 7.283 8.633 10.000 92070.000
-1.501 6.682 8.616 10.000 92080.000
-1.800 5.810 8.683 10.000 92090.000
-1.826 6.143 8.614 10.000 92100.000
-1.829 6.574 8.576 10.000 92110.000
-1.362 7.860 8.109 10.000 92120.000
-0.897 8.468 7.630 10.000 92130.000
-0.706 7.872 7.287 10.000 92140.000
-0.507 7.323 6.890 10.000 92150.000
-0.414 6.787 6.557 10.000 92160.000
-0.318 6.928 6.236 10.000 92170.000
-0.153 6.892 5.750 10.000 92180.000
0.004 6.809 5.319 10.000 92190.000
0.081 6.560 4.934 10.000 92200.000
0.074 6.287 4.529 10.000 92210.000
-0.002 6.191 4.290 10.000 92220.000
-0.227 6.076 4.165 10.000 92230.000
-0.459 6.033 4.261 10.000 92240.000
-0.653 6.004 4.371 10.000 92250.000
-1.000 5.837 4.323 10.000 92260.000
-1.199 5.688 4.161 10.000 92270.000
-1.572 5.439 3.493 12.000 92282.000
-1.850 5.085 2.722 8.000 92290.000
-1.975 4.869 2.109 10.000 92300.000
-2.073 4.460 1.793 10.000 92310.000
-1.996 4.151 1.982 10.000 92320.000
-2.078 3.964 2.183 10.000 92330.000
-2.039 3.773 2.197 10.000 92340.000
-2.027 3.775 1.915 10.000 92350.000
-1.831 3.526 1.625 10.000 92360.000
-1.527 3.270 1.431 10.000 92370.000
-1.180 2.928 1.438 17.000 92387.000
-0.677 2.717 1.443 3.000 92390.000
-0.359 2.758 1.455 11.000 92401.000
0.045 2.753 1.477 10.000 92411.000
0.251 2.686 1.527 10.000 92421.000
0.301 2.487 1.580 11.000 92432.000
0.311 2.226 1.874 10.000 92442.000
0.234 2.011 2.159 8.000 92450.000
0.153 1.922 2.667 12.000 92462.000
0.234 1.766 3.399 8.000 92470.000
0.356 1.673 3.890 11.000 92481.000
0.907 1.625 4.537 10.000 92491.000
1.489 1.477 5.161 13.000 92504.000
1.908 1.395 5.561 6.000 92510.000
2.104 1.132 6.332 10.000 92520.000
1.872 0.823 6.947 13.000 92533.000
1.673 0.912 7.694 7.000 92540.000
1.498 1.194 8.434 10.000 92550.000
1.546 1.659 8.803 9.000 92559.000
1.606 2.049 9.011 10.000 92569.000
1.642 2.169 8.844 11.000 92580.000
1.546 2.078 8.640 10.000 92590.000
1.163 2.099 8.485 10.000 92600.000
0.768 2.195 8.489 9.000 92609.000
0.174 2.138 9.009 10.000 92619.000
-0.311 2.097 9.572 10.000 92629.000
-0.921 1.886 10.163 12.000 92641.000
-1.563 1.750 10.862 8.000 92649.000
-2.006 1.766 11.046 10.000 92659.000
-2.272 1.802 10.821 10.000 92669.000
-1.855 1.726 10.184 12.000 92681.000
-1.407 1.575 9.440 9.000 92690.000
-0.806 1.486 8.645 9.000 92699.000
-0.383 1.379 8.259 10.000 92709.000
-0.450 1.529 8.358 10.000 92719.000
-0.890 1.498 8.769 11.000 92730.000
-1.484 1.405 9.232 9.000 92739.000
-2.157 1.161 9.888 10.000 92749.000
-2.609 0.828 10.395 10.000 92759.000
-2.698 0.830 10.749 10.000 92769.000
-2.667 1.019 11.101 11.000 92780.000
-2.557 1.359 11.259 14.000 92794.000
-2.367 1.611 11.358 5.000 92799.000
-2.169 1.709 11.295 10.000 92809.000
-1.893 1.403 11.346 11.000 92820.000
-1.381 0.948 11.693 10.000 92830.000
-0.948 0.581 12.100 9.000 92839.000
-0.694 0.155 12.859 10.000 92849.000
-0.840 0.100 13.685 10.000 92859.000
-1.223 0.193 14.214 10.000 92869.000
-1.565 0.373 14.607 11.000 92880.000
-1.728 0.612 14.647 9.000 92889.000
-1.563 0.632 14.635 10.000 92899.000
-1.369 0.723 14.961 12.000 92911.000
-1.216 0.727 15.423 8.000 92919.000
-1.055 0.876 15.885 11.000 92930.000
-1.019 1.091 16.223 9.000 92939.000
-1.010 1.237 15.940 10.000 92949.000
-1.082 1.235 15.480 10.000 92959.000
-1.161 1.089 15.021 10.000 92969.000
-1.644 0.768 14.468 11.000 92980.000
-2.205 0.521 13.740 9.000 92989.000
-2.683 0.423 13.189 10.000 92999.000
-3.275 0.359 12.490 11.000 93010.000
-3.462 0.469 11.884 9.000 93019.000
-4.185 0.533 11.834 11.000 93030.000
-5.032 0.684 11.736 10.000 93040.000
-5.767 0.802 11.786 9.000 93049.000
-6.337 1.125 11.415 11.000 93060.000
-6.296 1.417 10.946 9.000 93069.000
-5.829 1.613 10.240 11.000 93080.000
-5.145 2.051 9.299 10.000 93090.000
-4.237 2.233 8.549 13.000 93103.000
-3.330 2.415 7.800 6.000 93109.000
-2.528 2.485 7.043 10.000 93119.000
-1.944 2.312 6.521 10.000 93129.000
-1.790 2.094 6.210 10.000 93139.000
-1.637 1.877 5.899 11.000 93150.000
-1.702 1.865 5.681 9.000 93159.000
-2.262 1.833 5.473 10.000 93169.000
-2.779 1.898 5.284 11.000 93180.000
-3.715 2.042 5.310 12.000 93192.000
-4.630 2.102 5.535 7.000 93199.000
-5.245 2.310 5.817 10.000 93209.000
-5.796 2.698 6.141 10.000 93219.000
-5.928 3.007 6.248 11.000 93230.000
-6.299 3.387 6.418 9.000 93239.000
-6.584 3.560 6.617 10.000 93249.000
-6.933 3.552 6.775 10.000 93259.000
-7.266 3.519 6.971 10.000 93269.000
-7.359 3.414 7.105 11.000 93280.000
-7.532 3.227 7.115 9.000 93289.000
-7.812 2.877 7.120 10.000 93299.000
-8.109 2.554 7.086 12.000 93311.000
-8.516 2.274 7.048 8.000 93319.000
-8.734 2.154 7.038 11.000 93330.000
-8.889 2.188 7.060 9.000 93339.000
-9.097 2.236 7.144 11.000 93350.000
-9.196 2.240 7.232 9.000 93359.000
-9.354 2.279 7.232 10.000 93369.000
-9.457 2.308 7.007 11.000 93380.000
-9.507 2.322 6.720 10.000 93390.000
-9.564 2.190 6.284 9.000 93399.000
-9.562 2.025 5.937 10.000 93409.000
-9.622 1.877 5.623 10.000 93419.000
-9.773 1.783 5.166 11.000 93430.000
-9.916 1.836 4.857 10.000 93440.000
-10.125 1.915 4.417 9.000 93449.000
-10.280 1.996 4.141 10.000 93459.000
-10.292 2.023 3.876 10.000 93469.000
-10.223 2.073 3.459 11.000 93480.000
-10.089 2.097 3.174 10.000 93490.000
-9.945 2.128 2.772 9.000 93499.000
-9.701 2.181 2.475 11.000 93510.000
-9.538 2.209 2.329 10.000 93520.000
-9.234 2.161 2.346 9.000 93529.000
-8.939 2.106 2.480 10.000 93539.000
-8.791 1.900 2.580 12.000 93551.000
-8.789 1.675 2.851 8.000 93559.000
-8.927 1.527 2.959 10.000 93569.000
-9.337 1.697 3.366 11.000 93580.000
-9.753 1.996 3.835 9.000 93589.000
-10.192 2.549 4.041 11.000 93600.000
-10.558 3.019 4.347 10.000 93610.000
-10.654 3.169 4.355 9.000 93619.000
-10.510 3.229 4.232 11.000 93630.000
-10.199 3.055 4.204 9.000 93639.000
-9.562 3.021 3.938 10.000 93649.000
-8.956 3.078 3.371 10.000 93659.000
-8.590 3.227 2.932 10.000 93669.000
-8.322 3.708 2.355 11.000 93680.000
-8.932 4.201 2.066 9.000 93689.000
-9.512 4.604 2.078 14.000 93703.000
-9.861 5.382 1.958 7.000 93710.000
-10.113 5.827 1.977 10.000 93720.000
-9.375 6.416 1.786 10.000 93730.000
-8.599 6.550 1.879 10.000 93740.000
-8.054 6.308 2.104 10.000 93750.000
-7.742 5.657 2.420 10.000 93760.000
-7.939 4.793 2.796 10.000 93770.000
-8.101 4.788 2.647 10.000 93780.000
-8.169 5.049 2.284 10.000 93790.000
-8.001 5.719 1.829 10.000 93800.000
-7.649 6.155 1.644 10.000 93810.000
-7.307 6.196 1.596 10.000 93820.000
-7.060 5.971 1.764 10.000 93830.000
-6.919 5.963 1.805 10.000 93840.000
-6.962 6.191 1.575 10.000 93850.000
-7.034 6.428 1.623 10.000 93860.000
-7.026 6.615 1.596 10.000 93870.000
-6.914 6.584 1.697 10.000 93880.000
-6.847 6.368 1.956 10.000 93890.000
-6.813 6.133 2.039 10.000 93900.000
-6.761 6.035 2.267 10.000 93910.000
-6.576 5.908 2.403 10.000 93920.000
-6.347 5.966 2.382 17.000 93937.000
-5.980 5.935 2.305 3.000 93940.000
-5.588 5.640 2.243 12.000 93952.000
-5.327 5.374 2.272 10.000 93962.000
-5.035 4.967 2.521 8.000 93970.000
-4.836 4.649 3.110 12.000 93982.000
-4.762 4.508 3.615 10.000 93992.000
-4.630 4.572 4.371 9.000 94001.000
-4.529 4.778 4.908 11.000 94012.000
-4.599 4.982 5.379 8.000 94020.000
-4.627 5.183 5.961 12.000 94032.000
-4.714 5.178 6.291 10.000 94042.000
-4.838 5.104 6.584 9.000 94051.000
-4.836 5.032 6.655 11.000 94062.000
-4.865 4.838 6.588 9.000 94071.000
-4.862 4.398 6.464 11.000 94082.000
-4.821 4.027 6.378 10.000 94092.000
-4.714 3.354 6.303 9.000 94101.000
-4.616 2.806 6.258 11.000 94112.000
-4.419 2.166 6.303 8.000 94120.000
-4.086 1.328 6.469 10.000 94130.000
-3.821 0.792 6.622 10.000 94140.000
-3.450 0.313 6.876 10.000 94150.000
-3.208 0.172 7.096 10.000 94160.000
-3.117 0.335 7.359 10.000 94170.000
-2.961 0.411 7.814 10.000 94180.000
-2.911 0.430 8.169 10.000 94190.000
-2.877 0.311 8.700 10.000 94200.000
-2.944 -0.007 9.270 9.000 94209.000
-3.076 -0.239 9.648 10.000 94219.000
-3.184 -0.533 9.895 12.000 94231.000
-3.275 -0.689 9.964 9.000 94240.000
-3.280 -0.895 9.991 9.000 94249.000
-3.248 -1.170 10.263 10.000 94259.000
-3.241 -1.383 10.668 10.000 94269.000
-3.330 -1.666 11.250 11.000 94280.000
-3.390 -1.805 11.674 9.000 94289.000
-3.502 -1.841 11.863 10.000 94299.000
-3.643 -1.958 12.042 10.000 94309.000
-3.689 -2.006 12.045 10.000 94319.000
-3.734 -2.109 12.085 11.000 94330.000
-3.794 -2.152 12.157 9.000 94339.000
-3.825 -2.114 12.239 11.000 94350.000
-3.821 -2.145 12.397 9.000 94359.000
-3.816 -2.121 12.516 10.000 94369.000
-3.576 -2.154 12.416 11.000 94380.000
-3.241 -2.173 12.155 9.000 94389.000
-2.942 -2.123 11.817 10.000 94399.000
-2.640 -2.094 11.413 10.000 94409.000
-2.542 -2.102 11.185 10.000 94419.000
-2.573 -2.097 11.116 11.000 94430.000
-2.755 -2.001 10.943 10.000 94440.000
-2.940 -1.884 10.838 9.000 94449.000
-3.186 -1.656 10.699 10.000 94459.000
-3.399 -1.455 10.563 10.000 94469.000
-3.538 -1.180 10.587 11.000 94480.000
-3.679 -0.524 10.666 9.000 94489.000
-3.758 0.021 10.778 10.000 94499.000
-3.928 0.639 10.776 10.000 94509.000
-4.137 1.115 10.623 10.000 94519.000
-4.343 1.211 10.414 11.000 94530.000
-4.659 1.501 10.484 9.000 94539.000
-4.884 1.719 10.668 11.000 94550.000
-4.951 2.300 11.130 9.000 94559.000
-5.063 3.100 11.619 10.000 94569.000
-5.066 3.706 11.829 11.000 94580.000
-5.104 4.541 12.061 10.000 94590.000
-5.185 4.989 12.109 9.000 94599.000
-5.054 5.432 12.117 10.000 94609.000
-4.766 5.861 12.016 11.000 94620.000
-4.443 6.059 11.894 9.000 94629.000
-4.113 6.239 11.736 10.000 94639.000
-3.945 6.246 11.623 10.000 94649.000
-3.933 6.268 11.619 20.000 94669.000
-3.804 6.313 11.449 10.000 94679.000
-3.555 6.576 11.202 10.000 94689.000
-3.162 6.861 10.749 10.000 94699.000
-2.770 7.146 10.297 10.000 94709.000
-2.451 7.362 9.895 10.000 94719.000
-2.260 7.378 9.605 11.000 94730.000
-2.183 7.335 9.516 9.000 94739.000
-1.821 7.419 9.330 11.000 94750.000
-1.503 7.548 9.258 9.000 94759.000
-1.058 7.800 8.995 11.000 94770.000
-0.713 8.137 8.590 10.000 94780.000
-0.653 8.348 8.283 9.000 94789.000
-0.641 8.671 7.900 11.000 94800.000
-0.756 8.872 7.709 9.000 94809.000
-0.703 8.997 7.457 10.000 94819.000
-0.584 9.054 6.986 11.000 94830.000
-0.416 8.999 6.591 9.000 94839.000
-0.198 8.872 6.002 10.000 94849.000
-0.081 8.734 5.588 10.000 94859.000
-0.026 8.743 5.204 10.000 94869.000
-0.045 8.990 4.596 11.000 94880.000
-0.114 9.308 4.182 9.000 94889.000
-0.251 9.538 3.658 10.000 94899.000
-0.464 8.942 3.134 10.000 94909.000
-0.603 8.109 2.834 10.000 94919.000
-0.847 6.737 2.537 11.000 94930.000
-1.024 5.453 2.351 9.000 94939.000
-1.223 5.540 2.432 11.000 94950.000
-1.663 5.257 2.592 9.000 94959.000
-1.999 5.513 2.750 10.000 94969.000
-2.762 5.377 2.650 11.000 94980.000
-3.433 4.616 2.470 9.000 94989.000
-4.252 4.113 1.759 11.000 95000.000
-5.018 3.495 0.945 9.000 95009.000
-5.355 3.270 0.390 10.000 95019.000
-4.941 3.454 0.409 11.000 95030.000
-3.847 3.775 1.043 9.000 95039.000
-2.806 4.211 1.781 10.000 95049.000
-1.889 4.563 2.149 11.000 95060.000
-1.723 4.505 1.944 9.000 95069.000
-1.687 4.295 1.826 11.000 95080.000
-1.534 4.118 1.987 10.000 95090.000
-1.256 4.024 2.516 9.000 95099.000
-0.962 3.928 3.033 14.000 95113.000
-0.828 3.960 3.299 6.000 95119.000
-0.610 3.823 3.593 11.000 95130.000
-0.574 3.730 4.019 9.000 95139.000
-0.555 3.639 4.458 11.000 95150.000
-0.454 3.567 5.236 10.000 95160.000
-0.603 3.495 5.901 10.000 95170.000
-0.569 3.380 6.435 10.000 95180.000
-0.749 2.980 7.170 9.000 95189.000
-1.010 2.561 7.565 10.000 95199.000
-1.149 2.252 8.137 11.000 95210.000
-1.307 2.082 8.875 9.000 95219.000
-1.252 2.197 9.411 11.000 95230.000
-1.242 2.602 10.019 10.000 95240.000
-1.307 3.031 10.256 10.000 95250.000
-1.323 3.179 10.383 9.000 95259.000
-1.170 3.557 9.971 11.000 95270.000
-0.972 3.646 9.488 10.000 95280.000
-0.821 3.677 9.018 9.000 95289.000
-0.699 3.849 8.494 11.000 95300.000
-0.804 3.708 8.523 9.000 95309.000
-0.988 3.572 8.590 10.000 95319.000
-1.125 3.493 8.643 11.000 95330.000
-1.465 3.466 8.856 9.000 95339.000
-1.977 3.490 8.990 11.000 95350.000
-2.410 3.509 9.085 10.000 95360.000
-2.925 3.426 9.179 9.000 95369.000
-3.236 3.289 9.112 11.000 95380.000
-3.450 3.157 9.102 9.000 95389.000
-3.849 2.877 9.138 10.000 95399.000
-4.168 2.700 9.176 10.000 95409.000
-4.544 2.451 9.208 11.000 95420.000
-4.788 2.231 9.246 10.000 95430.000
-4.896 1.999 9.203 9.000 95439.000
-4.893 1.699 9.169 10.000 95449.000
-4.833 1.472 9.143 11.000 95460.000
-4.678 1.314 9.081 10.000 95470.000
-4.362 1.345 9.145 9.000 95479.000
-4.156 1.443 9.200 10.000 95489.000
-3.986 1.663 9.306 10.000 95499.000
-3.912 1.814 9.447 10.000 95509.000
-3.885 1.934 9.540 11.000 95520.000
-3.790 1.879 9.763 9.000 95529.000
-3.658 1.702 9.935 10.000 95539.000
-3.507 1.482 10.266 11.000 95550.000
-3.418 1.264 10.553 9.000 95559.000
-3.464 1.206 10.802 10.000 95569.000
-3.538 1.204 11.128 11.000 95580.000
-3.632 1.244 11.295 9.000 95589.000
-3.581 1.110 11.468 11.000 95600.000
-3.210 0.869 11.599 10.000 95610.000
-2.810 0.572 11.654 9.000 95619.000
-2.501 0.208 11.822 11.000 95630.000
-2.336 0.019 11.985 9.000 95639.000
-2.516 -0.256 12.318 10.000 95649.000
-2.655 -0.670 12.995 10.000 95659.000
-2.703 -1.017 13.560 11.000 95670.000
-2.652 -1.292 14.267 10.000 95680.000
-2.513 -1.359 14.753 9.000 95689.000
-2.413 -1.177 14.920 10.000 95699.000
-2.432 -0.967 14.920 11.000 95710.000
-2.549 -0.828 14.779 10.000 95720.000
-2.669 -0.720 14.398 10.000 95730.000
-2.952 -0.656 13.752 9.000 95739.000
-3.114 -0.620 13.273 10.000 95749.000
-3.485 -0.260 12.624 10.000 95759.000
-3.854 0.129 12.215 10.000 95769.000
-4.280 0.545 12.028 11.000 95780.000
-4.750 1.271 11.956 9.000 95789.000
-5.011 1.673 12.054 11.000 95800.000
-5.319 2.353 12.064 9.000 95809.000
-5.410 2.940 12.090 11.000 95820.000
-5.415 3.428 12.052 10.000 95830.000
-5.123 4.122 12.047 10.000 95840.000
-4.783 4.539 12.131 9.000 95849.000
-4.177 5.027 12.198 11.000 95860.000
-3.418 5.418 12.143 9.000 95869.000
-2.956 5.602 12.054 11.000 95880.000
-2.444 5.983 11.789 9.000 95889.000
-2.197 6.291 11.540 11.000 95900.000
-2.248 6.538 11.245 9.000 95909.000
-2.312 6.792 11.087 11.000 95920.000
-2.427 6.849 11.106 10.000 95930.000
-2.408 7.012 11.123 9.000 95939.000
-2.288 7.125 11.257 11.000 95950.000
-2.037 7.105 11.058 10.000 95960.000
-1.869 7.050 10.867 10.000 95970.000
-1.836 6.890 10.678 10.000 95980.000
-1.824 6.811 10.541 10.000 95990.000
-1.716 6.909 10.321 9.000 95999.000
-1.525 7.043 10.093 10.000 96009.000
-1.312 7.304 9.634 10.000 96019.000
-1.077 7.484 9.121 11.000 96030.000
-1.067 7.242 8.968 9.000 96039.000
-1.201 7.149 8.746 10.000 96049.000
-1.357 6.928 8.755 10.000 96059.000
-1.352 7.067 8.836 11.000 96070.000
-1.335 7.575 8.839 10.000 96080.000
-0.986 7.831 8.753 9.000 96089.000
-0.608 8.075 8.415 10.000 96099.000
-0.390 7.960 8.006 10.000 96109.000
-0.011 7.996 7.541 11.000 96120.000
0.177 8.135 7.235 10.000 96130.000
0.378 8.130 7.041 9.000 96139.000
0.679 8.037 6.675 10.000 96149.000
0.821 7.793 6.363 10.000 96159.000
1.007 7.671 5.904 10.000 96169.000
1.086 7.752 5.413 11.000 96180.000
1.065 7.922 5.094 9.000 96189.000
0.919 8.087 4.659 10.000 96199.000
0.727 8.130 4.371 10.000 96209.000
0.620 8.169 4.096 10.000 96219.000
0.442 8.188 3.804 11.000 96230.000
0.390 8.212 3.629 9.000 96239.000
0.323 8.101 3.383 11.000 96250.000
0.239 7.948 3.294 9.000 96259.000
0.344 7.769 2.832 10.000 96269.000
0.562 7.462 2.006 11.000 96280.000
0.794 7.290 1.252 9.000 96289.000
1.149 6.967 0.387 10.000 96299.000
1.460 6.538 -0.098 10.000 96309.000
1.659 6.236 -0.220 10.000 96319.000
1.946 5.925 -0.373 11.000 96330.000
2.111 5.765 -0.416 9.000 96339.000
2.336 5.712 -0.438 11.000 96350.000
2.480 5.530 -0.469 11.000 96361.000
2.535 5.358 -0.469 8.000 96369.000
2.645 5.121 -0.409 11.000 96380.000
2.619 4.927 -0.359 9.000 96389.000
2.657 4.714 -0.284 10.000 96399.000
2.758 4.417 -0.378 11.000 96410.000
2.803 4.185 -0.531 9.000 96419.000
2.865 3.727 -0.725 11.000 96430.000
2.990 3.227 -0.960 9.000 96439.000
3.052 2.810 -1.027 10.000 96449.000
3.066 2.183 -0.924 11.000 96460.000
3.064 1.781 -0.780 10.000 96470.000
2.928 1.386 -0.316 10.000 96480.000
2.913 0.955 0.268 9.000 96489.000
2.947 0.735 0.682 10.000 96499.000
3.119 0.478 1.323 10.000 96509.000
3.380 0.407 1.671 10.000 96519.000
3.694 0.442 2.207 11.000 96530.000
4.096 0.581 2.987 9.000 96539.000
4.359 0.756 3.541 10.000 96549.000
4.884 0.928 4.596 10.000 96559.000
5.363 1.070 5.662 10.000 96569.000
5.753 1.108 6.483 10.000 96579.000
6.246 1.201 7.132 10.000 96589.000
6.478 1.297 7.278 10.000 96599.000
6.586 1.290 7.438 10.000 96609.000
6.531 1.436 7.931 10.000 96619.000
6.373 1.527 8.597 10.000 96629.000
6.014 1.987 9.440 10.000 96639.000
5.650 2.509 9.950 10.000 96649.000
5.324 3.217 10.172 10.000 96659.000
4.754 4.094 10.505 11.000 96670.000
4.386 4.601 10.661 9.000 96679.000
3.696 4.898 10.627 10.000 96689.000
2.798 4.941 9.397 10.000 96699.000
2.145 4.817 8.056 10.000 96709.000
2.030 4.405 7.285 10.000 96719.000
2.236 4.204 6.703 11.000 96730.000
2.475 3.440 7.201 9.000 96739.000
2.401 2.770 7.747 10.000 96749.000
1.788 2.387 7.723 10.000 96759.000
1.039 2.892 9.746 10.000 96769.000
0.588 3.873 11.841 11.000 96780.000
-0.538 5.250 14.805 9.000 96789.000
-0.787 5.882 16.012 11.000 96800.000
-0.900 5.626 15.172 9.000 96809.000
-0.047 5.422 12.339 10.000 96819.000
0.718 3.677 8.269 11.000 96830.000
0.605 2.676 5.956 9.000 96839.000
-0.404 1.975 5.554 10.000 96849.000
-2.379 1.221 7.144 10.000 96859.000
-1.716 2.446 9.373 10.000 96869.000
-0.196 5.185 9.890 11.000 96880.000
2.221 7.625 8.497 9.000 96889.000
3.988 11.324 8.049 10.000 96899.000
4.194 14.097 7.283 10.000 96909.000
3.062 12.859 8.492 10.000 96919.000
1.977 10.405 9.277 11.000 96930.000
1.544 6.691 9.117 9.000 96939.000
1.046 3.469 8.858 10.000 96949.000
1.029 2.743 8.336 10.000 96959.000
1.161 3.763 8.145 10.000 96969.000
1.419 5.114 7.817 11.000 96980.000
1.742 5.973 7.587 9.000 96989.000
1.793 6.576 7.441 10.000 96999.000
1.508 6.318 7.541 10.000 97009.000
1.096 5.729 7.778 10.000 97019.000
0.588 5.425 7.967 11.000 97030.000
0.354 5.377 8.073 9.000 97039.000
0.387 5.762 7.848 10.000 97049.000
0.325 6.054 7.644 10.000 97059.000
0.359 6.062 7.489 11.000 97070.000
0.196 6.136 7.386 10.000 97080.000
-0.095 6.110 7.460 10.000 97090.000
-0.251 6.184 7.623 9.000 97099.000
-0.275 6.150 7.706 10.000 97109.000
-0.102 6.050 7.738 10.000 97119.000
0.122 5.856 7.654 11.000 97130.000
0.347 5.975 7.407 9.000 97139.000
0.440 6.203 7.240 10.000 97149.000
0.521 6.378 7.158 10.000 97159.000
0.550 6.646 7.192 10.000 97169.000
0.598 6.423 7.316 11.000 97180.000
0.658 6.009 7.376 9.000 97189.000
0.730 5.647 7.350 10.000 97199.000
0.833 5.664 7.369 10.000 97209.000
0.876 5.851 7.350 10.000 97219.000
0.746 6.189 7.623 11.000 97230.000
0.644 6.330 7.802 9.000 97239.000
0.509 6.093 7.936 10.000 97249.000
0.416 5.743 7.900 10.000 97259.000
0.495 5.688 7.697 10.000 97269.000
0.548 5.829 7.587 11.000 97280.000
0.545 6.062 7.577 9.000 97289.000
0.502 6.406 7.738 10.000 97299.000
0.428 6.330 7.766 10.000 97309.000
0.330 6.177 7.625 10.000 97319.000
0.287 5.932 7.383 10.000 97329.000
0.265 5.640 7.062 11.000 97340.000
0.263 5.516 6.813 10.000 97350.000
0.241 5.664 6.914 9.000 97359.000
0.177 6.021 7.211 10.000 97369.000
0.090 6.426 7.587 11.000 97380.000
0.000 6.679 7.977 9.000 97389.000
-0.014 6.517 7.996 11.000 97400.000
0.014 6.145 7.819 9.000 97409.000
0.086 5.736 7.522 10.000 97419.000
0.162 5.477 7.211 11.000 97430.000
0.189 5.729 7.295 9.000 97439.000
0.193 5.959 7.524 10.000 97449.000
0.155 6.227 7.874 10.000 97459.000
0.122 6.481 8.281 10.000 97469.000
0.105 6.445 8.485 11.000 97480.000
0.141 6.519 8.559 10.000 97490.000
0.162 6.514 8.700 9.000 97499.000
0.179 6.524 8.784 10.000 97509.000
0.225 6.387 8.899 10.000 97519.000
0.430 5.999 8.750 11.000 97530.000
0.651 5.691 8.535 9.000 97539.000
1.034 5.178 7.905 10.000 97549.000
1.388 4.812 7.244 11.000 97560.000
1.491 4.304 7.189 10.000 97570.000
1.170 3.952 6.971 10.000 97580.000
0.687 3.804 7.168 9.000 97589.000
0.581 3.813 7.505 11.000 97600.000
0.536 4.127 7.484 9.000 97609.000
0.636 5.298 8.195 10.000 97619.000
0.502 7.094 9.660 11.000 97630.000
-0.009 8.731 10.984 9.000 97639.000
-0.387 10.228 12.859 10.000 97649.000
0.222 10.670 12.552 11.000 97660.000
1.067 10.488 11.492 9.000 97669.000
2.786 10.268 9.722 11.000 97680.000
4.371 10.189 7.402 9.000 97689.000
5.748 10.601 6.308 10.000 97699.000
7.036 11.001 5.099 10.000 97709.000
7.450 11.439 2.865 231.000 97940.000
7.864 11.877 0.632 10.000 97950.000
4.764 8.705 -1.831 10.000 97960.000
1.924 4.685 1.522 10.000 97970.000
-0.914 0.665 6.610 10.000 97980.000
-1.558 -2.674 12.002 10.000 97990.000
0.809 -2.853 18.009 10.000 98000.000
4.860 0.881 15.926 10.000 98010.000
8.288 6.514 11.832 10.000 98020.000
9.521 11.468 7.433 10.000 98030.000
9.430 15.562 3.995 10.000 98040.000
7.484 16.601 2.944 10.000 98050.000
4.795 13.326 4.357 10.000 98060.000
2.669 9.892 5.655 10.000 98070.000
1.867 7.319 5.992 11.000 98081.000
1.228 4.946 6.009 8.000 98089.000
2.171 5.176 5.770 11.000 98100.000
2.552 5.564 5.645 9.000 98109.000
3.404 5.738 5.310 10.000 98119.000
4.094 5.712 5.295 11.000 98130.000
4.965 5.707 4.726 9.000 98139.000
5.590 6.275 4.596 10.000 98149.000
5.743 7.055 4.678 11.000 98160.000
5.224 8.109 5.097 9.000 98169.000
4.304 8.954 5.875 11.000 98180.000
3.292 9.148 6.165 9.000 98189.000
2.264 8.995 6.347 10.000 98199.000
1.910 8.568 6.191 10.000 98209.000
1.783 7.896 5.846 10.000 98219.000
2.288 7.283 5.406 11.000 98230.000
2.808 7.017 5.073 9.000 98239.000
3.418 6.737 4.795 10.000 98249.000
3.801 6.703 4.707 10.000 98259.000
3.904 6.739 4.726 10.000 98269.000
3.916 6.833 4.946 11.000 98280.000
3.837 6.940 5.111 10.000 98290.000
3.679 7.043 5.413 9.000 98299.000
3.509 7.096 5.750 11.000 98310.000
3.531 7.103 5.966 10.000 98320.000
3.581 7.110 6.076 10.000 98330.000
3.711 7.122 6.050 9.000 98339.000
3.897 7.094 5.930 11.000 98350.000
3.931 7.029 5.595 10.000 98360.000
3.936 6.964 5.365 9.000 98369.000
3.909 6.825 5.185 11.000 98380.000
3.825 6.727 5.099 9.000 98389.000
3.816 6.538 5.226 10.000 98399.000
3.900 6.349 5.456 10.000 98409.000
4.015 6.234 5.635 10.000 98419.000
4.189 6.155 5.906 11.000 98430.000
4.343 6.191 6.100 9.000 98439.000
4.462 6.057 6.064 10.000 98449.000
4.673 5.849 5.863 10.000 98459.000
4.824 5.604 5.571 12.000 98471.000
4.936 5.401 5.327 9.000 98480.000
4.932 5.396 5.358 9.000 98489.000
4.836 5.465 5.554 10.000 98499.000
4.764 5.480 5.805 10.000 98509.000
4.730 5.453 6.009 10.000 98519.000
4.764 5.394 6.102 11.000 98530.000
5.128 5.494 5.485 9.000 98539.000
5.468 5.650 4.812 10.000 98549.000
5.262 5.578 5.078 10.000 98559.000
5.046 5.511 5.305 10.000 98569.000
4.594 5.540 5.729 11.000 98580.000
4.304 5.339 6.342 9.000 98589.000
4.560 5.365 6.016 10.000 98599.000
4.795 5.312 5.580 10.000 98609.000
4.936 5.003 5.659 10.000 98619.000
5.003 4.941 5.420 12.000 98631.000
5.114 4.838 5.224 9.000 98640.000
5.245 4.814 5.137 10.000 98650.000
5.331 4.829 5.121 10.000 98660.000
5.288 4.874 5.188 10.000 98670.000
5.202 4.960 5.212 10.000 98680.000
5.171 5.092 5.116 9.000 98689.000
5.185 5.185 4.951 10.000 98699.000
5.255 5.159 5.042 10.000 98709.000
5.171 5.190 5.181 10.000 98719.000
5.032 5.176 5.439 11.000 98730.000
5.018 5.152 5.592 9.000 98739.000
4.989 5.200 5.535 11.000 98750.000
5.257 5.090 5.315 9.000 98759.000
5.398 5.044 5.224 10.000 98769.000
5.415 5.008 5.238 11.000 98780.000
5.295 4.951 5.377 9.000 98789.000
5.116 5.154 5.607 12.000 98801.000
5.063 5.293 5.707 9.000 98810.000
5.284 5.487 5.791 9.000 98819.000
5.640 5.702 5.750 11.000 98830.000
5.937 5.710 5.521 10.000 98840.000
6.062 5.676 5.408 9.000 98849.000
5.913 5.588 5.312 10.000 98859.000
5.736 5.461 5.353 11.000 98870.000
5.535 5.382 5.607 10.000 98880.000
5.585 5.394 5.674 10.000 98890.000
5.607 5.463 5.691 9.000 98899.000
5.657 5.571 5.571 10.000 98909.000
5.635 5.674 5.449 11.000 98920.000
5.513 5.655 5.461 10.000 98930.000
5.420 5.578 5.523 11.000 98941.000
5.410 5.430 5.600 9.000 98950.000
5.473 5.286 5.679 9.000 98959.000
5.638 5.236 5.480 10.000 98969.000
5.820 5.238 5.224 11.000 98980.000
5.918 5.312 4.953 10.000 98990.000
5.892 5.492 4.829 9.000 98999.000
5.784 5.650 4.917 10.000 99009.000
5.554 5.755 5.193 10.000 99019.000
5.427 5.803 5.382 11.000 99030.000
5.425 5.746 5.425 9.000 99039.000
5.468 5.688 5.422 10.000 99049.000
5.600 5.662 5.243 10.000 99059.000
5.628 5.693 5.149 10.000 99069.000
5.566 5.741 5.159 11.000 99080.000
5.458 5.789 5.214 9.000 99089.000
5.317 5.844 5.453 10.000 99099.000
5.157 5.928 5.741 10.000 99109.000
5.087 5.995 5.925 10.000 99119.000
5.554 6.119 4.944 11.000 99130.000
6.071 6.205 3.825 9.000 99139.000
6.658 5.959 2.896 11.000 99150.000
6.775 5.556 3.090 9.000 99159.000
6.356 5.097 4.450 10.000 99169.000
5.813 4.955 5.700 11.000 99180.000
5.255 5.204 6.576 9.000 99189.000
5.166 5.609 6.330 10.000 99199.000
5.109 6.040 6.078 11.000 99210.000
5.176 6.153 5.937 9.000 99219.000
5.125 6.179 5.963 11.000 99230.000
4.912 6.121 6.062 9.000 99239.000
4.668 6.038 6.165 12.000 99251.000
4.328 5.932 6.421 8.000 99259.000
4.070 5.827 6.646 10.000 99269.000
4.000 5.789 6.631 11.000 99280.000
3.833 5.734 6.445 10.000 99290.000
3.761 5.700 6.105 9.000 99299.000
3.900 5.705 5.427 10.000 99309.000
4.311 5.652 5.051 11.000 99320.000
4.821 5.616 4.848 10.000 99330.000
5.600 5.707 4.458 9.000 99339.000
6.167 5.760 4.405 11.000 99350.000
6.658 5.803 3.916 9.000 99359.000
6.715 5.935 3.866 10.000 99369.000
6.505 5.940 4.003 11.000 99380.000
6.107 5.956 4.218 10.000 99390.000
5.487 6.057 4.735 9.000 99399.000
5.260 6.114 4.723 11.000 99410.000
5.169 6.038 4.819 10.000 99420.000
5.264 5.949 4.836 10.000 99430.000
5.391 5.734 4.920 10.000 99440.000
5.559 5.473 5.094 9.000 99449.000
5.669 5.377 5.056 11.000 99460.000
5.801 5.384 4.910 9.000 99469.000
5.901 5.518 4.697 11.000 99480.000
6.021 5.659 4.604 9.000 99489.000
5.985 5.741 4.723 10.000 99499.000
5.928 5.719 4.951 10.000 99509.000
5.801 5.777 5.066 10.000 99519.000
5.655 5.827 5.061 11.000 99530.000
5.552 5.887 5.011 9.000 99539.000
5.480 5.951 4.960 11.000 99550.000
5.477 5.937 5.023 9.000 99559.000
5.480 5.944 5.099 10.000 99569.000
5.516 5.971 5.114 11.000 99580.000
5.521 5.942 5.159 9.000 99589.000
5.556 5.882 5.102 10.000 99599.000
5.588 5.801 5.030 10.000 99609.000
5.600 5.762 4.879 11.000 99620.000
5.600 5.765 4.786 10.000 99630.000
5.568 5.798 4.795 10.000 99640.000
5.542 5.841 4.829 10.000 99650.000
5.535 5.841 4.941 10.000 99660.000
5.568 5.870 4.924 10.000 99670.000
5.580 5.875 4.884 10.000 99680.000
5.588 5.870 4.819 9.000 99689.000
5.621 5.868 4.759 10.000 99699.000
5.626 5.846 4.740 11.000 99710.000
5.669 5.880 4.750 9.000 99719.000
5.688 5.911 4.697 11.000 99730.000
5.681 5.940 4.639 9.000 99739.000
5.647 5.980 4.572 10.000 99749.000
5.595 5.961 4.613 11.000 99760.000
5.566 5.944 4.716 9.000 99769.000
5.597 5.928 4.781 11.000 99780.000
5.655 5.899 4.855 11.000 99791.000
5.717 5.913 4.778 8.000 99799.000
5.741 5.882 4.635 10.000 99809.000
5.705 5.851 4.529 10.000 99819.000
5.597 5.865 4.424 11.000 99830.000
5.487 5.865 4.357 10.000 99840.000
5.446 5.904 4.446 9.000 99849.000
5.415 5.925 4.541 10.000 99859.000
5.456 5.901 4.637 10.000 99869.000
5.492 5.882 4.754 11.000 99880.000
5.528 5.870 4.711 9.000 99889.000
5.554 5.875 4.661 10.000 99899.000
5.556 5.904 4.575 10.000 99909.000
5.564 5.928 4.467 10.000 99919.000
5.499 5.928 4.489 11.000 99930.000
5.427 5.920 4.620 10.000 99940.000
5.379 5.889 4.788 9.000 99949.000
5.341 5.896 4.977 10.000 99959.000
5.343 5.928 5.109 10.000 99969.000
5.365 5.985 5.044 11.000 99980.000
5.372 6.038 4.991 9.000 99989.000
5.370 6.052 4.917 11.000 100000.000
5.396 6.045 4.814 10.000 100010.000
5.420 5.968 4.817 9.000 100019.000
5.458 5.896 4.807 11.000 100030.000
5.501 5.863 4.795 10.000 100040.000
5.516 5.851 4.812 9.000 100049.000
5.525 5.937 4.762 10.000 100059.000
5.473 6.045 4.795 12.000 100071.000
5.415 6.114 4.831 9.000 100080.000
5.324 6.165 4.917 9.000 100089.000
5.228 6.167 5.051 10.000 100099.000
5.228 6.117 5.106 11.000 100110.000
5.252 6.095 5.078 9.000 100119.000
5.310 6.093 4.999 11.000 100130.000
5.363 6.059 4.951 9.000 100139.000
5.422 6.019 4.829 10.000 100149.000
5.458 5.949 4.790 10.000 100159.000
5.525 5.911 4.802 10.000 100169.000
5.597 5.904 4.783 11.000 100180.000
5.623 5.896 4.922 9.000 100189.000
5.691 5.954 4.972 11.000 100200.000
5.726 5.980 4.972 9.000 100209.000
5.777 6.026 4.853 10.000 100219.000
5.832 6.110 4.644 11.000 100230.000
5.820 6.074 4.575 10.000 100240.000
5.786 6.021 4.625 9.000 100249.000
5.738 5.949 4.795 10.000 100259.000
5.705 5.872 4.991 10.000 100269.000
5.698 5.851 5.137 11.000 100280.000
5.702 5.856 5.109 9.000 100289.000
5.659 5.884 4.994 10.000 100299.000
5.602 5.918 4.853 10.000 100309.000
5.470 5.995 4.697 10.000 100319.000
5.317 6.088 4.690 11.000 100330.000
5.212 6.157 4.769 9.000 100339.000
5.116 6.196 4.908 11.000 100350.000
5.094 6.191 5.061 9.000 100359.000
5.149 6.124 5.106 10.000 100369.000
5.279 6.023 5.020 11.000 100380.000
5.398 5.954 4.874 9.000 100389.000
5.525 5.951 4.709 10.000 100399.000
5.607 5.985 4.558 10.000 100409.000
5.509 6.071 4.718 10.000 100419.000
5.456 6.160 4.896 11.000 100430.000
5.396 6.181 5.092 9.000 100439.000
5.437 6.145 5.173 10.000 100449.000
5.621 6.062 5.116 10.000 100459.000
5.760 5.975 5.042 10.000 100469.000
5.834 5.899 4.876 11.000 100480.000
5.808 5.880 4.826 9.000 100489.000
5.667 5.954 4.793 10.000 100499.000
5.544 5.999 4.783 10.000 100509.000
5.487 6.035 4.865 10.000 100519.000
5.451 6.042 4.884 11.000 100530.000
5.492 5.985 4.845 9.000 100539.000
5.513 5.995 4.776 10.000 100549.000
5.506 5.995 4.778 10.000 100559.000
5.477 6.023 4.843 10.000 100569.000
5.470 6.064 4.769 11.000 100580.000
5.461 6.054 4.695 9.000 100589.000
5.480 6.054 4.548 10.000 100599.000
5.485 6.033 4.462 10.000 100609.000
5.468 5.999 4.515 10.000 100619.000
5.444 5.985 4.580 11.000 100630.000
5.425 5.980 4.606 9.000 100639.000
5.420 5.997 4.572 10.000 100649.000
5.384 6.007 4.589 10.000 100659.000
5.358 6.009 4.601 10.000 100669.000
5.291 6.007 4.730 11.000 100680.000
5.252 6.052 4.848 9.000 100689.000
5.245 6.105 4.915 10.000 100699.000
5.216 6.169 5.018 10.000 100709.000
5.193 6.227 5.056 10.000 100719.000
5.140 6.236 5.106 11.000 100730.000
5.106 6.246 5.094 10.000 100740.000
5.094 6.244 5.046 10.000 100750.000
5.099 6.236 5.035 10.000 100760.000
5.106 6.191 5.094 9.000 100769.000
5.094 6.145 5.216 11.000 100780.000
5.116 6.145 5.209 9.000 100789.000
5.152 6.153 5.152 11.000 100800.000
5.159 6.241 5.020 10.000 100810.000
5.142 6.241 4.965 9.000 100819.000
5.092 6.196 5.039 11.000 100830.000
5.063 6.100 5.106 10.000 100840.000
5.111 6.021 5.061 9.000 100849.000
5.183 6.030 4.939 10.000 100859.000
5.360 6.014 4.704 10.000 100869.000
5.516 6.047 4.477 11.000 100880.000
5.691 5.990 4.383 9.000 100889.000
5.657 6.035 4.462 12.000 100901.000
5.518 6.107 4.654 8.000 100909.000
5.284 6.110 4.963 10.000 100919.000
4.979 6.143 5.252 11.000 100930.000
4.951 6.098 5.236 9.000 100939.000
4.891 6.133 5.284 11.000 100950.000
4.927 6.239 5.214 9.000 100959.000
4.908 6.330 5.204 10.000 100969.000
4.819 6.385 5.233 11.000 100980.000
4.762 6.358 5.197 9.000 100989.000
4.687 6.354 5.200 12.000 101001.000
4.668 6.363 5.142 8.000 101009.000
4.671 6.349 5.207 10.000 101019.000
4.764 6.361 5.200 11.000 101030.000
4.874 6.351 5.154 9.000 101039.000
4.987 6.313 5.135 11.000 101050.000
5.080 6.311 5.090 9.000 101059.000
5.082 6.284 5.118 10.000 101069.000
5.128 6.260 5.137 11.000 101080.000
5.171 6.265 5.130 9.000 101089.000
5.240 6.246 5.051 10.000 101099.000
5.310 6.224 4.970 11.000 101110.000
5.370 6.227 4.872 10.000 101120.000
5.384 6.248 4.908 10.000 101130.000
5.372 6.294 5.015 9.000 101139.000
5.307 6.337 5.140 10.000 101149.000
5.228 6.358 5.224 10.000 101159.000
5.195 6.361 5.173 10.000 101169.000
5.173 6.327 5.104 11.000 101180.000
5.204 6.296 5.018 9.000 101189.000
5.228 6.193 4.972 11.000 101200.000
5.272 6.086 4.872 9.000 101209.000
5.303 6.014 4.790 10.000 101219.000
5.248 6.052 4.752 11.000 101230.000
5.181 6.157 4.740 9.000 101239.000
5.442 6.335 4.005 11.000 101250.000
5.415 6.248 3.907 9.000 101259.000
5.475 6.052 3.766 10.000 101269.000
5.157 5.884 4.316 11.000 101280.000
4.654 5.944 5.317 9.000 101289.000
4.438 6.268 5.681 10.000 101299.000
4.268 6.581 6.105 10.000 101309.000
4.477 6.866 5.837 10.000 101319.000
4.496 6.792 6.042 11.000 101330.000
4.510 6.607 6.088 9.000 101339.000
4.479 6.433 6.074 11.000 101350.000
4.419 6.114 5.973 10.000 101360.000
4.386 5.861 5.726 9.000 101369.000
4.283 5.772 5.597 11.000 101380.000
4.113 5.746 5.389 10.000 101390.000
3.971 5.863 5.267 10.000 101400.000
4.288 6.102 4.941 10.000 101410.000
4.618 6.162 4.750 9.000 101419.000
5.015 6.160 4.637 11.000 101430.000
5.386 6.129 4.515 9.000 101439.000
5.300 5.975 4.596 10.000 101449.000
5.363 6.033 4.544 10.000 101459.000
5.374 6.138 4.613 10.000 101469.000
5.413 6.272 4.692 11.000 101480.000
5.331 6.380 4.843 10.000 101490.000
5.161 6.402 5.037 10.000 101500.000
5.056 6.356 5.006 10.000 101510.000
4.888 6.327 5.073 9.000 101519.000
4.841 6.325 5.068 10.000 101529.000
4.721 6.315 5.078 10.000 101539.000
4.690 6.325 5.166 11.000 101550.000
4.721 6.318 5.157 9.000 101559.000
4.826 6.289 5.116 10.000 101569.000
5.003 6.268 5.061 11.000 101580.000
5.114 6.224 5.015 9.000 101589.000
5.257 6.165 4.963 10.000 101599.000
5.327 6.126 4.941 10.000 101609.000
5.360 6.093 5.030 10.000 101619.000
5.358 6.081 5.133 11.000 101630.000
5.272 6.110 5.250 9.000 101639.000
5.195 6.133 5.319 10.000 101649.000
5.154 6.153 5.279 10.000 101659.000
5.099 6.141 5.181 11.000 101670.000
5.102 6.117 5.051 10.000 101680.000
5.094 6.098 4.970 10.000 101690.000
5.087 6.131 4.905 9.000 101699.000
5.094 6.196 4.898 10.000 101709.000
5.018 6.268 4.948 11.000 101720.000
4.912 6.325 5.037 10.000 101730.000
4.807 6.330 5.109 9.000 101739.000
4.759 6.275 5.133 10.000 101749.000
4.788 6.200 5.123 11.000 101760.000
4.893 6.169 5.015 10.000 101770.000
4.939 6.131 4.994 10.000 101780.000
4.927 6.153 5.020 10.000 101790.000
4.843 6.155 5.102 9.000 101799.000
4.766 6.133 5.202 11.000 101810.000
4.750 6.119 5.216 10.000 101820.000
4.702 6.155 5.221 9.000 101829.000
4.726 6.210 5.171 10.000 101839.000
4.695 6.337 5.099 11.000 101850.000
4.680 6.426 5.125 9.000 101859.000
4.697 6.464 5.161 11.000 101870.000
4.730 6.440 5.212 10.000 101880.000
4.764 6.339 5.324 9.000 101889.000
4.824 6.277 5.240 11.000 101900.000
4.891 6.210 5.133 10.000 101910.000
4.941 6.205 5.011 10.000 101920.000
4.999 6.200 4.900 9.000 101929.000
5.013 6.196 4.888 11.000 101940.000
4.984 6.191 4.989 10.000 101950.000
4.975 6.208 5.070 9.000 101959.000
4.958 6.224 5.140 11.000 101970.000
5.003 6.246 5.152 10.000 101980.000
5.099 6.191 5.125 10.000 101990.000
5.176 6.114 5.118 9.000 101999.000
5.075 6.100 5.173 11.000 102010.000
4.912 6.081 5.286 10.000 102020.000
4.625 6.354 5.365 10.000 102030.000
4.230 6.610 5.623 10.000 102040.000
4.012 6.804 5.820 10.000 102050.000
3.811 6.969 5.987 9.000 102059.000
3.720 6.924 6.138 11.000 102070.000
3.816 6.907 5.978 10.000 102080.000
3.974 6.758 5.801 9.000 102089.000
4.115 6.639 5.652 10.000 102099.000
4.367 6.442 5.374 11.000 102110.000
4.546 6.291 5.188 10.000 102120.000
4.663 6.272 5.018 9.000 102129.000
4.730 6.294 4.932 11.000 102140.000
4.687 6.392 4.975 9.000 102149.000
4.687 6.325 5.027 10.000 102159.000
4.831 6.241 4.960 11.000 102170.000
5.025 6.117 4.809 10.000 102180.000
5.288 6.059 4.697 9.000 102189.000
5.501 6.110 4.616 10.000 102199.000
5.430 6.282 4.759 10.000 102209.000
5.248 6.461 4.888 10.000 102219.000
4.996 6.574 4.979 11.000 102230.000
4.745 6.660 5.145 9.000 102239.000
4.611 6.646 5.216 10.000 102249.000
4.587 6.624 5.303 11.000 102260.000
4.769 6.667 4.991 9.000 102269.000
4.951 6.737 4.606 11.000 102280.000
5.032 6.667 4.297 10.000 102290.000
5.075 6.502 4.268 9.000 102299.000
4.912 6.272 4.637 10.000 102309.000
4.692 6.014 4.946 11.000 102320.000
4.596 5.889 5.166 9.000 102329.000
4.805 6.179 4.912 10.000 102339.000
4.879 6.411 4.886 11.000 102350.000
5.011 6.672 4.920 9.000 102359.000
5.085 6.864 4.953 10.000 102369.000
4.903 6.684 5.135 11.000 102380.000
4.855 6.562 5.090 9.000 102389.000
4.764 6.457 5.092 11.000 102400.000
4.730 6.421 5.094 10.000 102410.000
4.529 6.440 5.307 9.000 102419.000
4.264 6.605 5.540 10.000 102429.000
4.041 6.754 5.724 11.000 102440.000
3.785 6.856 6.076 10.000 102450.000
3.687 6.957 6.263 10.000 102460.000
3.600 6.847 6.519 9.000 102469.000
3.481 6.713 6.761 10.000 102479.000
3.394 6.624 6.835 10.000 102489.000
3.366 6.543 6.641 10.000 102499.000
3.093 6.418 6.196 10.000 102509.000
2.853 6.318 5.765 12.000 102521.000
3.651 6.500 4.951 9.000 102530.000
4.390 6.675 4.405 9.000 102539.000
5.386 6.701 3.811 10.000 102549.000
6.294 6.663 3.569 15.000 102564.000
6.165 6.342 3.711 5.000 102569.000
5.798 6.208 4.017 11.000 102580.000
5.473 6.330 4.534 9.000 102589.000
5.051 6.579 4.692 11.000 102600.000
4.704 6.754 4.759 9.000 102609.000
4.594 6.742 4.661 10.000 102619.000
4.551 6.701 4.651 10.000 102629.000
4.594 6.564 4.711 12.000 102641.000
4.563 6.502 4.862 8.000 102649.000
4.529 6.428 4.927 10.000 102659.000
4.429 6.382 4.903 10.000 102669.000
4.467 6.358 4.879 11.000 102680.000
4.455 6.332 4.917 10.000 102690.000
4.446 6.318 5.042 9.000 102699.000
4.474 6.368 5.030 10.000 102709.000
4.462 6.430 4.955 10.000 102719.000
4.537 6.507 4.886 11.000 102730.000
4.556 6.538 4.831 9.000 102739.000
4.537 6.505 4.912 10.000 102749.000
4.522 6.538 4.977 10.000 102759.000
4.472 6.560 4.975 11.000 102770.000
4.465 6.593 5.092 10.000 102780.000
4.484 6.600 5.171 9.000 102789.000
4.498 6.540 5.267 10.000 102799.000
4.551 6.540 5.224 10.000 102809.000
4.604 6.607 5.087 10.000 102819.000
4.630 6.701 4.989 11.000 102830.000
4.592 6.725 5.149 9.000 102839.000
4.515 6.689 5.449 10.000 102849.000
4.517 6.593 5.662 11.000 102860.000
4.568 6.552 5.712 9.000 102869.000
4.683 6.581 5.504 11.000 102880.000
4.788 6.610 5.209 9.000 102889.000
4.826 6.665 4.960 11.000 102900.000
4.786 6.639 4.970 9.000 102909.000
4.738 6.622 5.027 11.000 102920.000
4.699 6.605 5.171 10.000 102930.000
4.656 6.643 5.245 9.000 102939.000
4.601 6.715 5.257 10.000 102949.000
4.553 6.777 5.221 10.000 102959.000
4.474 6.847 5.185 11.000 102970.000
4.400 6.861 5.219 11.000 102981.000
4.419 6.895 5.149 8.000 102989.000
4.434 6.876 5.075 11.000 103000.000
4.479 6.849 5.001 10.000 103010.000
4.558 6.799 4.841 10.000 103020.000
4.587 6.722 4.750 10.000 103030.000
4.592 6.739 4.666 9.000 103039.000
4.596 6.801 4.632 10.000 103049.000
4.568 6.888 4.685 10.000 103059.000
4.537 6.940 4.783 10.000 103069.000
4.568 6.909 4.843 11.000 103080.000
4.599 6.833 4.853 9.000 103089.000
4.606 6.763 4.841 11.000 103100.000
4.616 6.727 4.783 9.000 103109.000
4.601 6.713 4.747 10.000 103119.000
4.575 6.713 4.711 11.000 103130.000
4.572 6.706 4.697 9.000 103139.000
4.558 6.703 4.716 10.000 103149.000
4.534 6.722 4.750 10.000 103159.000
4.539 6.749 4.766 10.000 103169.000
4.515 6.804 4.786 11.000 103180.000
4.503 6.854 4.771 9.000 103189.000
4.489 6.883 4.733 10.000 103199.000
4.436 6.880 4.750 11.000 103210.000
4.412 6.849 4.764 9.000 103219.000
4.407 6.845 4.809 11.000 103230.000
4.405 6.861 4.879 10.000 103240.000
4.450 6.897 4.872 9.000 103249.000
4.503 6.909 4.836 10.000 103259.000
4.537 6.895 4.769 10.000 103269.000
4.541 6.828 4.714 11.000 103280.000
4.520 6.751 4.697 10.000 103290.000
4.472 6.732 4.733 10.000 103300.000
4.407 6.720 4.800 9.000 103309.000
4.371 6.761 4.855 10.000 103319.000
4.369 6.780 4.884 11.000 103330.000
4.395 6.761 4.857 9.000 103339.000
4.438 6.734 4.800 11.000 103350.000
4.486 6.718 4.771 9.000 103359.000
4.501 6.722 4.769 10.000 103369.000
4.469 6.727 4.831 11.000 103380.000
4.446 6.713 4.869 9.000 103389.000
4.417 6.689 4.879 11.000 103400.000
4.359 6.754 4.836 9.000 103409.000
4.338 6.823 4.759 10.000 103419.000
4.273 6.979 4.802 11.000 103430.000
4.182 7.084 4.934 10.000 103440.000
4.120 7.101 5.118 9.000 103449.000
4.101 7.067 5.193 11.000 103460.000
4.146 6.988 5.137 10.000 103470.000
4.218 6.959 4.994 10.000 103480.000
4.249 6.933 4.951 10.000 103490.000
4.237 6.957 5.018 9.000 103499.000
4.220 6.988 5.121 10.000 103509.000
4.237 7.007 5.121 11.000 103520.000
4.295 7.024 5.020 10.000 103530.000
4.388 7.012 4.872 9.000 103539.000
4.458 6.971 4.721 10.000 103549.000
4.489 6.928 4.716 11.000 103560.000
4.580 6.871 4.762 9.000 103569.000
4.635 6.842 4.855 11.000 103580.000
4.692 6.818 4.884 9.000 103589.000
4.754 6.809 4.869 11.000 103600.000
4.759 6.809 4.721 10.000 103610.000
4.735 6.792 4.675 10.000 103620.000
4.709 6.770 4.695 10.000 103630.000
4.625 6.739 4.742 10.000 103640.000
4.568 6.687 4.824 9.000 103649.000
4.539 6.651 4.802 10.000 103659.000
4.541 6.636 4.797 11.000 103670.000
4.601 6.631 4.764 10.000 103680.000
4.630 6.663 4.807 9.000 103689.000
4.618 6.694 4.848 11.000 103700.000
4.575 6.703 4.872 10.000 103710.000
4.635 6.730 4.774 9.000 103719.000
4.697 6.746 4.649 11.000 103730.000
4.841 6.713 4.604 9.000 103739.000
4.941 6.715 4.582 10.000 103749.000
4.939 6.701 4.683 10.000 103759.000
4.912 6.675 4.750 10.000 103769.000
4.917 6.672 4.735 11.000 103780.000
4.965 6.634 4.697 9.000 103789.000
4.996 6.557 4.723 10.000 103799.000
5.051 6.493 4.783 10.000 103809.000
5.015 6.471 4.843 10.000 103819.000
5.013 6.485 4.850 11.000 103830.000
5.027 6.538 4.793 9.000 103839.000
5.020 6.579 4.788 10.000 103849.000
5.032 6.603 4.788 10.000 103859.000
4.972 6.631 4.850 10.000 103869.000
4.850 6.641 4.927 11.000 103880.000
4.750 6.663 4.951 9.000 103889.000
4.687 6.754 4.905 11.000 103900.000
4.644 6.756 4.886 10.000 103910.000
4.663 6.777 4.853 9.000 103919.000
4.690 6.777 4.824 11.000 103930.000
4.678 6.708 4.865 9.000 103939.000
4.661 6.667 4.896 11.000 103950.000
4.548 6.619 4.994 10.000 103960.000
4.429 6.593 5.087 10.000 103970.000
4.309 6.552 4.970 10.000 103980.000
4.213 6.531 4.826 9.000 103989.000
4.436 6.562 4.264 15.000 104004.000
4.807 6.349 3.646 6.000 104010.000
5.178 6.150 3.239 9.000 104019.000
5.410 6.112 3.191 11.000 104030.000
5.092 6.210 3.778 9.000 104039.000
4.625 6.552 4.419 10.000 104049.000
4.283 6.936 5.094 11.000 104060.000
4.079 7.158 5.410 9.000 104069.000
4.153 7.168 5.492 11.000 104080.000
4.240 7.149 5.671 9.000 104089.000
4.201 7.089 5.817 10.000 104099.000
4.132 6.950 6.035 10.000 104109.000
4.113 6.842 6.205 10.000 104119.000
4.082 6.722 6.282 11.000 104130.000
4.003 6.596 6.311 9.000 104139.000
3.955 6.548 6.268 10.000 104149.000
3.845 6.562 6.191 10.000 104159.000
3.835 6.691 5.935 10.000 104169.000
3.873 6.828 5.726 11.000 104180.000
3.878 6.722 5.422 9.000 104189.000
3.945 6.555 5.152 10.000 104199.000
4.323 6.435 4.663 10.000 104209.000
5.204 6.363 4.062 11.000 104220.000
6.119 6.533 3.557 10.000 104230.000
6.519 6.667 3.251 10.000 104240.000
6.507 6.679 3.337 9.000 104249.000
5.686 6.600 3.639 11.000 104260.000
4.881 6.622 4.113 10.000 104270.000
4.592 6.679 4.388 10.000 104280.000
4.426 6.706 4.707 10.000 104290.000
4.568 6.775 4.922 9.000 104299.000
4.711 6.725 4.934 10.000 104309.000
4.757 6.677 4.989 10.000 104319.000
4.678 6.660 5.001 11.000 104330.000
4.508 6.663 4.951 9.000 104339.000
4.259 6.804 4.917 11.000 104350.000
4.108 6.943 4.841 10.000 104360.000
3.955 7.010 4.932 10.000 104370.000
3.892 7.058 5.085 10.000 104380.000
3.876 6.876 5.319 11.000 104391.000
3.883 6.746 5.552 8.000 104399.000
3.892 6.689 5.616 11.000 104410.000
3.890 6.682 5.647 9.000 104419.000
3.902 6.785 5.612 11.000 104430.000
3.881 6.825 5.561 10.000 104440.000
3.840 6.818 5.535 10.000 104450.000
3.811 6.761 5.542 10.000 104460.000
3.746 6.734 5.573 10.000 104470.000
3.648 6.737 5.664 10.000 104480.000
3.569 6.787 5.731 10.000 104490.000
3.562 6.840 5.726 10.000 104500.000
3.591 6.861 5.698 10.000 104510.000
3.653 6.885 5.623 10.000 104520.000
3.670 6.938 5.573 10.000 104530.000
3.615 6.988 5.595 10.000 104540.000
3.543 7.003 5.614 10.000 104550.000
3.481 6.995 5.635 10.000 104560.000
3.505 6.895 5.549 10.000 104570.000
3.591 6.777 5.415 10.000 104580.000
3.694 6.696 5.284 10.000 104590.000
3.763 6.624 5.190 10.000 104600.000
3.734 6.658 5.226 10.000 104610.000
3.643 6.708 5.310 9.000 104619.000
3.538 6.792 5.442 11.000 104630.000
3.466 6.866 5.535 10.000 104640.000
3.536 6.828 5.650 10.000 104650.000
3.675 6.727 5.549 10.000 104660.000
3.828 6.593 5.401 10.000 104670.000
3.974 6.507 5.145 10.000 104680.000
4.036 6.493 4.821 10.000 104690.000
3.969 6.627 4.860 10.000 104700.000
3.835 6.775 5.066 9.000 104709.000
3.708 6.876 5.379 10.000 104719.000
3.632 6.950 5.609 11.000 104730.000
3.696 6.938 5.566 9.000 104739.000
3.828 6.912 5.355 10.000 104749.000
3.979 6.876 5.149 10.000 104759.000
4.079 6.866 5.027 10.000 104769.000
4.110 6.871 5.099 11.000 104780.000
4.161 6.856 5.109 9.000 104789.000
4.192 6.852 5.114 10.000 104799.000
4.235 6.880 5.070 11.000 104810.000
4.266 6.895 4.960 9.000 104819.000
4.292 6.856 4.939 11.000 104830.000
4.299 6.813 4.929 9.000 104839.000
4.295 6.737 4.967 10.000 104849.000
4.314 6.732 4.999 10.000 104859.000
4.345 6.758 5.075 10.000 104869.000
4.395 6.789 5.140 11.000 104880.000
4.438 6.763 5.193 9.000 104889.000
4.458 6.665 5.252 10.000 104899.000
4.369 6.634 5.123 10.000 104909.000
4.201 6.708 5.027 10.000 104919.000
4.041 6.840 4.944 11.000 104930.000
3.849 6.945 5.018 9.000 104939.000
3.739 7.024 5.209 11.000 104950.000
3.663 6.974 5.482 9.000 104959.000
3.596 6.952 5.707 10.000 104969.000
3.560 6.957 5.774 11.000 104980.000
3.600 6.962 5.612 9.000 104989.000
3.691 6.959 5.260 11.000 105000.000
3.773 6.928 4.955 11.000 105011.000
3.804 6.888 4.845 8.000 105019.000
3.758 6.847 4.965 11.000 105030.000
3.732 6.799 5.204 9.000 105039.000
3.687 6.746 5.511 11.000 105050.000
3.691 6.703 5.623 9.000 105059.000
3.706 6.730 5.604 10.000 105069.000
3.696 6.794 5.540 11.000 105080.000
3.730 6.912 5.264 10.000 105090.000
3.778 6.928 5.054 10.000 105100.000
3.816 6.876 4.975 9.000 105109.000
3.902 6.797 4.948 11.000 105120.000
3.964 6.670 5.066 10.000 105130.000
3.983 6.734 5.252 9.000 105139.000
3.967 6.854 5.413 11.000 105150.000
3.902 7.000 5.521 10.000 105160.000
3.806 7.144 5.513 9.000 105169.000
3.734 7.132 5.415 11.000 105180.000
3.699 7.065 5.343 9.000 105189.000
3.708 7.024 5.269 10.000 105199.000
3.749 6.986 5.310 11.000 105210.000
3.833 7.060 5.183 9.000 105219.000
3.873 7.043 5.114 11.000 105230.000
3.869 7.000 5.046 10.000 105240.000
3.871 6.945 4.922 9.000 105249.000
3.835 6.842 4.922 10.000 105259.000
3.811 6.943 4.898 11.000 105270.000
3.804 7.007 4.932 10.000 105280.000
3.790 7.084 5.023 9.000 105289.000
3.782 7.110 5.145 11.000 105300.000
3.790 7.005 5.288 9.000 105309.000
3.780 6.936 5.374 10.000 105319.000
3.770 6.950 5.379 11.000 105330.000
3.754 7.015 5.353 9.000 105339.000
3.756 7.115 5.300 11.000 105350.000
3.768 7.216 5.334 9.000 105359.000
3.780 7.232 5.449 10.000 105369.000
3.821 7.216 5.509 11.000 105380.000
3.859 7.182 5.540 9.000 105389.000
3.938 7.149 5.355 11.000 105400.000
4.007 7.137 5.027 9.000 105409.000
4.048 7.158 4.754 10.000 105419.000
4.094 7.165 4.577 11.000 105430.000
4.017 7.077 4.604 9.000 105439.000
3.950 6.967 4.774 10.000 105449.000
3.909 6.821 4.879 11.000 105460.000
3.864 6.689 4.888 9.000 105469.000
3.797 6.823 4.872 11.000 105480.000
3.588 7.005 4.867 9.000 105489.000
3.354 7.223 4.927 11.000 105500.000
3.258 7.517 4.999 10.000 105510.000
3.256 7.642 5.023 10.000 105520.000
3.270 7.635 5.468 10.000 105530.000
3.940 7.508 5.056 9.000 105539.000
4.472 7.304 4.632 10.000 105549.000
5.181 6.964 4.060 10.000 105559.000
6.148 6.584 2.896 10.000 105569.000
6.459 6.323 2.590 11.000 105580.000
6.641 6.287 2.518 10.000 105590.000
6.646 6.387 2.595 9.000 105599.000
6.327 6.679 2.918 10.000 105609.000
5.971 6.950 3.409 10.000 105619.000
5.743 6.995 3.665 11.000 105630.000
5.420 7.094 3.948 10.000 105640.000
5.286 7.125 4.141 9.000 105649.000
5.173 7.177 4.247 10.000 105659.000
5.037 7.208 4.374 11.000 105670.000
4.996 7.187 4.474 10.000 105680.000
4.582 7.041 4.527 9.000 105689.000
4.378 7.125 4.213 10.000 105699.000
4.199 7.230 3.878 11.000 105710.000
4.323 7.098 3.624 10.000 105720.000
4.821 7.091 3.418 10.000 105730.000
5.116 6.974 3.703 9.000 105739.000
5.267 6.986 4.024 11.000 105750.000
5.114 7.235 4.264 9.000 105759.000
4.853 7.457 4.484 10.000 105769.000
4.601 7.560 4.501 11.000 105780.000
4.381 7.505 4.405 9.000 105789.000
4.252 7.333 4.225 11.000 105800.000
4.230 7.187 4.065 9.000 105809.000
4.244 7.082 3.902 10.000 105819.000
4.371 7.005 3.816 11.000 105830.000
4.340 7.105 3.979 10.000 105840.000
4.359 7.165 4.065 10.000 105850.000
4.343 7.184 4.153 9.000 105859.000
4.345 7.201 4.173 10.000 105869.000
4.405 7.177 3.904 11.000 105880.000
4.414 7.194 3.713 10.000 105890.000
4.438 7.244 3.782 9.000 105899.000
4.443 7.297 3.921 10.000 105909.000
4.467 7.347 4.256 11.000 105920.000
4.520 7.371 4.414 10.000 105930.000
4.558 7.362 4.311 9.000 105939.000
4.563 7.357 4.098 10.000 105949.000
4.558 7.335 3.811 11.000 105960.000
4.501 7.299 3.809 9.000 105969.000
4.405 7.285 3.881 11.000 105980.000
4.343 7.266 4.062 9.000 105989.000
4.235 7.287 4.247 11.000 106000.000
4.240 7.326 4.288 9.000 106009.000
4.283 7.343 4.254 10.000 106019.000
4.333 7.376 4.194 11.000 106030.000
4.429 7.369 4.132 10.000 106040.000
4.410 7.366 3.969 9.000 106049.000
4.386 7.352 3.849 10.000 106059.000
4.355 7.321 3.756 10.000 106069.000
4.321 7.335 3.809 11.000 106080.000
4.314 7.369 3.998 10.000 106090.000
4.254 7.376 4.132 10.000 106100.000
4.151 7.388 4.187 9.000 106109.000
4.050 7.354 4.096 10.000 106119.000
3.955 7.304 4.046 11.000 106130.000
3.904 7.290 4.180 9.000 106139.000
3.897 7.271 4.393 10.000 106149.000
3.861 7.321 4.616 10.000 106159.000
3.821 7.388 4.797 10.000 106169.000
3.828 7.477 4.632 11.000 106180.000
3.888 7.515 4.517 9.000 106189.000
3.976 7.484 4.393 10.000 106199.000
4.084 7.390 4.230 10.000 106209.000
4.156 7.278 4.242 10.000 106219.000
4.194 7.252 4.333 11.000 106230.000
4.194 7.283 4.481 10.000 106240.000
4.175 7.376 4.668 9.000 106249.000
4.098 7.491 4.833 10.000 106259.000
3.945 7.620 4.800 10.000 106269.000
3.670 7.577 4.965 50.000 106319.000
3.394 7.534 5.130 11.000 106330.000
3.236 7.474 5.228 9.000 106339.000
3.136 7.364 5.396 11.000 106350.000
3.119 7.414 5.209 9.000 106359.000
3.083 7.410 4.955 10.000 106369.000
2.987 7.400 4.790 11.000 106380.000
2.870 7.350 4.778 9.000 106389.000
3.007 7.302 4.908 11.000 106400.000
3.162 7.309 5.104 10.000 106410.000
3.380 7.189 5.307 10.000 106420.000
3.620 7.110 5.358 9.000 106429.000
3.514 7.082 5.245 11.000 106440.000
3.423 7.259 4.924 9.000 106449.000
3.270 7.563 4.596 10.000 106459.000
3.160 7.850 4.417 11.000 106470.000
3.217 8.039 4.357 10.000 106480.000
3.344 7.872 4.687 10.000 106490.000
3.371 7.690 5.090 9.000 106499.000
3.354 7.524 5.343 11.000 106510.000
3.268 7.366 5.583 9.000 106519.000
3.157 7.412 5.386 11.000 106530.000
3.148 7.472 5.118 10.000 106540.000
3.160 7.515 4.786 10.000 106550.000
3.241 7.551 4.467 9.000 106559.000
3.217 7.580 4.381 10.000 106569.000
3.215 7.666 4.467 10.000 106579.000
3.191 7.769 4.618 10.000 106589.000
3.141 7.781 4.939 11.000 106600.000
3.136 7.747 5.281 9.000 106609.000
3.090 7.656 5.305 11.000 106620.000
3.090 7.594 5.164 10.000 106630.000
3.117 7.623 4.853 10.000 106640.000
3.248 7.587 4.505 10.000 106650.000
3.399 7.551 4.304 9.000 106659.000
3.651 7.522 4.259 11.000 106670.000
3.936 7.493 4.242 10.000 106680.000
4.115 7.529 4.261 9.000 106689.000
4.185 7.443 4.316 11.000 106700.000
4.108 7.357 4.378 9.000 106709.000
3.998 7.271 4.412 11.000 106720.000
3.921 7.304 4.347 10.000 106730.000
3.955 7.460 4.247 9.000 106739.000
3.995 7.577 4.206 10.000 106749.000
4.065 7.635 4.244 11.000 106760.000
4.101 7.572 4.381 10.000 106770.000
4.122 7.448 4.426 10.000 106780.000
4.137 7.326 4.414 10.000 106790.000
4.082 7.297 4.271 10.000 106800.000
4.031 7.340 4.192 9.000 106809.000
3.995 7.445 4.204 10.000 106819.000
3.928 7.527 4.213 11.000 106830.000
3.916 7.572 4.326 10.000 106840.000
3.900 7.546 4.374 9.000 106849.000
3.852 7.529 4.390 11.000 106860.000
3.835 7.536 4.410 9.000 106869.000
3.780 7.529 4.395 11.000 106880.000
3.754 7.515 4.264 10.000 106890.000
3.758 7.491 4.163 10.000 106900.000
3.770 7.453 4.067 10.000 106910.000
3.806 7.431 3.955 10.000 106920.000
3.780 7.467 4.197 10.000 106930.000
3.768 7.522 4.378 9.000 106939.000
3.749 7.592 4.556 12.000 106951.000
3.770 7.594 4.668 9.000 106960.000
3.792 7.527 4.539 10.000 106970.000
3.799 7.441 4.469 10.000 106980.000
3.821 7.338 4.410 10.000 106990.000
3.801 7.302 4.414 10.000 107000.000
3.804 7.285 4.465 10.000 107010.000
3.751 7.400 4.611 9.000 107019.000
3.684 7.532 4.747 11.000 107030.000
3.560 7.647 4.917 10.000 107040.000
3.447 7.762 5.046 9.000 107049.000
3.339 7.692 5.097 10.000 107059.000
3.236 7.635 5.078 10.000 107069.000
3.191 7.594 5.025 11.000 107080.000
3.227 7.558 4.841 11.000 107091.000
3.368 7.546 4.635 8.000 107099.000
3.505 7.522 4.498 10.000 107109.000
3.663 7.508 4.419 10.000 107119.000
3.739 7.489 4.472 11.000 107130.000
3.694 7.429 4.522 9.000 107139.000
3.629 7.431 4.498 11.000 107150.000
3.543 7.424 4.417 9.000 107159.000
3.464 7.429 4.292 10.000 107169.000
3.452 7.503 4.175 11.000 107180.000
3.471 7.501 4.230 9.000 107189.000
3.538 7.520 4.237 11.000 107200.000
3.598 7.527 4.288 9.000 107209.000
3.653 7.491 4.299 11.000 107220.000
3.636 7.486 4.237 10.000 107230.000
3.572 7.460 4.223 9.000 107239.000
3.538 7.493 4.256 10.000 107249.000
3.509 7.570 4.328 10.000 107259.000
3.605 7.649 4.309 10.000 107269.000
3.713 7.654 4.328 11.000 107280.000
3.790 7.599 4.299 9.000 107289.000
3.861 7.546 4.343 10.000 107299.000
3.869 7.474 4.453 10.000 107309.000
3.878 7.501 4.481 10.000 107319.000
3.888 7.501 4.484 11.000 107330.000
3.902 7.498 4.414 9.000 107339.000
3.919 7.505 4.371 11.000 107350.000
3.921 7.489 4.371 9.000 107359.000
3.914 7.536 4.383 10.000 107369.000
3.847 7.594 4.376 11.000 107380.000
3.778 7.642 4.343 9.000 107389.000
3.670 7.699 4.340 10.000 107399.000
3.543 7.728 4.460 11.000 107410.000
3.476 7.747 4.599 9.000 107419.000
3.423 7.783 4.711 11.000 107430.000
3.409 7.809 4.793 9.000 107439.000
3.447 7.838 4.680 10.000 107449.000
3.497 7.824 4.501 10.000 107459.000
3.533 7.793 4.347 10.000 107469.000
3.567 7.738 4.264 11.000 107480.000
3.576 7.671 4.266 9.000 107489.000
3.615 7.671 4.326 10.000 107499.000
3.639 7.697 4.362 10.000 107509.000
3.665 7.747 4.328 10.000 107519.000
3.701 7.812 4.259 11.000 107530.000
3.682 7.781 4.213 9.000 107539.000
3.677 7.723 4.192 11.000 107550.000
3.694 7.706 4.254 9.000 107559.000
3.701 7.675 4.352 10.000 107569.000
3.744 7.757 4.398 11.000 107580.000
3.744 7.824 4.419 9.000 107589.000
3.722 7.850 4.357 11.000 107600.000
3.730 7.891 4.259 10.000 107610.000
3.715 7.891 4.199 9.000 107619.000
3.739 7.879 4.211 11.000 107630.000
3.751 7.860 4.218 9.000 107639.000
3.734 7.826 4.261 11.000 107650.000
3.722 7.757 4.271 10.000 107660.000
3.734 7.678 4.232 10.000 107670.000
3.758 7.606 4.199 10.000 107680.000
3.804 7.544 4.204 9.000 107689.000
3.845 7.517 4.242 10.000 107699.000
3.842 7.568 4.314 11.000 107710.000
3.794 7.627 4.398 9.000 107719.000
3.725 7.678 4.443 11.000 107730.000
3.608 7.733 4.374 9.000 107739.000
3.514 7.747 4.271 11.000 107750.000
3.529 7.805 4.249 9.000 107759.000
3.605 7.874 4.352 10.000 107769.000
3.730 7.939 4.570 11.000 107780.000
3.933 7.800 4.254 9.000 107789.000
4.062 7.546 4.101 11.000 107800.000
4.129 7.280 3.823 9.000 107809.000
4.103 7.208 3.785 10.000 107819.000
3.998 7.340 4.280 11.000 107830.000
3.840 7.563 4.481 9.000 107839.000
3.703 7.728 4.630 10.000 107849.000
3.660 7.699 4.539 11.000 107860.000
3.684 7.560 4.484 10.000 107870.000
3.773 7.393 4.467 10.000 107880.000
3.809 7.287 4.410 9.000 107889.000
3.825 7.218 4.350 11.000 107900.000
3.775 7.259 4.254 9.000 107909.000
3.720 7.412 4.378 11.000 107920.000
3.622 7.582 4.584 10.000 107930.000
3.543 7.716 4.793 9.000 107939.000
3.490 7.778 4.903 11.000 107950.000
3.442 7.728 4.793 10.000 107960.000
3.356 7.690 4.920 9.000 107969.000
3.177 7.754 5.082 11.000 107980.000
2.971 7.891 5.343 9.000 107989.000
3.002 7.972 5.334 11.000 108000.000
3.145 8.020 5.099 10.000 108010.000
3.725 7.671 4.297 10.000 108020.000
4.283 7.417 3.351 10.000 108030.000
4.604 7.218 2.676 9.000 108039.000
4.745 6.866 2.547 10.000 108049.000
4.472 7.043 3.220 10.000 108059.000
4.220 7.125 4.036 10.000 108069.000
3.835 7.364 4.845 11.000 108080.000
3.629 7.757 5.109 10.000 108090.000
3.519 7.795 4.891 9.000 108099.000
3.399 7.785 4.613 10.000 108109.000
3.414 7.618 4.343 10.000 108119.000
3.440 7.424 4.158 11.000 108130.000
3.442 7.350 4.185 9.000 108139.000
3.519 7.366 4.355 10.000 108149.000
3.567 7.407 4.546 10.000 108159.000
3.603 7.474 4.651 10.000 108169.000
3.658 7.520 4.616 11.000 108180.000
3.648 7.522 4.496 10.000 108190.000
3.627 7.501 4.395 10.000 108200.000
3.598 7.522 4.319 10.000 108210.000
3.550 7.565 4.383 10.000 108220.000
3.500 7.601 4.498 10.000 108230.000
3.505 7.592 4.560 9.000 108239.000
3.517 7.539 4.599 10.000 108249.000
3.560 7.515 4.534 15.000 108264.000
3.605 7.498 4.419 5.000 108269.000
3.552 7.572 4.367 11.000 108280.000
3.411 7.687 4.469 9.000 108289.000
3.239 7.773 4.675 10.000 108299.000
3.100 7.900 4.795 10.000 108309.000
3.045 7.982 4.865 11.000 108320.000
3.155 7.939 4.683 10.000 108330.000
3.325 7.819 4.534 9.000 108339.000
3.462 7.659 4.472 11.000 108350.000
3.593 7.479 4.467 9.000 108359.000
3.639 7.462 4.527 10.000 108369.000
3.624 7.522 4.553 11.000 108380.000
3.612 7.620 4.529 9.000 108389.000
3.605 7.738 4.448 11.000 108400.000
3.627 7.759 4.398 9.000 108409.000
3.627 7.733 4.467 15.000 108424.000
3.624 7.668 4.587 6.000 108430.000
3.629 7.656 4.683 10.000 108440.000
3.615 7.661 4.778 9.000 108449.000
3.620 7.718 4.644 11.000 108460.000
3.648 7.745 4.556 9.000 108469.000
3.670 7.718 4.491 11.000 108480.000
3.713 7.706 4.472 10.000 108490.000
3.782 7.668 4.544 9.000 108499.000
3.828 7.661 4.570 10.000 108509.000
3.869 7.627 4.498 11.000 108520.000
3.888 7.580 4.381 10.000 108530.000
3.883 7.553 4.264 9.000 108539.000
3.869 7.534 4.249 10.000 108549.000
3.859 7.541 4.333 10.000 108559.000
3.869 7.553 4.474 11.000 108570.000
3.878 7.565 4.635 10.000 108580.000
3.883 7.594 4.618 9.000 108589.000
3.852 7.613 4.551 11.000 108600.000
3.801 7.627 4.426 9.000 108609.000
3.722 7.642 4.304 10.000 108619.000
3.682 7.637 4.273 11.000 108630.000
3.677 7.642 4.292 10.000 108640.000
3.677 7.618 4.261 9.000 108649.000
3.706 7.594 4.228 10.000 108659.000
3.691 7.572 4.261 11.000 108670.000
3.689 7.575 4.331 10.000 108680.000
3.682 7.606 4.450 9.000 108689.000
3.720 7.647 4.505 10.000 108699.000
3.778 7.680 4.477 10.000 108709.000
3.873 7.625 4.288 10.000 108719.000
3.943 7.541 4.182 11.000 108730.000
3.967 7.448 4.141 9.000 108739.000
3.979 7.381 4.199 10.000 108749.000
3.892 7.419 4.335 10.000 108759.000
3.833 7.486 4.388 10.000 108769.000
3.742 7.532 4.422 11.000 108780.000
3.663 7.551 4.357 9.000 108789.000
3.667 7.513 4.290 12.000 108801.000
3.699 7.450 4.268 9.000 108810.000
3.761 7.410 4.266 9.000 108819.000
3.818 7.376 4.292 11.000 108830.000
3.840 7.359 4.367 9.000 108839.000
3.933 7.357 4.304 10.000 108849.000
3.921 7.326 4.192 10.000 108859.000
3.914 7.287 4.050 10.000 108869.000
3.744 7.252 3.993 11.000 108880.000
3.493 7.271 4.187 10.000 108890.000
3.347 7.319 4.431 10.000 108900.000
3.371 7.484 4.453 9.000 108909.000
3.557 7.647 4.390 10.000 108919.000
3.866 7.685 4.244 11.000 108930.000
4.048 7.649 4.209 9.000 108939.000
4.060 7.496 4.395 11.000 108950.000
4.072 7.295 4.548 10.000 108960.000
3.945 7.173 4.625 9.000 108969.000
3.948 7.082 4.405 11.000 108980.000
3.864 7.043 4.177 9.000 108989.000
3.780 7.053 3.983 11.000 109000.000
3.608 7.163 3.998 10.000 109010.000
3.433 7.316 4.199 9.000 109019.000
3.375 7.539 4.563 11.000 109030.000
3.318 7.776 5.080 9.000 109039.000
3.349 7.912 5.389 12.000 109051.000
3.471 8.018 5.643 8.000 109059.000
3.541 7.953 5.602 10.000 109069.000
3.610 7.874 5.408 11.000 109080.000
3.684 7.793 5.142 9.000 109089.000
3.667 7.742 4.932 10.000 109099.000
3.615 7.781 4.932 10.000 109109.000
3.581 7.826 4.917 10.000 109119.000
3.543 7.874 4.975 11.000 109130.000
3.632 7.783 4.709 9.000 109139.000
3.778 7.651 4.371 11.000 109150.000
3.948 7.462 3.720 9.000 109159.000
4.220 7.235 3.383 11.000 109170.000
4.367 7.146 3.368 10.000 109180.000
4.474 7.149 3.718 9.000 109189.000
4.395 7.266 4.343 10.000 109199.000
4.213 7.422 4.654 11.000 109210.000
3.955 7.592 4.793 9.000 109219.000
3.734 7.671 4.568 10.000 109229.000
3.596 7.644 4.434 10.000 109239.000
3.457 7.611 4.299 10.000 109249.000
3.394 7.563 4.338 11.000 109260.000
3.373 7.532 4.479 10.000 109270.000
3.414 7.541 4.582 9.000 109279.000
3.497 7.553 4.678 10.000 109289.000
3.605 7.556 4.711 10.000 109299.000
3.672 7.541 4.642 10.000 109309.000
3.725 7.505 4.517 10.000 109319.000
3.742 7.457 4.450 11.000 109330.000
3.734 7.419 4.446 9.000 109339.000
3.703 7.445 4.462 11.000 109350.000
3.687 7.493 4.534 10.000 109360.000
3.665 7.592 4.537 9.000 109369.000
