# Accelerometer Data File
# 
#
#
# sensor Vendor: Bosch
# sensor Name: BMA254
# sensor Resolution: 0.009576807m/sec^2; Max Range: 39.2; Min Delay: 10000 microseconds
# The sensor's attributes are the result hardware and the Android capabilities.
# It means that the Android may not utilize all features provided by the hardware.
#
# Some devices and Android versions save battery too much so the device may go to sleep.
# It just happens after couple of minutes from turning off the scree and it is easy to find it out.
#
# The following file provides the data from accelerometer in the m/s^2 format.
# The diff value is just a time delta between the samples
#
#
# data format:
# so we have 4 columns with values separated by the " "
# X Y Z time_from_previous_sample(ms)

# sensor speed set to:FASTEST
# units set to: m/sec^2
# gravity NOT filtered out
# Accuracy: HIGH
1.125 4.252 8.951 10.000 74512.000
0.174 5.523 10.421 10.000 74522.000
-0.349 6.105 11.209 8.000 74530.000
-0.193 6.622 11.422 12.000 74542.000
0.059 7.079 11.101 10.000 74552.000
0.483 7.299 10.491 10.000 74562.000
1.391 7.165 10.206 10.000 74572.000
1.972 6.751 9.998 8.000 74580.000
2.638 6.177 9.830 12.000 74592.000
3.205 5.054 9.631 10.000 74602.000
3.289 4.285 9.107 8.000 74610.000
3.143 3.320 8.621 12.000 74622.000
2.815 2.576 8.628 8.000 74630.000
2.516 2.820 8.681 12.000 74642.000
2.264 3.469 8.573 11.000 74653.000
2.243 4.314 8.427 7.000 74660.000
2.296 5.327 8.166 12.000 74672.000
2.418 5.899 7.891 9.000 74681.000
2.418 6.138 7.730 11.000 74692.000
2.221 6.272 7.644 10.000 74702.000
1.951 6.239 7.673 8.000 74710.000
1.522 6.200 7.685 12.000 74722.000
1.237 6.224 7.680 10.000 74732.000
1.149 6.354 7.601 9.000 74741.000
1.130 6.466 7.218 11.000 74752.000
1.268 6.584 6.852 8.000 74760.000
1.300 6.517 6.145 12.000 74772.000
1.307 6.545 5.372 11.000 74783.000
1.244 6.591 4.903 8.000 74791.000
1.266 6.902 4.508 11.000 74802.000
1.326 7.264 4.515 8.000 74810.000
1.496 7.965 4.596 12.000 74822.000
1.438 8.892 4.879 10.000 74832.000
1.297 9.552 5.087 9.000 74841.000
1.036 10.110 5.693 12.000 74853.000
0.814 9.818 6.275 7.000 74860.000
0.818 9.301 6.655 12.000 74872.000
1.213 8.487 6.426 10.000 74882.000
1.728 7.776 5.798 9.000 74891.000
2.518 7.163 5.011 11.000 74902.000
3.576 6.507 4.134 9.000 74911.000
4.244 6.148 3.869 11.000 74922.000
4.975 5.944 3.742 10.000 74932.000
5.058 6.110 3.952 9.000 74941.000
4.874 6.318 4.252 11.000 74952.000
4.486 6.351 4.793 9.000 74961.000
4.036 6.229 5.195 11.000 74972.000
3.785 6.014 5.621 10.000 74982.000
3.770 5.710 6.009 8.000 74990.000
3.960 5.580 6.155 12.000 75002.000
4.216 5.190 6.627 10.000 75012.000
4.520 4.841 6.914 10.000 75022.000
4.496 4.608 7.295 11.000 75033.000
4.539 4.541 7.292 7.000 75040.000
4.515 4.735 6.964 13.000 75053.000
4.469 5.018 6.528 8.000 75061.000
4.278 5.382 6.145 10.000 75071.000
4.019 5.580 6.145 9.000 75080.000
3.493 5.966 6.275 10.000 75090.000
2.987 6.263 6.512 11.000 75101.000
2.619 6.528 6.698 9.000 75110.000
2.281 6.782 6.936 11.000 75121.000
2.212 6.849 7.043 11.000 75132.000
2.099 6.825 7.098 8.000 75140.000
2.087 6.722 7.096 12.000 75152.000
1.977 6.543 7.173 10.000 75162.000
2.078 6.426 7.196 9.000 75171.000
2.221 6.399 7.273 11.000 75182.000
2.659 6.337 7.422 8.000 75190.000
3.354 6.399 7.496 12.000 75202.000
3.837 6.399 7.623 10.000 75212.000
4.398 6.404 7.608 9.000 75221.000
4.663 6.445 7.522 9.000 75230.000
4.829 6.402 7.275 10.000 75240.000
5.001 6.366 6.909 12.000 75252.000
5.097 6.325 6.684 10.000 75262.000
5.188 6.296 6.416 8.000 75270.000
5.190 6.315 6.253 12.000 75282.000
4.960 6.394 6.327 8.000 75290.000
4.357 6.500 6.610 11.000 75301.000
3.758 6.593 6.936 11.000 75312.000
3.021 6.694 7.125 8.000 75320.000
2.655 6.658 6.988 12.000 75332.000
2.662 6.596 6.643 8.000 75340.000
2.679 6.461 6.344 11.000 75351.000
2.834 6.320 6.181 11.000 75362.000
2.791 6.248 6.397 8.000 75370.000
2.683 6.114 6.449 12.000 75382.000
2.566 6.052 6.457 10.000 75392.000
2.588 5.839 6.402 9.000 75401.000
2.662 5.626 6.177 11.000 75412.000
2.851 5.468 6.133 8.000 75420.000
3.043 5.317 5.940 12.000 75432.000
3.095 5.317 5.808 10.000 75442.000
3.177 5.305 5.542 9.000 75451.000
3.344 5.195 5.147 11.000 75462.000
3.509 5.078 4.903 8.000 75470.000
3.378 4.795 4.836 13.000 75483.000
3.217 4.525 4.903 8.000 75491.000
2.607 4.350 5.442 10.000 75501.000
1.778 4.225 6.208 11.000 75512.000
1.247 4.266 6.797 8.000 75520.000
0.907 4.323 7.563 13.000 75533.000
0.881 4.390 7.967 8.000 75541.000
1.391 4.436 8.109 10.000 75551.000
2.224 4.565 7.951 11.000 75562.000
2.865 4.678 7.615 9.000 75571.000
3.694 4.910 7.089 11.000 75582.000
4.213 5.195 6.481 10.000 75592.000
4.410 5.396 6.172 8.000 75600.000
4.467 5.626 6.040 11.000 75611.000
4.338 5.736 6.100 11.000 75622.000
4.005 5.755 6.514 10.000 75632.000
3.459 5.760 7.026 10.000 75642.000
3.052 5.736 7.362 8.000 75650.000
2.624 5.662 7.687 12.000 75662.000
2.389 5.597 7.776 9.000 75671.000
2.434 5.487 7.721 11.000 75682.000
2.434 5.461 7.635 10.000 75692.000
2.456 5.485 7.558 8.000 75700.000
2.475 5.659 7.455 12.000 75712.000
2.427 5.894 7.398 10.000 75722.000
2.406 6.042 7.383 10.000 75732.000
2.336 6.145 7.417 10.000 75742.000
2.269 6.098 7.477 8.000 75750.000
2.161 6.035 7.546 12.000 75762.000
2.073 5.951 7.721 10.000 75772.000
2.032 5.913 7.848 10.000 75782.000
2.066 5.837 7.970 10.000 75792.000
2.140 5.774 8.082 8.000 75800.000
2.317 5.655 7.934 12.000 75812.000
2.607 5.432 7.680 10.000 75822.000
2.822 5.248 7.431 10.000 75832.000
3.145 5.030 7.065 10.000 75842.000
3.366 4.893 6.842 8.000 75850.000
3.538 4.865 6.670 12.000 75862.000
3.679 4.865 6.531 12.000 75874.000
3.713 4.898 6.509 6.000 75880.000
3.629 5.011 6.548 11.000 75891.000
3.481 5.118 6.641 9.000 75900.000
3.186 5.228 6.739 11.000 75911.000
2.782 5.341 6.897 11.000 75922.000
2.494 5.374 6.995 8.000 75930.000
2.157 5.413 7.129 12.000 75942.000
2.011 5.420 7.230 9.000 75951.000
1.975 5.425 7.271 10.000 75961.000
1.991 5.449 7.244 11.000 75972.000
2.059 5.468 7.182 8.000 75980.000
2.181 5.537 7.055 12.000 75992.000
2.365 5.681 6.892 10.000 76002.000
2.497 5.805 6.797 9.000 76011.000
2.650 5.983 6.648 11.000 76022.000
2.734 6.110 6.560 8.000 76030.000
2.774 6.162 6.524 12.000 76042.000
2.896 6.212 6.416 10.000 76052.000
2.997 6.210 6.361 9.000 76061.000
3.100 6.184 6.301 11.000 76072.000
3.002 6.177 6.349 9.000 76081.000
2.822 6.172 6.469 10.000 76091.000
2.609 6.148 6.746 11.000 76102.000
2.394 6.148 7.029 9.000 76111.000
2.331 6.083 7.273 11.000 76122.000
2.264 5.978 7.419 8.000 76130.000
2.231 5.892 7.407 12.000 76142.000
2.138 5.734 7.386 10.000 76152.000
2.128 5.609 7.275 17.000 76169.000
2.221 5.585 7.223 11.000 76180.000
2.315 5.561 7.170 10.000 76190.000
2.528 5.621 7.046 11.000 76201.000
2.715 5.657 6.900 9.000 76210.000
2.803 5.633 6.794 10.000 76220.000
2.822 5.633 6.830 10.000 76230.000
2.782 5.621 6.947 11.000 76241.000
2.595 5.738 7.185 15.000 76256.000
2.370 5.863 7.455 4.000 76260.000
2.214 5.963 7.584 11.000 76271.000
1.991 6.047 7.762 9.000 76280.000
1.910 6.045 7.809 16.000 76296.000
1.867 6.035 7.824 4.000 76300.000
1.915 5.997 7.781 11.000 76311.000
2.030 5.975 7.690 10.000 76321.000
2.200 5.889 7.508 10.000 76331.000
2.351 5.755 7.264 15.000 76346.000
2.410 5.650 7.077 4.000 76350.000
2.434 5.518 6.892 10.000 76360.000
2.379 5.444 6.833 12.000 76372.000
2.372 5.413 6.818 10.000 76382.000
2.382 5.398 6.806 13.000 76395.000
2.427 5.410 6.792 5.000 76400.000
2.427 5.396 6.811 10.000 76410.000
2.398 5.386 6.847 10.000 76420.000
2.255 5.348 6.945 10.000 76430.000
2.097 5.346 7.060 10.000 76440.000
1.984 5.370 7.141 10.000 76450.000
1.896 5.427 7.199 10.000 76460.000
1.905 5.497 7.192 10.000 76470.000
1.905 5.547 7.182 10.000 76480.000
1.915 5.628 7.184 10.000 76490.000
1.900 5.676 7.211 10.000 76500.000
1.917 5.741 7.228 10.000 76510.000
1.994 5.810 7.230 12.000 76522.000
2.061 5.849 7.220 10.000 76532.000
2.116 5.906 7.211 9.000 76541.000
2.140 5.947 7.211 10.000 76551.000
2.104 5.983 7.247 9.000 76560.000
2.102 6.035 7.275 12.000 76572.000
2.111 6.069 7.304 10.000 76582.000
2.169 6.124 7.347 8.000 76590.000
2.276 6.189 7.314 12.000 76602.000
2.351 6.236 7.287 8.000 76610.000
2.351 6.296 7.366 11.000 76621.000
2.303 6.335 7.431 11.000 76632.000
2.176 6.344 7.486 9.000 76641.000
2.070 6.318 7.534 11.000 76652.000
2.039 6.279 7.477 10.000 76662.000
2.051 6.174 7.345 9.000 76671.000
2.116 6.071 7.264 11.000 76682.000
2.152 6.007 7.189 9.000 76691.000
2.154 5.944 7.153 11.000 76702.000
2.114 5.949 7.192 10.000 76712.000
2.047 5.930 7.290 9.000 76721.000
2.020 5.911 7.374 11.000 76732.000
2.027 5.889 7.419 8.000 76740.000
2.061 5.861 7.431 14.000 76754.000
2.121 5.856 7.383 7.000 76761.000
2.138 5.825 7.316 11.000 76772.000
2.118 5.781 7.208 11.000 76783.000
2.073 5.746 7.134 7.000 76790.000
2.003 5.714 7.170 13.000 76803.000
1.944 5.707 7.240 9.000 76812.000
1.932 5.674 7.383 9.000 76821.000
2.037 5.556 7.448 12.000 76833.000
2.166 5.434 7.402 8.000 76841.000
2.430 5.293 7.268 12.000 76853.000
2.681 5.190 7.101 8.000 76861.000
2.882 5.135 7.005 9.000 76870.000
3.081 5.075 6.943 12.000 76882.000
3.145 5.035 6.969 8.000 76890.000
3.167 4.991 6.998 12.000 76902.000
3.031 4.996 7.079 10.000 76912.000
2.896 5.006 7.127 8.000 76920.000
2.674 5.061 7.192 13.000 76933.000
2.494 5.118 7.254 8.000 76941.000
2.348 5.178 7.328 10.000 76951.000
2.240 5.250 7.410 11.000 76962.000
2.221 5.276 7.474 8.000 76970.000
2.284 5.281 7.503 13.000 76983.000
2.430 5.240 7.489 8.000 76991.000
2.537 5.188 7.467 10.000 77001.000
2.607 5.111 7.460 11.000 77012.000
2.595 5.056 7.489 8.000 77020.000
2.341 5.102 7.833 13.000 77033.000
2.183 5.374 8.214 8.000 77041.000
2.063 5.671 8.580 11.000 77052.000
2.291 5.846 8.544 10.000 77062.000
2.734 5.951 8.178 8.000 77070.000
3.033 5.700 7.742 13.000 77083.000
3.313 5.446 7.323 8.000 77091.000
3.246 5.315 7.307 10.000 77101.000
3.213 5.183 7.232 11.000 77112.000
3.227 5.181 7.192 9.000 77121.000
3.203 5.137 7.101 12.000 77133.000
3.162 5.061 7.055 8.000 77141.000
3.088 4.984 7.067 10.000 77151.000
2.978 4.888 7.117 11.000 77162.000
2.944 4.836 7.194 9.000 77171.000
2.928 4.817 7.225 11.000 77182.000
2.966 4.783 7.208 10.000 77192.000
3.040 4.769 7.153 8.000 77200.000
3.119 4.726 7.096 12.000 77212.000
3.155 4.704 7.058 9.000 77221.000
3.136 4.697 7.067 11.000 77232.000
3.076 4.718 7.146 10.000 77242.000
2.992 4.769 7.235 8.000 77250.000
2.949 4.797 7.314 12.000 77262.000
2.935 4.814 7.347 10.000 77272.000
2.961 4.802 7.311 10.000 77282.000
3.004 4.814 7.256 10.000 77292.000
3.050 4.826 7.192 8.000 77300.000
3.069 4.888 7.182 12.000 77312.000
3.150 4.960 7.134 10.000 77322.000
3.215 5.008 7.105 10.000 77332.000
3.244 5.080 7.146 9.000 77341.000
3.308 5.037 7.120 9.000 77350.000
3.311 4.984 7.132 11.000 77361.000
3.339 4.908 7.086 10.000 77371.000
3.414 4.797 7.022 11.000 77382.000
3.450 4.764 7.015 10.000 77392.000
3.471 4.697 7.017 8.000 77400.000
3.466 4.654 7.077 12.000 77412.000
3.557 4.587 7.153 10.000 77422.000
3.722 4.553 7.362 10.000 77432.000
3.902 4.553 7.560 10.000 77442.000
4.156 4.570 7.943 8.000 77450.000
4.304 4.620 8.259 12.000 77462.000
4.508 4.563 8.518 10.000 77472.000
4.776 4.527 8.657 9.000 77481.000
4.970 4.474 8.611 11.000 77492.000
5.245 4.474 8.355 8.000 77500.000
5.391 4.548 8.025 12.000 77512.000
5.504 4.781 7.912 10.000 77522.000
5.442 5.228 8.049 9.000 77531.000
5.298 5.623 8.396 11.000 77542.000
5.027 6.035 9.052 10.000 77552.000
4.750 6.165 9.449 9.000 77561.000
4.647 6.078 9.598 11.000 77572.000
4.687 5.992 9.279 8.000 77580.000
4.855 5.889 8.652 12.000 77592.000
5.157 5.904 7.924 10.000 77602.000
5.516 6.042 7.127 9.000 77611.000
5.731 6.181 6.797 11.000 77622.000
5.803 6.452 6.330 8.000 77630.000
5.717 6.708 6.124 12.000 77642.000
5.480 6.856 5.726 10.000 77652.000
5.363 6.926 4.999 9.000 77661.000
5.389 6.864 4.407 11.000 77672.000
5.485 6.679 3.665 8.000 77680.000
5.561 6.461 3.277 12.000 77692.000
5.518 6.323 3.220 10.000 77702.000
5.149 6.200 3.445 9.000 77711.000
4.711 6.200 3.821 11.000 77722.000
4.149 6.205 4.180 8.000 77730.000
3.502 6.131 4.412 12.000 77742.000
3.181 6.040 4.362 10.000 77752.000
2.796 5.877 4.273 9.000 77761.000
2.647 5.726 4.108 11.000 77772.000
2.566 5.590 4.129 9.000 77781.000
2.511 5.360 4.149 11.000 77792.000
2.521 5.202 4.206 10.000 77802.000
2.413 5.025 4.144 9.000 77811.000
2.075 4.915 4.165 11.000 77822.000
1.711 4.898 4.189 9.000 77831.000
1.165 4.824 4.347 11.000 77842.000
0.737 4.769 4.625 10.000 77852.000
0.586 4.678 4.941 8.000 77860.000
0.711 4.498 5.130 12.000 77872.000
1.017 4.376 5.185 10.000 77882.000
1.936 4.129 5.327 9.000 77891.000
2.825 3.916 5.286 11.000 77902.000
4.098 3.962 4.888 8.000 77910.000
5.925 4.596 4.316 12.000 77922.000
7.139 5.355 3.658 17.000 77939.000
8.046 6.682 3.277 11.000 77950.000
7.874 8.073 4.161 10.000 77960.000
6.643 8.475 5.248 10.000 77970.000
5.413 8.877 6.335 10.000 77980.000
4.323 8.137 7.098 10.000 77990.000
3.703 6.955 7.082 10.000 78000.000
3.588 6.172 7.036 10.000 78010.000
3.739 5.425 6.768 12.000 78022.000
4.055 5.252 6.545 10.000 78032.000
4.774 5.216 6.064 9.000 78041.000
5.746 5.039 5.521 11.000 78052.000
6.452 4.826 5.200 8.000 78060.000
7.132 4.709 5.025 12.000 78072.000
7.041 4.807 5.322 10.000 78082.000
6.696 5.046 5.681 9.000 78091.000
6.057 5.363 6.088 11.000 78102.000
5.444 5.583 6.349 8.000 78110.000
5.025 5.789 6.303 12.000 78122.000
4.556 6.066 6.114 10.000 78132.000
4.381 6.268 5.877 8.000 78140.000
4.297 6.356 5.580 10.000 78150.000
4.338 6.315 5.377 10.000 78160.000
4.560 6.057 5.281 12.000 78172.000
4.850 5.772 5.185 10.000 78182.000
5.049 5.600 5.149 8.000 78190.000
5.216 5.432 5.193 12.000 78202.000
5.252 5.410 5.272 10.000 78212.000
5.231 5.382 5.377 9.000 78221.000
5.181 5.300 5.501 11.000 78232.000
5.161 5.214 5.547 8.000 78240.000
5.149 5.125 5.631 13.000 78253.000
5.154 5.109 5.621 9.000 78262.000
5.188 5.145 5.592 9.000 78271.000
5.195 5.173 5.530 11.000 78282.000
5.195 5.204 5.430 8.000 78290.000
5.202 5.190 5.425 13.000 78303.000
5.142 5.236 5.456 8.000 78311.000
5.109 5.288 5.521 10.000 78321.000
5.114 5.125 5.781 12.000 78333.000
5.085 4.970 6.014 7.000 78340.000
5.406 4.527 5.753 13.000 78353.000
5.645 4.932 5.339 9.000 78362.000
5.846 5.552 4.728 9.000 78371.000
5.875 5.918 4.704 12.000 78383.000
5.621 6.512 5.137 7.000 78390.000
5.477 6.210 5.609 12.000 78402.000
5.145 5.906 6.083 10.000 78412.000
4.984 5.856 5.971 9.000 78421.000
4.908 5.734 5.738 12.000 78433.000
4.910 5.590 5.351 8.000 78441.000
5.102 5.449 4.960 12.000 78453.000
5.432 5.238 4.656 17.000 78470.000
5.621 5.032 4.668 13.000 78483.000
5.707 4.915 4.946 8.000 78491.000
5.793 4.797 5.224 11.000 78502.000
5.681 4.867 5.355 10.000 78512.000
5.626 5.003 5.291 8.000 78520.000
5.552 5.161 5.233 13.000 78533.000
5.432 5.398 5.255 8.000 78541.000
5.372 5.518 5.336 10.000 78551.000
5.279 5.645 5.482 11.000 78562.000
5.317 5.722 5.549 8.000 78570.000
5.401 5.719 5.537 13.000 78583.000
5.633 5.607 5.288 8.000 78591.000
5.899 5.487 4.975 10.000 78601.000
6.189 5.346 4.580 11.000 78612.000
6.406 5.252 4.237 8.000 78620.000
6.476 5.269 4.132 13.000 78633.000
6.493 5.267 4.192 8.000 78641.000
6.399 5.310 4.474 10.000 78651.000
6.378 5.305 4.704 11.000 78662.000
6.318 5.305 4.932 8.000 78670.000
6.311 5.324 4.994 13.000 78683.000
6.244 5.403 4.860 8.000 78691.000
6.193 5.420 4.766 10.000 78701.000
6.181 5.432 4.675 11.000 78712.000
6.143 5.442 4.671 9.000 78721.000
6.133 5.377 4.797 12.000 78733.000
6.074 5.374 4.939 8.000 78741.000
6.009 5.386 5.042 10.000 78751.000
5.971 5.401 5.058 11.000 78762.000
5.908 5.439 5.015 9.000 78771.000
5.932 5.442 4.924 11.000 78782.000
5.961 5.430 4.872 10.000 78792.000
5.987 5.413 4.817 8.000 78800.000
6.038 5.372 4.821 12.000 78812.000
6.021 5.410 4.900 9.000 78821.000
6.009 5.482 4.922 11.000 78832.000
5.999 5.559 4.946 10.000 78842.000
5.987 5.633 4.963 8.000 78850.000
5.990 5.664 4.898 12.000 78862.000
5.971 5.633 4.814 10.000 78872.000
5.959 5.600 4.786 10.000 78882.000
5.949 5.568 4.764 10.000 78892.000
5.975 5.501 4.898 8.000 78900.000
5.966 5.430 5.137 12.000 78912.000
5.949 5.360 5.322 10.000 78922.000
5.920 5.329 5.446 10.000 78932.000
5.856 5.334 5.415 10.000 78942.000
5.875 5.403 5.200 8.000 78950.000
5.995 5.434 4.886 12.000 78962.000
6.126 5.427 4.632 10.000 78972.000
6.339 5.453 4.340 10.000 78982.000
6.521 5.449 4.204 10.000 78992.000
6.600 5.410 4.285 8.000 79000.000
6.663 5.269 4.448 10.000 79010.000
6.643 5.094 4.649 10.000 79020.000
6.459 5.061 4.850 10.000 79030.000
6.277 5.099 4.932 11.000 79041.000
6.047 5.360 4.893 9.000 79050.000
5.856 5.506 4.932 12.000 79062.000
5.829 5.511 4.970 10.000 79072.000
5.726 5.456 5.023 9.000 79081.000
5.801 5.432 5.116 11.000 79092.000
5.837 5.523 5.133 8.000 79100.000
5.918 5.521 5.114 11.000 79111.000
6.076 5.578 5.080 10.000 79121.000
5.872 5.358 5.123 9.000 79130.000
5.595 5.255 5.255 12.000 79142.000
5.272 5.245 5.422 10.000 79152.000
5.003 5.224 5.556 9.000 79161.000
4.984 5.329 5.612 11.000 79172.000
5.298 5.286 5.458 8.000 79180.000
5.588 5.200 5.284 12.000 79192.000
5.822 5.125 5.142 10.000 79202.000
6.030 5.080 5.090 9.000 79211.000
5.710 5.166 5.487 11.000 79222.000
5.413 5.295 5.906 9.000 79231.000
5.207 5.542 6.074 10.000 79241.000
5.027 5.760 6.153 12.000 79253.000
5.269 5.700 5.710 8.000 79261.000
5.659 5.461 5.245 11.000 79272.000
5.959 5.104 5.032 8.000 79280.000
6.287 4.716 4.730 12.000 79292.000
6.464 4.505 4.620 10.000 79302.000
6.440 4.649 4.635 9.000 79311.000
6.193 4.841 4.927 11.000 79322.000
5.918 5.063 5.307 8.000 79330.000
5.408 5.379 5.805 12.000 79342.000
4.975 5.600 6.186 10.000 79352.000
4.764 5.772 6.289 9.000 79361.000
4.604 5.849 6.303 11.000 79372.000
4.678 5.832 6.200 9.000 79381.000
4.881 5.667 5.942 11.000 79392.000
5.197 5.418 5.600 10.000 79402.000
5.463 5.264 5.346 8.000 79410.000
5.698 5.075 5.123 12.000 79422.000
5.779 4.955 5.070 8.000 79430.000
5.762 4.963 5.111 11.000 79441.000
5.798 5.006 5.185 11.000 79452.000
5.865 5.085 5.228 9.000 79461.000
5.844 5.250 5.341 11.000 79472.000
5.784 5.298 5.492 10.000 79482.000
5.671 5.310 5.609 9.000 79491.000
5.554 5.353 5.671 12.000 79503.000
5.525 5.310 5.664 7.000 79510.000
5.461 5.329 5.602 12.000 79522.000
5.439 5.343 5.523 10.000 79532.000
5.422 5.327 5.499 9.000 79541.000
5.437 5.269 5.468 11.000 79552.000
5.511 5.224 5.444 8.000 79560.000
5.616 5.142 5.504 12.000 79572.000
5.743 5.066 5.559 10.000 79582.000
5.839 5.030 5.621 9.000 79591.000
5.956 5.013 5.542 11.000 79602.000
5.999 5.037 5.396 8.000 79610.000
6.030 5.011 5.190 11.000 79621.000
6.102 4.967 5.051 11.000 79632.000
6.153 4.905 5.054 9.000 79641.000
6.129 4.955 5.116 11.000 79652.000
6.414 5.147 4.546 9.000 79661.000
6.658 5.355 3.909 11.000 79672.000
6.588 5.188 3.737 10.000 79682.000
6.593 4.908 3.505 9.000 79691.000
6.023 4.865 4.402 18.000 79709.000
5.453 4.821 5.300 12.000 79721.000
5.272 5.078 5.671 11.000 79732.000
5.090 5.334 6.042 8.000 79740.000
5.252 5.200 5.913 12.000 79752.000
5.501 5.070 5.676 10.000 79762.000
5.676 5.018 5.501 10.000 79772.000
5.882 4.970 5.351 10.000 79782.000
6.009 5.042 5.312 8.000 79790.000
6.050 5.109 5.382 12.000 79802.000
6.009 5.140 5.623 10.000 79812.000
5.937 5.166 5.841 9.000 79821.000
5.849 5.183 6.076 12.000 79833.000
5.805 5.365 6.028 16.000 79849.000
5.882 5.549 5.422 11.000 79860.000
5.959 5.734 4.817 10.000 79870.000
6.169 5.743 4.110 10.000 79880.000
6.387 5.573 3.749 10.000 79890.000
6.567 5.437 3.773 10.000 79900.000
6.744 5.200 3.926 9.000 79909.000
6.794 5.085 4.118 10.000 79919.000
6.749 4.855 4.209 11.000 79930.000
6.756 4.651 4.144 10.000 79940.000
6.766 4.548 3.950 9.000 79949.000
6.782 4.788 3.778 10.000 79959.000
6.586 5.114 3.835 10.000 79969.000
6.337 5.413 4.048 11.000 79980.000
6.071 5.561 4.292 9.000 79989.000
5.798 5.367 4.515 10.000 79999.000
5.808 5.209 4.560 10.000 80009.000
5.875 5.058 4.491 10.000 80019.000
5.959 5.058 4.390 11.000 80030.000
6.121 5.133 4.333 9.000 80039.000
6.258 5.214 4.261 10.000 80049.000
6.320 5.267 4.340 10.000 80059.000
6.373 5.430 4.402 10.000 80069.000
6.347 5.518 4.422 11.000 80080.000
6.347 5.580 4.446 9.000 80089.000
6.335 5.609 4.465 13.000 80102.000
6.332 5.528 4.501 8.000 80110.000
6.337 5.430 4.474 10.000 80120.000
6.315 5.358 4.443 10.000 80130.000
6.392 5.322 4.434 10.000 80140.000
6.476 5.346 4.467 10.000 80150.000
6.552 5.386 4.563 10.000 80160.000
6.634 5.418 4.474 10.000 80170.000
6.646 5.468 4.333 10.000 80180.000
6.653 5.437 4.151 10.000 80190.000
6.636 5.403 4.046 10.000 80200.000
6.615 5.379 4.125 10.000 80210.000
6.586 5.391 4.182 10.000 80220.000
6.651 5.329 4.259 10.000 80230.000
6.739 5.269 4.259 10.000 80240.000
6.816 5.185 4.273 12.000 80252.000
6.900 5.066 4.309 9.000 80261.000
6.859 5.121 4.304 9.000 80270.000
6.758 5.193 4.307 13.000 80283.000
6.670 5.288 4.295 8.000 80291.000
6.493 5.458 4.359 9.000 80300.000
6.344 5.549 4.443 10.000 80310.000
6.184 5.614 4.642 10.000 80320.000
6.083 5.635 4.673 10.000 80330.000
6.071 5.583 4.627 10.000 80340.000
6.121 5.595 4.539 10.000 80350.000
6.184 5.573 4.407 10.000 80360.000
6.186 5.595 4.443 13.000 80373.000
6.212 5.552 4.477 9.000 80382.000
6.177 5.444 4.553 10.000 80392.000
6.284 5.391 4.398 9.000 80401.000
6.402 5.312 4.259 11.000 80412.000
6.495 5.298 4.122 9.000 80421.000
6.502 5.181 4.101 11.000 80432.000
6.399 5.097 4.211 10.000 80442.000
6.287 5.039 4.304 8.000 80450.000
6.148 5.161 4.434 12.000 80462.000
6.095 5.386 4.448 9.000 80471.000
5.971 5.657 4.553 11.000 80482.000
5.872 5.908 4.723 10.000 80492.000
5.801 5.980 4.857 8.000 80500.000
5.789 5.872 4.987 12.000 80512.000
5.875 5.674 5.046 10.000 80522.000
5.995 5.437 4.920 10.000 80532.000
6.143 5.145 4.730 10.000 80542.000
6.232 5.032 4.546 8.000 80550.000
6.339 4.917 4.405 12.000 80562.000
6.370 4.888 4.434 10.000 80572.000
6.373 4.915 4.525 10.000 80582.000
6.327 4.987 4.639 10.000 80592.000
6.263 5.061 4.711 8.000 80600.000
6.191 5.226 4.797 12.000 80612.000
6.054 5.346 4.948 10.000 80622.000
5.966 5.420 5.075 10.000 80632.000
6.121 5.578 4.793 10.000 80642.000
6.301 5.616 4.448 8.000 80650.000
6.411 5.432 3.842 12.000 80662.000
6.679 5.324 3.301 10.000 80672.000
6.703 5.133 3.169 9.000 80681.000
6.191 4.879 3.646 11.000 80692.000
5.959 5.097 4.551 16.000 80708.000
5.568 5.238 5.391 2.000 80710.000
5.303 5.463 6.133 11.000 80721.000
5.573 5.750 6.268 9.000 80730.000
5.789 5.817 6.102 9.000 80739.000
6.047 5.765 5.844 11.000 80750.000
6.181 5.628 5.683 9.000 80759.000
6.363 5.305 5.377 10.000 80769.000
6.454 4.999 5.137 11.000 80780.000
6.433 4.675 5.085 9.000 80789.000
6.366 4.477 5.056 10.000 80799.000
6.251 4.465 5.173 10.000 80809.000
6.189 4.656 5.236 10.000 80819.000
6.318 5.068 5.157 13.000 80832.000
6.493 5.355 5.054 9.000 80841.000
6.617 5.566 4.984 12.000 80853.000
6.689 5.573 4.970 7.000 80860.000
6.488 5.420 4.659 10.000 80870.000
6.287 5.267 4.347 10.000 80880.000
6.531 5.161 3.459 9.000 80889.000
6.787 4.994 3.038 10.000 80899.000
7.194 4.903 2.961 10.000 80909.000
7.352 4.812 3.287 10.000 80919.000
7.082 5.030 4.086 11.000 80930.000
6.799 5.310 4.419 9.000 80939.000
6.562 5.695 4.525 11.000 80950.000
6.574 6.081 4.228 11.000 80961.000
6.452 6.064 4.098 8.000 80969.000
6.406 5.899 3.859 12.000 80981.000
6.315 5.628 3.847 8.000 80989.000
6.323 5.322 3.799 10.000 80999.000
6.497 5.137 3.653 10.000 81009.000
6.670 5.008 3.574 11.000 81020.000
6.821 5.056 3.584 10.000 81030.000
6.873 5.140 3.629 9.000 81039.000
6.758 5.386 3.778 11.000 81050.000
5.815 5.705 4.730 9.000 81059.000
4.893 5.846 5.595 11.000 81070.000
4.276 5.846 6.069 11.000 81081.000
3.825 5.683 6.440 9.000 81090.000
4.905 5.600 5.564 10.000 81100.000
5.851 5.348 4.786 10.000 81110.000
6.493 5.238 4.398 9.000 81119.000
6.971 5.250 4.237 11.000 81130.000
6.675 5.204 4.563 9.000 81139.000
6.461 5.396 4.817 11.000 81150.000
6.253 5.497 4.967 10.000 81160.000
6.208 5.475 4.891 10.000 81170.000
6.155 5.533 4.800 10.000 81180.000
6.155 5.528 4.695 9.000 81189.000
6.150 5.614 4.692 11.000 81200.000
6.184 5.650 4.714 10.000 81210.000
6.224 5.607 4.750 10.000 81220.000
6.260 5.583 4.788 10.000 81230.000
6.289 5.559 4.750 10.000 81240.000
6.279 5.585 4.687 11.000 81251.000
6.323 5.580 4.498 9.000 81260.000
6.368 5.549 4.295 10.000 81270.000
6.409 5.533 4.292 10.000 81280.000
6.320 5.504 4.477 10.000 81290.000
6.179 5.506 4.788 10.000 81300.000
6.064 5.504 4.975 10.000 81310.000
5.987 5.492 4.874 10.000 81320.000
6.040 5.492 4.587 10.000 81330.000
6.141 5.449 4.278 10.000 81340.000
6.215 5.410 4.094 10.000 81350.000
6.263 5.365 4.146 11.000 81361.000
6.311 5.324 4.204 9.000 81370.000
6.311 5.327 4.283 10.000 81380.000
6.282 5.343 4.323 10.000 81390.000
6.253 5.363 4.290 10.000 81400.000
6.236 5.343 4.204 10.000 81410.000
6.222 5.334 4.194 10.000 81420.000
6.236 5.310 4.223 18.000 81438.000
6.244 5.341 4.314 2.000 81440.000
6.241 5.382 4.455 12.000 81452.000
6.236 5.413 4.520 9.000 81461.000
6.200 5.391 4.601 11.000 81472.000
6.172 5.315 4.620 11.000 81483.000
6.141 5.334 4.560 7.000 81490.000
6.138 5.307 4.563 12.000 81502.000
6.167 5.334 4.548 9.000 81511.000
6.220 5.370 4.556 10.000 81521.000
6.239 5.415 4.625 11.000 81532.000
6.229 5.506 4.632 9.000 81541.000
6.220 5.549 4.596 11.000 81552.000
6.186 5.583 4.539 9.000 81561.000
6.246 5.480 4.441 10.000 81571.000
6.282 5.360 4.362 12.000 81583.000
6.318 5.288 4.326 7.000 81590.000
6.320 5.224 4.304 12.000 81602.000
6.263 5.214 4.338 10.000 81612.000
6.220 5.322 4.350 10.000 81622.000
6.153 5.453 4.443 11.000 81633.000
6.119 5.578 4.522 7.000 81640.000
6.110 5.667 4.620 13.000 81653.000
6.110 5.655 4.721 8.000 81661.000
6.145 5.588 4.769 10.000 81671.000
6.167 5.523 4.786 12.000 81683.000
6.165 5.494 4.783 7.000 81690.000
6.090 5.588 4.754 13.000 81703.000
5.997 5.535 4.776 8.000 81711.000
5.918 5.480 4.829 10.000 81721.000
6.160 5.140 4.491 12.000 81733.000
6.473 4.678 4.180 8.000 81741.000
6.476 4.666 4.230 11.000 81752.000
6.495 4.759 4.067 9.000 81761.000
6.193 5.137 4.295 12.000 81773.000
6.107 5.659 4.340 7.000 81780.000
6.339 5.908 3.945 10.000 81790.000
6.438 6.002 3.938 10.000 81800.000
6.473 5.980 4.027 10.000 81810.000
6.294 5.815 4.297 10.000 81820.000
6.119 5.616 4.529 10.000 81830.000
6.062 5.468 4.587 10.000 81840.000
6.174 5.537 4.505 10.000 81850.000
6.495 5.621 4.393 10.000 81860.000
6.811 5.738 4.319 10.000 81870.000
7.151 5.645 3.943 11.000 81881.000
7.331 5.446 3.924 9.000 81890.000
7.302 5.233 3.936 10.000 81900.000
7.319 5.001 3.943 10.000 81910.000
7.311 4.979 4.252 10.000 81920.000
7.247 5.104 4.197 10.000 81930.000
7.175 5.319 4.005 10.000 81940.000
7.058 5.554 3.818 10.000 81950.000
6.828 5.724 3.610 10.000 81960.000
6.708 5.750 3.452 10.000 81970.000
6.607 5.475 3.347 10.000 81980.000
6.801 5.130 3.289 10.000 81990.000
7.108 4.850 3.253 10.000 82000.000
7.285 4.788 3.406 9.000 82009.000
7.345 4.893 3.715 10.000 82019.000
7.110 5.068 3.976 11.000 82030.000
6.821 5.363 4.261 9.000 82039.000
6.660 5.439 4.357 11.000 82050.000
6.466 5.626 4.340 9.000 82059.000
6.272 5.762 4.232 11.000 82070.000
6.208 5.712 4.074 20.000 82090.000
6.143 5.662 3.916 9.000 82099.000
6.344 5.453 3.830 11.000 82110.000
6.483 5.379 3.881 9.000 82119.000
6.548 5.372 3.957 11.000 82130.000
6.533 5.430 3.962 9.000 82139.000
6.394 5.559 3.940 10.000 82149.000
6.318 5.604 3.873 10.000 82159.000
6.260 5.590 3.782 10.000 82169.000
6.282 5.511 3.763 11.000 82180.000
6.327 5.437 3.722 9.000 82189.000
6.390 5.276 3.734 11.000 82200.000
6.433 5.176 3.770 9.000 82209.000
6.433 5.204 3.926 11.000 82220.000
6.406 5.248 4.098 10.000 82230.000
6.311 5.468 4.192 9.000 82239.000
6.265 5.631 4.168 11.000 82250.000
6.263 5.664 4.024 10.000 82260.000
6.301 5.619 3.928 10.000 82270.000
6.387 5.506 3.936 10.000 82280.000
6.423 5.451 4.060 10.000 82290.000
6.428 5.418 4.252 10.000 82300.000
6.392 5.463 4.395 10.000 82310.000
6.344 5.506 4.376 10.000 82320.000
6.296 5.549 4.367 10.000 82330.000
6.279 5.571 4.290 9.000 82339.000
6.212 5.597 4.321 11.000 82350.000
6.162 5.602 4.438 10.000 82360.000
6.114 5.595 4.548 9.000 82369.000
6.086 5.631 4.548 11.000 82380.000
6.107 5.662 4.441 9.000 82389.000
6.181 5.669 4.352 11.000 82400.000
6.270 5.671 4.343 9.000 82409.000
6.339 5.631 4.443 10.000 82419.000
6.368 5.609 4.606 11.000 82430.000
6.344 5.612 4.750 9.000 82439.000
6.291 5.683 4.685 11.000 82450.000
6.205 5.765 4.534 10.000 82460.000
6.160 5.827 4.321 9.000 82469.000
6.141 5.834 4.185 11.000 82480.000
6.133 5.789 4.175 9.000 82489.000
6.193 5.734 4.213 51.000 82540.000
6.253 5.679 4.252 10.000 82550.000
6.291 5.741 4.201 9.000 82559.000
6.330 5.803 4.151 10.000 82569.000
6.287 5.853 4.235 11.000 82580.000
6.265 5.849 4.347 9.000 82589.000
6.239 5.781 4.472 10.000 82599.000
6.220 5.748 4.637 11.000 82610.000
6.248 5.726 4.707 9.000 82619.000
6.287 5.738 4.577 10.000 82629.000
6.342 5.755 4.369 11.000 82640.000
6.390 5.738 4.120 10.000 82650.000
6.368 5.729 3.936 9.000 82659.000
6.315 5.741 3.921 10.000 82669.000
6.275 5.710 4.010 11.000 82680.000
6.234 5.695 4.101 10.000 82690.000
6.263 5.674 4.127 9.000 82699.000
6.294 5.631 4.072 11.000 82710.000
6.301 5.645 3.964 9.000 82719.000
6.308 5.643 3.854 11.000 82730.000
6.306 5.698 3.847 10.000 82740.000
6.294 5.710 3.955 20.000 82760.000
6.335 5.679 4.082 9.000 82769.000
6.375 5.647 4.209 10.000 82779.000
6.426 5.623 4.156 11.000 82790.000
6.483 5.664 4.070 9.000 82799.000
6.493 5.679 3.986 11.000 82810.000
6.500 5.669 4.017 10.000 82820.000
6.507 5.595 4.125 10.000 82830.000
6.483 5.547 4.259 10.000 82840.000
6.445 5.530 4.381 10.000 82850.000
6.409 5.537 4.388 9.000 82859.000
6.358 5.533 4.347 21.000 82880.000
6.327 5.518 4.288 10.000 82890.000
6.303 5.504 4.288 10.000 82900.000
6.279 5.489 4.288 9.000 82909.000
6.253 5.501 4.333 11.000 82920.000
6.239 5.497 4.371 10.000 82930.000
6.217 5.501 4.350 10.000 82940.000
6.179 5.511 4.252 10.000 82950.000
6.157 5.506 4.156 9.000 82959.000
6.162 5.516 4.094 11.000 82970.000
6.148 5.568 4.139 10.000 82980.000
6.150 5.616 4.261 10.000 82990.000
6.165 5.676 4.355 9.000 82999.000
6.153 5.722 4.414 11.000 83010.000
6.169 5.698 4.343 9.000 83019.000
6.193 5.638 4.268 10.000 83029.000
6.205 5.566 4.223 10.000 83039.000
6.205 5.487 4.165 11.000 83050.000
6.200 5.444 4.151 9.000 83059.000
6.181 5.444 4.144 10.000 83069.000
6.212 5.442 4.132 11.000 83080.000
6.256 5.446 4.132 9.000 83089.000
6.284 5.465 4.173 11.000 83100.000
6.330 5.434 4.206 9.000 83109.000
6.325 5.406 4.244 10.000 83119.000
6.347 5.377 4.276 11.000 83130.000
6.382 5.334 4.266 10.000 83140.000
6.375 5.360 4.211 10.000 83150.000
6.385 5.389 4.158 9.000 83159.000
6.368 5.418 4.113 10.000 83169.000
6.342 5.427 4.118 11.000 83180.000
6.349 5.410 4.170 10.000 83190.000
6.327 5.396 4.311 10.000 83200.000
6.313 5.425 4.436 9.000 83209.000
6.308 5.473 4.510 10.000 83219.000
6.303 5.564 4.479 11.000 83230.000
6.337 5.600 4.371 10.000 83240.000
6.363 5.592 4.280 10.000 83250.000
6.378 5.554 4.278 9.000 83259.000
6.392 5.473 4.381 10.000 83269.000
6.375 5.489 4.484 11.000 83280.000
6.411 5.506 4.616 10.000 83290.000
6.459 5.554 4.659 9.000 83299.000
6.528 5.602 4.594 10.000 83309.000
6.713 5.554 4.323 20.000 83329.000
6.763 5.379 4.158 10.000 83339.000
6.813 5.204 3.993 11.000 83350.000
6.718 5.121 4.122 9.000 83359.000
6.313 5.288 4.527 10.000 83369.000
5.990 5.583 4.797 11.000 83380.000
5.892 5.954 4.824 10.000 83390.000
5.918 6.234 4.663 9.000 83399.000
6.179 6.222 4.390 11.000 83410.000
6.452 6.050 4.213 9.000 83419.000
6.500 5.801 4.280 11.000 83430.000
6.658 5.439 4.197 9.000 83439.000
6.780 5.166 4.141 10.000 83449.000
6.821 4.865 3.632 10.000 83459.000
6.928 4.740 3.385 14.000 83473.000
6.926 4.728 3.289 7.000 83480.000
6.880 4.924 3.383 10.000 83490.000
6.698 5.295 3.912 10.000 83500.000
6.449 5.489 4.177 10.000 83510.000
6.332 5.705 4.323 9.000 83519.000
6.258 5.712 4.280 11.000 83530.000
6.404 5.695 4.264 9.000 83539.000
6.502 5.679 4.225 21.000 83560.000
6.519 5.525 4.228 10.000 83570.000
6.536 5.372 4.230 9.000 83579.000
6.576 5.240 4.129 10.000 83589.000
6.679 5.128 4.120 11.000 83600.000
6.732 5.130 4.189 10.000 83610.000
6.811 5.159 4.237 10.000 83620.000
6.885 5.248 4.307 10.000 83630.000
6.945 5.317 4.307 10.000 83640.000
6.998 5.434 4.144 10.000 83650.000
7.024 5.525 4.003 9.000 83659.000
6.940 5.566 3.754 10.000 83669.000
6.725 5.628 3.426 11.000 83680.000
6.517 5.643 3.260 9.000 83689.000
6.349 5.597 3.052 11.000 83700.000
6.258 5.559 2.930 9.000 83709.000
6.536 5.442 3.076 10.000 83719.000
6.691 5.389 3.397 11.000 83730.000
6.806 5.396 3.761 9.000 83739.000
6.859 5.446 4.146 11.000 83750.000
6.675 5.554 4.343 9.000 83759.000
6.579 5.566 4.273 10.000 83769.000
6.512 5.619 4.048 10.000 83779.000
6.507 5.628 3.801 10.000 83789.000
6.500 5.590 3.536 10.000 83799.000
6.555 5.549 3.471 11.000 83810.000
6.581 5.468 3.562 9.000 83819.000
6.629 5.432 3.744 11.000 83830.000
6.679 5.444 3.945 9.000 83839.000
6.732 5.473 4.029 11.000 83850.000
6.713 5.465 4.050 10.000 83860.000
6.672 5.413 3.981 9.000 83869.000
6.655 5.331 3.811 11.000 83880.000
6.607 5.267 3.648 9.000 83889.000
6.718 5.269 3.562 11.000 83900.000
6.720 5.281 3.543 10.000 83910.000
6.698 5.322 3.624 10.000 83920.000
6.696 5.410 3.770 10.000 83930.000
6.629 5.439 3.952 10.000 83940.000
6.670 5.458 4.067 9.000 83949.000
6.679 5.482 4.125 15.000 83964.000
6.670 5.458 4.118 5.000 83969.000
6.675 5.504 3.971 11.000 83980.000
6.619 5.552 3.902 10.000 83990.000
6.596 5.595 3.890 9.000 83999.000
6.579 5.626 3.919 10.000 84009.000
6.526 5.616 4.036 10.000 84019.000
6.581 5.573 3.979 11.000 84030.000
6.617 5.537 3.902 9.000 84039.000
6.646 5.513 3.785 11.000 84050.000
6.615 5.475 3.742 10.000 84060.000
6.557 5.468 3.790 10.000 84070.000
6.519 5.453 3.857 10.000 84080.000
6.490 5.430 3.840 9.000 84089.000
6.521 5.420 3.749 11.000 84100.000
6.528 5.394 3.665 10.000 84110.000
6.536 5.384 3.596 9.000 84119.000
6.533 5.384 3.610 11.000 84130.000
6.519 5.370 3.588 10.000 84140.000
6.507 5.372 3.567 10.000 84150.000
6.512 5.355 3.586 9.000 84159.000
6.528 5.360 3.608 10.000 84169.000
6.557 5.379 3.665 11.000 84180.000
6.581 5.384 3.739 9.000 84189.000
6.562 5.413 3.806 11.000 84200.000
6.531 5.420 3.871 9.000 84209.000
6.517 5.408 3.948 21.000 84230.000
6.505 5.413 4.010 10.000 84240.000
6.567 5.475 3.979 10.000 84250.000
6.629 5.537 3.948 9.000 84259.000
6.670 5.583 3.967 11.000 84270.000
6.713 5.626 3.983 10.000 84280.000
6.653 5.530 4.122 9.000 84289.000
6.600 5.499 4.153 11.000 84300.000
6.552 5.504 4.122 9.000 84309.000
6.464 5.544 4.022 10.000 84319.000
6.452 5.595 3.890 12.000 84331.000
6.433 5.580 3.866 8.000 84339.000
6.449 5.547 3.895 11.000 84350.000
6.507 5.477 3.993 9.000 84359.000
6.505 5.468 4.084 10.000 84369.000
6.533 5.458 4.103 11.000 84380.000
6.526 5.468 4.070 9.000 84389.000
6.560 5.535 4.031 11.000 84400.000
6.631 5.592 3.955 9.000 84409.000
6.677 5.597 4.031 10.000 84419.000
6.744 5.592 4.046 11.000 84430.000
6.770 5.530 4.065 9.000 84439.000
6.792 5.485 3.955 10.000 84449.000
6.828 5.482 3.809 10.000 84459.000
6.842 5.489 3.725 10.000 84469.000
6.856 5.499 3.727 11.000 84480.000
6.876 5.492 3.859 9.000 84489.000
6.861 5.523 3.878 11.000 84500.000
6.804 5.595 3.876 9.000 84509.000
6.746 5.664 3.787 10.000 84519.000
6.710 5.659 3.746 11.000 84530.000
6.689 5.626 3.773 10.000 84540.000
6.730 5.544 3.837 10.000 84550.000
6.749 5.487 3.892 9.000 84559.000
6.746 5.504 3.900 11.000 84570.000
6.782 5.616 3.849 10.000 84580.000
6.799 5.736 3.782 9.000 84589.000
6.684 5.669 3.756 10.000 84599.000
6.354 5.595 3.998 10.000 84609.000
5.985 5.425 4.297 10.000 84619.000
5.851 5.348 4.050 11.000 84630.000
5.923 5.473 3.873 10.000 84640.000
6.210 5.604 3.428 12.000 84652.000
6.643 5.791 3.277 7.000 84659.000
6.842 5.884 3.672 10.000 84669.000
7.067 5.868 4.163 11.000 84680.000
7.220 5.839 4.685 9.000 84689.000
7.228 5.755 4.912 11.000 84700.000
7.225 5.583 4.647 9.000 84709.000
7.144 5.482 4.185 10.000 84719.000
6.971 5.291 3.907 11.000 84730.000
6.840 5.051 3.622 9.000 84739.000
6.718 4.900 3.830 11.000 84750.000
6.488 4.759 4.153 9.000 84759.000
6.440 4.888 4.261 10.000 84769.000
6.351 5.066 4.376 11.000 84780.000
6.296 5.377 4.544 9.000 84789.000
6.349 5.679 4.596 11.000 84800.000
6.435 5.875 4.534 10.000 84810.000
6.653 6.076 4.153 10.000 84820.000
6.825 5.846 3.464 20.000 84840.000
6.998 5.616 2.774 10.000 84850.000
6.950 5.133 2.415 10.000 84860.000
6.878 4.898 2.329 10.000 84870.000
6.818 4.960 2.499 10.000 84880.000
6.876 4.855 2.643 10.000 84890.000
6.952 5.114 2.896 10.000 84900.000
6.921 5.118 3.196 10.000 84910.000
6.742 5.145 3.512 10.000 84920.000
6.483 5.379 3.866 12.000 84932.000
6.373 5.442 3.895 8.000 84940.000
6.291 5.516 3.916 10.000 84950.000
6.358 5.568 3.921 10.000 84960.000
6.428 5.537 3.835 10.000 84970.000
6.497 5.506 3.749 10.000 84980.000
6.605 5.468 3.639 20.000 85000.000
6.713 5.430 3.529 9.000 85009.000
6.770 5.394 3.579 10.000 85019.000
6.835 5.358 3.658 10.000 85029.000
6.833 5.317 3.768 11.000 85040.000
6.789 5.327 3.871 10.000 85050.000
6.749 5.384 3.799 19.000 85069.000
6.703 5.504 3.749 11.000 85080.000
6.658 5.623 3.699 9.000 85089.000
6.619 5.671 3.739 11.000 85100.000
6.588 5.712 3.873 9.000 85109.000
6.579 5.640 3.902 11.000 85120.000
6.619 5.566 3.928 9.000 85129.000
6.694 5.513 3.871 10.000 85139.000
