# Accelerometer Data File
# 
#
#
# sensor Vendor: Bosch
# sensor Name: BMA254
# sensor Resolution: 0.009576807m/sec^2; Max Range: 39.2; Min Delay: 10000 microseconds
# The sensor's attributes are the result hardware and the Android capabilities.
# It means that the Android may not utilize all features provided by the hardware.
#
# Some devices and Android versions save battery too much so the device may go to sleep.
# It just happens after couple of minutes from turning off the scree and it is easy to find it out.
#
# The following file provides the data from accelerometer in the m/s^2 format.
# The diff value is just a time delta between the samples
#
#
# data format:
# so we have 4 columns with values separated by the " "
# X Y Z time_from_previous_sample(ms)

# sensor speed set to:FASTEST
# units set to: m/sec^2
# gravity NOT filtered out
# Accuracy: HIGH
-8.499 6.871 4.826 6.000 65000.000
-8.207 7.374 5.147 10.000 65010.000
-7.728 7.963 5.394 10.000 65020.000
-7.127 8.379 5.710 10.000 65030.000
-6.746 8.116 5.827 10.000 65040.000
-5.961 7.953 5.729 10.000 65050.000
-5.114 7.884 5.336 10.000 65060.000
-4.388 7.987 4.874 10.000 65070.000
-3.318 8.118 4.393 10.000 65080.000
-2.652 8.149 4.127 10.000 65090.000
-2.118 8.054 4.134 10.000 65100.000
-1.374 8.037 4.180 10.000 65110.000
-0.974 7.991 4.244 10.000 65120.000
-0.538 8.195 4.247 10.000 65130.000
-0.292 8.523 4.223 10.000 65140.000
-0.402 8.518 4.137 10.000 65150.000
-0.598 8.140 3.945 10.000 65160.000
-0.830 7.513 3.816 10.000 65170.000
-1.029 6.670 3.380 10.000 65180.000
-1.173 5.916 2.695 10.000 65190.000
-1.230 5.535 2.116 10.000 65200.000
-1.134 5.219 1.149 10.000 65210.000
-1.072 5.118 0.488 10.000 65220.000
-0.837 5.173 -0.304 10.000 65230.000
-0.732 5.114 -1.201 10.000 65240.000
-0.780 4.989 -1.711 12.000 65252.000
-0.864 4.872 -2.111 8.000 65260.000
-1.029 4.764 -2.106 10.000 65270.000
-1.110 4.855 -1.891 10.000 65280.000
-1.793 4.807 -1.290 10.000 65290.000
-2.439 4.752 -0.799 10.000 65300.000
-3.785 4.350 -0.179 10.000 65310.000
-4.601 3.627 0.684 10.000 65320.000
-4.817 3.043 1.163 10.000 65330.000
-4.745 2.054 1.941 10.000 65340.000
-3.974 1.412 2.590 10.000 65350.000
-3.483 1.031 2.923 10.000 65360.000
-2.339 1.098 3.514 10.000 65370.000
-1.482 1.570 3.806 10.000 65380.000
-0.488 2.322 4.343 10.000 65390.000
0.301 3.050 4.845 10.000 65400.000
0.325 3.368 5.219 10.000 65410.000
0.270 3.531 5.750 10.000 65420.000
0.079 3.414 6.038 10.000 65430.000
-0.021 3.198 6.536 10.000 65440.000
-0.009 2.944 6.904 10.000 65450.000
0.026 2.901 7.304 10.000 65460.000
-0.110 2.827 7.659 10.000 65470.000
-0.337 2.851 7.802 10.000 65480.000
-0.603 2.846 7.893 10.000 65490.000
-0.711 2.691 7.900 10.000 65500.000
-0.646 2.566 7.953 10.000 65510.000
-0.476 2.504 7.967 10.000 65520.000
-0.268 2.470 8.034 10.000 65530.000
0.047 2.695 8.145 10.000 65540.000
0.244 2.638 8.451 10.000 65550.000
0.335 2.518 8.796 10.000 65560.000
0.275 2.997 9.165 10.000 65570.000
0.004 3.313 9.385 10.000 65580.000
-0.620 3.706 9.703 12.000 65592.000
-1.328 3.794 10.077 8.000 65600.000
-1.886 3.284 10.426 10.000 65610.000
-2.322 2.748 10.749 10.000 65620.000
-2.039 2.626 10.788 10.000 65630.000
-1.673 2.808 10.771 10.000 65640.000
-1.273 2.832 10.611 10.000 65650.000
-0.995 2.882 10.477 10.000 65660.000
-1.053 2.664 10.244 10.000 65670.000
-1.268 2.363 9.933 10.000 65680.000
-1.517 2.219 9.765 10.000 65690.000
-1.704 1.975 9.706 10.000 65700.000
-1.800 1.790 9.734 10.000 65710.000
-1.381 1.728 9.854 10.000 65720.000
-1.082 1.604 9.957 10.000 65730.000
-0.845 1.580 9.952 10.000 65740.000
-0.790 1.534 9.885 10.000 65750.000
-1.161 1.362 10.062 10.000 65760.000
-1.412 1.252 10.256 10.000 65770.000
-1.307 1.168 10.666 10.000 65780.000
-1.019 1.106 11.137 10.000 65790.000
-0.663 1.132 11.530 10.000 65800.000
-0.842 0.984 12.026 10.000 65810.000
-1.379 0.809 12.306 10.000 65820.000
-2.070 0.622 12.768 10.000 65830.000
-2.746 0.531 13.220 12.000 65842.000
-2.885 0.615 13.570 8.000 65850.000
-2.961 0.658 13.972 10.000 65860.000
-2.882 0.713 14.192 10.000 65870.000
-2.647 0.584 14.142 10.000 65880.000
-2.360 0.213 14.118 10.000 65890.000
-2.135 -0.117 14.041 10.000 65900.000
-1.786 -0.512 13.898 10.000 65910.000
-1.608 -0.818 13.857 10.000 65920.000
-1.235 -0.849 13.812 10.000 65930.000
-0.744 -0.984 13.548 10.000 65940.000
-0.378 -1.053 13.352 10.000 65950.000
-0.067 -1.532 13.187 10.000 65960.000
-0.004 -2.044 13.000 10.000 65970.000
0.045 -2.652 13.129 10.000 65980.000
0.272 -3.035 13.268 10.000 65990.000
0.555 -3.009 13.376 10.000 66000.000
0.967 -3.009 13.474 10.000 66010.000
1.422 -2.983 13.690 10.000 66020.000
1.699 -3.181 13.895 10.000 66030.000
1.874 -3.141 14.125 10.000 66040.000
1.920 -3.074 14.365 10.000 66050.000
2.066 -2.585 14.116 10.000 66060.000
2.614 -2.037 13.752 10.000 66070.000
3.265 -1.728 13.364 10.000 66080.000
4.201 -1.139 12.844 10.000 66090.000
4.888 -0.799 12.598 10.000 66100.000
5.279 -0.263 12.160 10.000 66110.000
5.631 0.758 11.235 10.000 66120.000
5.698 1.501 10.443 10.000 66130.000
5.803 2.188 9.576 10.000 66140.000
5.911 2.159 9.167 10.000 66150.000
6.057 1.644 9.244 10.000 66160.000
5.901 1.106 9.404 10.000 66170.000
5.707 0.622 9.639 10.000 66180.000
5.092 0.993 9.713 10.000 66190.000
4.783 1.697 9.974 10.000 66200.000
4.776 2.425 10.151 10.000 66210.000
4.970 3.435 10.627 11.000 66221.000
5.477 4.050 11.113 9.000 66230.000
5.442 4.608 11.382 10.000 66240.000
5.482 5.353 11.523 10.000 66250.000
5.322 5.815 11.365 10.000 66260.000
5.106 6.378 11.034 10.000 66270.000
4.910 6.892 10.524 10.000 66280.000
4.637 7.220 10.141 10.000 66290.000
4.158 7.819 9.706 10.000 66300.000
3.734 8.317 9.442 10.000 66310.000
3.354 8.549 9.342 10.000 66320.000
2.791 8.848 8.999 10.000 66330.000
2.434 8.877 8.710 10.000 66340.000
1.944 8.848 8.418 10.000 66350.000
1.628 8.858 8.173 10.000 66360.000
1.326 8.786 8.212 10.000 66370.000
0.914 8.341 8.145 10.000 66380.000
0.636 7.953 8.080 10.000 66390.000
0.306 7.309 7.934 10.000 66400.000
0.143 6.679 7.747 10.000 66410.000
0.253 6.457 7.582 10.000 66420.000
0.454 5.975 7.388 10.000 66430.000
0.708 5.750 7.275 10.000 66440.000
1.029 5.257 7.084 12.000 66452.000
1.199 4.606 6.761 8.000 66460.000
1.278 4.213 6.466 10.000 66470.000
1.391 4.019 6.093 10.000 66480.000
1.436 4.094 5.798 10.000 66490.000
1.156 3.986 5.616 10.000 66500.000
0.701 3.811 5.430 10.000 66510.000
0.213 3.438 5.322 10.000 66520.000
-0.114 3.167 5.200 10.000 66530.000
-0.129 3.203 5.181 10.000 66540.000
0.239 3.311 5.082 10.000 66550.000
0.667 3.390 4.920 10.000 66560.000
0.936 3.366 4.771 10.000 66570.000
1.218 3.239 4.539 10.000 66580.000
1.398 3.007 4.237 10.000 66590.000
1.517 2.803 4.000 10.000 66600.000
1.778 2.576 3.598 10.000 66610.000
2.025 2.451 3.280 19.000 66629.000
2.288 2.245 2.923 12.000 66641.000
2.552 2.039 2.566 11.000 66652.000
2.664 1.841 2.276 9.000 66661.000
2.688 1.704 2.032 15.000 66676.000
2.590 1.750 1.980 4.000 66680.000
2.262 1.793 2.056 11.000 66691.000
1.944 1.853 2.231 10.000 66701.000
1.527 1.831 2.636 10.000 66711.000
0.921 1.817 3.275 11.000 66722.000
0.545 1.805 3.785 9.000 66731.000
0.016 1.695 4.419 10.000 66741.000
-0.325 1.604 4.778 11.000 66752.000
-0.301 1.505 4.994 9.000 66761.000
-0.124 1.312 5.406 11.000 66772.000
0.205 1.216 5.693 9.000 66781.000
0.581 1.007 6.562 9.000 66790.000
0.524 0.486 7.967 12.000 66802.000
0.313 0.059 9.176 8.000 66810.000
0.244 -0.409 10.541 12.000 66822.000
0.129 -0.766 11.324 9.000 66831.000
0.234 -0.505 11.422 9.000 66840.000
0.134 0.031 11.563 13.000 66853.000
-0.107 0.610 11.549 7.000 66860.000
-0.268 1.278 11.494 12.000 66872.000
-0.392 1.642 11.496 9.000 66881.000
-0.359 1.522 11.405 9.000 66890.000
-0.301 1.297 11.298 12.000 66902.000
-0.325 0.984 11.231 8.000 66910.000
-0.383 0.572 10.742 12.000 66922.000
-0.392 0.368 10.304 9.000 66931.000
-0.718 0.169 9.890 9.000 66940.000
-1.180 -0.141 9.449 13.000 66953.000
-1.608 -0.354 9.430 7.000 66960.000
-1.999 -0.581 9.229 12.000 66972.000
-2.164 -0.699 9.217 9.000 66981.000
-2.193 -0.703 9.232 10.000 66991.000
-2.549 -0.375 9.236 11.000 67002.000
-2.944 -0.033 9.423 8.000 67010.000
-3.244 0.483 9.385 12.000 67022.000
-3.679 0.639 9.557 9.000 67031.000
-3.787 0.462 9.739 10.000 67041.000
-3.940 0.205 10.230 11.000 67052.000
-4.122 -0.234 10.749 8.000 67060.000
-4.103 0.043 10.917 11.000 67071.000
-3.952 0.256 11.286 10.000 67081.000
-3.756 0.548 11.346 10.000 67091.000
-3.730 0.615 11.350 11.000 67102.000
-3.816 0.169 11.149 8.000 67110.000
-4.034 -0.210 10.747 10.000 67120.000
-3.945 -0.646 10.149 12.000 67132.000
-3.687 -0.857 9.605 9.000 67141.000
-3.464 -1.055 9.488 10.000 67151.000
-3.114 -1.154 9.447 10.000 67161.000
-3.071 -1.197 9.603 9.000 67170.000
-2.758 -1.302 9.804 11.000 67181.000
-2.360 -1.264 9.926 9.000 67190.000
-2.269 -1.802 9.921 12.000 67202.000
-2.566 -2.552 10.125 8.000 67210.000
-3.134 -3.239 10.283 10.000 67220.000
-3.864 -4.034 10.606 10.000 67230.000
-4.426 -4.441 10.896 10.000 67240.000
-4.601 -4.637 10.977 10.000 67250.000
-4.537 -4.924 11.001 10.000 67260.000
-4.309 -5.104 10.860 10.000 67270.000
-3.780 -5.262 10.836 10.000 67280.000
-3.181 -5.544 10.946 10.000 67290.000
-2.822 -5.736 11.113 10.000 67300.000
-2.387 -5.777 11.480 10.000 67310.000
-2.240 -5.750 11.812 10.000 67320.000
-2.269 -5.602 12.310 10.000 67330.000
-2.659 -5.640 12.603 10.000 67340.000
-3.126 -5.829 12.696 10.000 67350.000
-3.050 -5.954 12.174 10.000 67360.000
-2.868 -6.076 11.353 11.000 67371.000
-1.613 -5.808 10.433 9.000 67380.000
-0.040 -5.310 9.493 10.000 67390.000
0.988 -4.876 9.167 10.000 67400.000
1.719 -4.527 8.894 10.000 67410.000
0.993 -4.527 9.246 10.000 67420.000
-0.050 -4.757 9.619 10.000 67430.000
-1.819 -5.003 10.084 10.000 67440.000
-3.289 -5.166 10.496 10.000 67450.000
-4.548 -4.903 10.618 11.000 67461.000
-5.944 -4.273 10.539 9.000 67470.000
-6.615 -3.627 10.369 10.000 67480.000
-7.489 -2.636 10.187 10.000 67490.000
-7.829 -1.924 9.974 10.000 67500.000
-8.099 -1.312 10.043 10.000 67510.000
-8.408 -0.502 10.254 10.000 67520.000
-8.513 -0.038 10.477 10.000 67530.000
-8.655 0.251 10.831 10.000 67540.000
-8.949 -0.002 11.219 10.000 67550.000
-9.205 -0.452 11.465 10.000 67560.000
-9.526 -1.048 11.492 10.000 67570.000
-9.811 -1.470 11.386 10.000 67580.000
-9.646 -1.247 10.907 10.000 67590.000
-9.440 -0.825 10.321 11.000 67601.000
-9.169 -0.258 9.955 10.000 67611.000
-9.035 0.205 9.581 9.000 67620.000
-9.131 0.301 9.466 10.000 67630.000
-9.052 0.189 9.545 10.000 67640.000
-8.681 0.272 9.567 10.000 67650.000
-8.173 0.459 9.595 13.000 67663.000
-7.563 0.806 9.660 7.000 67670.000
-7.122 1.199 9.773 10.000 67680.000
-6.974 1.395 9.943 10.000 67690.000
-6.763 1.587 10.232 10.000 67700.000
-6.655 1.618 10.486 10.000 67710.000
-6.526 1.711 10.570 10.000 67720.000
-6.291 1.848 10.651 11.000 67731.000
-6.119 1.989 10.613 9.000 67740.000
-5.777 2.159 10.488 10.000 67750.000
-5.501 2.231 10.400 10.000 67760.000
-5.145 2.401 10.168 10.000 67770.000
-4.580 2.652 9.878 10.000 67780.000
-4.185 2.875 9.674 10.000 67790.000
-3.756 3.292 9.495 10.000 67800.000
-3.608 3.687 9.607 10.000 67810.000
-3.667 4.000 9.777 10.000 67820.000
-3.840 4.390 9.974 10.000 67830.000
-4.046 4.587 10.146 10.000 67840.000
-4.149 4.845 10.108 10.000 67850.000
-4.089 5.123 9.995 10.000 67860.000
-3.916 5.324 9.856 10.000 67870.000
-3.543 5.564 9.481 10.000 67880.000
-3.179 5.621 9.169 10.000 67890.000
-2.916 5.827 8.693 10.000 67900.000
-2.647 5.896 8.003 11.000 67911.000
-2.580 5.928 7.551 9.000 67920.000
-2.554 5.793 6.957 10.000 67930.000
-2.375 5.384 6.488 10.000 67940.000
-2.200 5.111 6.232 10.000 67950.000
-1.685 2.901 5.817 10.000 67960.000
-1.130 0.857 5.544 10.000 67970.000
-0.627 1.259 5.061 10.000 67980.000
-0.658 2.154 4.268 10.000 67990.000
-1.029 4.987 3.634 10.000 68000.000
-1.759 8.305 2.956 11.000 68011.000
-2.652 9.284 2.604 9.000 68020.000
-2.753 9.694 2.671 10.000 68030.000
-3.222 9.390 2.564 10.000 68040.000
-3.332 8.599 2.499 10.000 68050.000
-3.332 7.290 2.272 10.000 68060.000
-3.055 5.928 1.836 10.000 68070.000
-2.408 5.279 1.575 10.000 68080.000
-1.606 4.563 1.924 10.000 68090.000
-0.914 4.367 2.437 10.000 68100.000
-0.869 4.242 3.325 10.000 68110.000
-0.536 3.919 4.039 10.000 68120.000
-0.359 3.663 4.141 10.000 68130.000
0.076 3.150 4.065 10.000 68140.000
0.622 2.695 3.711 10.000 68150.000
1.216 2.288 3.490 10.000 68160.000
1.948 1.668 3.502 10.000 68170.000
2.422 1.304 3.694 10.000 68180.000
2.954 0.689 4.170 10.000 68190.000
3.150 0.225 4.687 10.000 68200.000
3.481 -0.119 5.327 10.000 68210.000
3.703 -0.399 6.337 15.000 68225.000
3.869 -0.428 7.062 5.000 68230.000
3.773 -0.325 7.773 10.000 68240.000
3.315 -0.050 8.276 11.000 68251.000
2.966 0.160 8.408 10.000 68261.000
2.573 0.378 8.597 11.000 68272.000
2.442 0.464 8.801 9.000 68281.000
2.300 0.500 8.779 10.000 68291.000
2.202 0.486 8.736 10.000 68301.000
2.147 0.464 8.635 9.000 68310.000
2.157 0.371 8.652 11.000 68321.000
2.264 0.248 8.748 9.000 68330.000
2.027 0.134 8.860 10.000 68340.000
1.493 0.043 9.018 10.000 68350.000
0.895 0.023 9.059 10.000 68360.000
0.275 0.122 8.896 10.000 68370.000
0.122 0.497 8.674 10.000 68380.000
0.265 0.849 8.406 10.000 68390.000
0.440 1.326 8.063 12.000 68402.000
0.636 1.685 7.924 10.000 68412.000
0.354 1.611 7.898 10.000 68422.000
-0.342 1.709 7.955 9.000 68431.000
-1.070 1.683 8.087 10.000 68441.000
-1.886 1.702 8.403 11.000 68452.000
-2.135 1.857 8.542 10.000 68462.000
-1.970 1.841 8.597 9.000 68471.000
-1.865 1.865 8.645 10.000 68481.000
-1.671 1.843 8.508 9.000 68490.000
-1.812 1.980 8.633 12.000 68502.000
-1.948 2.082 8.772 10.000 68512.000
-2.025 2.145 8.918 10.000 68522.000
-2.157 2.121 9.157 9.000 68531.000
-2.415 1.869 9.294 11.000 68542.000
-2.679 1.651 9.416 10.000 68552.000
-3.078 1.403 9.732 9.000 68561.000
-3.423 1.240 9.955 11.000 68572.000
-3.428 1.046 9.871 10.000 68582.000
-3.581 0.744 9.825 12.000 68594.000
-3.598 0.474 9.586 7.000 68601.000
-3.658 0.253 9.514 10.000 68611.000
-3.849 0.196 9.720 10.000 68621.000
-3.964 0.318 9.952 10.000 68631.000
-4.297 0.311 10.105 10.000 68641.000
-4.587 0.253 10.091 11.000 68652.000
-5.111 -0.124 10.098 8.000 68660.000
-5.564 -0.574 10.041 11.000 68671.000
-5.736 -0.950 10.158 10.000 68681.000
-5.805 -1.230 10.460 10.000 68691.000
-5.640 -1.189 10.740 11.000 68702.000
-5.339 -1.125 11.247 8.000 68710.000
-5.099 -1.005 11.659 11.000 68721.000
-5.020 -1.134 11.951 9.000 68730.000
-5.616 -1.443 12.124 11.000 68741.000
-6.349 -1.776 12.069 10.000 68751.000
-7.010 -2.398 11.808 11.000 68762.000
-7.252 -2.980 11.379 8.000 68770.000
-6.818 -3.383 11.070 12.000 68782.000
-6.543 -3.833 10.706 9.000 68791.000
-6.339 -3.993 10.548 10.000 68801.000
-6.210 -4.048 10.479 10.000 68811.000
-5.837 -4.314 10.400 10.000 68821.000
-5.305 -4.532 10.376 11.000 68832.000
-4.594 -4.797 10.412 9.000 68841.000
-4.031 -4.982 10.295 10.000 68851.000
-3.713 -4.955 10.187 9.000 68860.000
-3.222 -4.999 9.931 11.000 68871.000
-2.911 -4.994 9.615 11.000 68882.000
-2.434 -5.171 9.430 9.000 68891.000
-1.900 -5.430 9.366 10.000 68901.000
-1.539 -5.619 9.449 10.000 68911.000
-1.276 -5.796 9.852 10.000 68921.000
-1.608 -5.889 10.316 18.000 68939.000
-1.845 -5.918 10.357 11.000 68950.000
-2.082 -5.947 10.398 10.000 68960.000
-1.965 -6.021 10.043 11.000 68971.000
-1.774 -6.086 9.737 10.000 68981.000
-1.735 -6.133 9.734 11.000 68992.000
-1.889 -6.418 9.607 8.000 69000.000
-2.298 -6.670 9.557 12.000 69012.000
-2.229 -6.866 9.081 10.000 69022.000
-1.970 -7.029 8.422 9.000 69031.000
-1.520 -6.955 7.888 11.000 69042.000
-1.288 -6.943 7.074 8.000 69050.000
-1.316 -6.971 6.612 12.000 69062.000
-1.714 -6.902 6.366 10.000 69072.000
-2.231 -6.845 6.078 9.000 69081.000
-2.530 -6.725 6.071 11.000 69092.000
-3.071 -6.682 6.193 9.000 69101.000
-3.603 -6.758 6.347 11.000 69112.000
-4.015 -6.823 6.540 10.000 69122.000
-4.647 -6.828 6.607 9.000 69131.000
-5.037 -6.756 6.545 9.000 69140.000
-5.324 -6.634 6.172 10.000 69150.000
-5.612 -6.512 5.798 10.000 69160.000
-5.566 -6.373 5.334 10.000 69170.000
-6.059 -6.215 4.924 10.000 69180.000
-6.485 -6.119 4.762 10.000 69190.000
-7.484 -5.896 5.003 10.000 69200.000
-8.690 -5.415 5.731 10.000 69210.000
-9.358 -4.953 6.404 11.000 69221.000
-10.256 -4.223 7.189 10.000 69231.000
-10.582 -3.620 7.570 10.000 69241.000
-10.826 -2.887 7.752 9.000 69250.000
-10.793 -1.776 7.862 12.000 69262.000
-10.529 -0.933 7.860 8.000 69270.000
-10.840 -0.311 8.070 10.000 69280.000
-11.137 -0.153 8.212 10.000 69290.000
-11.451 -0.392 8.334 10.000 69300.000
-11.415 -0.531 8.245 10.000 69310.000
-10.805 -0.450 7.943 12.000 69322.000
-10.280 -0.452 7.611 8.000 69330.000
-9.957 -0.486 7.402 11.000 69341.000
-9.983 -0.620 7.405 9.000 69350.000
-9.957 -0.744 7.398 9.000 69359.000
-9.844 -0.785 7.422 11.000 69370.000
-9.406 -0.579 7.180 10.000 69380.000
-9.801 -0.567 7.043 11.000 69391.000
-10.249 -0.565 6.916 10.000 69401.000
-10.402 -0.359 6.883 10.000 69411.000
-10.886 -0.378 7.256 10.000 69421.000
-10.536 -0.203 7.524 9.000 69430.000
-10.402 -1.039 7.920 11.000 69441.000
-10.563 -2.078 8.221 15.000 69456.000
-10.702 -1.956 8.295 4.000 69460.000
-10.532 -1.003 7.963 10.000 69470.000
-10.146 0.960 7.503 10.000 69480.000
-9.461 2.367 7.335 10.000 69490.000
-8.853 2.643 7.220 9.000 69499.000
-8.559 1.862 7.513 10.000 69509.000
-8.312 1.072 7.843 11.000 69520.000
-8.365 0.837 7.881 9.000 69529.000
-8.219 0.837 7.831 11.000 69540.000
-7.714 1.376 7.606 11.000 69551.000
-7.161 1.924 7.343 10.000 69561.000
-6.402 2.647 6.940 11.000 69572.000
-5.841 3.136 6.627 8.000 69580.000
-5.406 3.430 6.332 11.000 69591.000
-4.726 3.751 5.944 9.000 69600.000
-4.252 3.897 5.695 10.000 69610.000
-3.567 3.998 5.492 10.000 69620.000
-3.112 3.979 5.444 10.000 69630.000
-2.736 3.883 5.456 10.000 69640.000
-2.044 3.861 5.188 10.000 69650.000
-1.563 3.885 4.874 10.000 69660.000
-0.852 4.015 4.431 11.000 69671.000
-0.306 4.194 4.022 10.000 69681.000
-0.069 4.402 3.847 10.000 69691.000
-0.076 4.738 3.488 11.000 69702.000
-0.313 4.967 3.258 9.000 69711.000
-0.541 5.008 2.942 11.000 69722.000
-0.794 4.759 2.820 9.000 69731.000
-0.804 4.383 2.882 10.000 69741.000
-0.952 3.974 3.081 11.000 69752.000
-1.110 3.754 3.366 8.000 69760.000
-1.484 3.756 3.734 12.000 69772.000
-1.824 3.610 4.347 9.000 69781.000
-2.025 3.497 4.824 13.000 69794.000
-2.059 3.141 5.444 6.000 69800.000
-1.857 2.748 5.832 11.000 69811.000
-1.453 2.272 5.817 11.000 69822.000
-0.701 1.625 5.767 9.000 69831.000
-0.117 1.223 5.573 10.000 69841.000
0.593 0.706 5.537 11.000 69852.000
1.067 0.421 5.659 8.000 69860.000
1.120 0.402 5.999 12.000 69872.000
1.065 0.574 6.607 9.000 69881.000
0.883 0.861 7.058 10.000 69891.000
0.440 1.204 7.608 11.000 69902.000
-0.253 1.517 7.929 10.000 69912.000
-0.840 1.640 7.982 9.000 69921.000
-1.594 1.915 7.955 10.000 69931.000
-2.087 2.135 7.829 9.000 69940.000
-2.212 2.154 7.642 10.000 69950.000
-1.838 2.291 7.529 11.000 69961.000
-1.297 2.274 7.496 11.000 69972.000
0.158 2.466 7.184 9.000 69981.000
1.570 2.791 6.981 9.000 69990.000
1.395 2.671 7.232 12.000 70002.000
1.101 2.700 7.582 8.000 70010.000
-0.107 2.521 8.209 12.000 70022.000
-1.625 2.427 8.667 8.000 70030.000
-2.434 2.415 8.784 10.000 70040.000
-3.124 2.255 8.803 12.000 70052.000
-4.266 2.224 8.944 8.000 70060.000
-5.389 2.217 9.430 12.000 70072.000
-6.131 2.456 9.727 9.000 70081.000
-6.423 2.461 10.316 10.000 70091.000
-6.263 2.336 10.783 11.000 70102.000
-5.176 1.980 10.915 8.000 70110.000
-3.509 1.905 11.281 12.000 70122.000
-2.293 2.066 11.355 9.000 70131.000
-1.223 2.252 11.398 10.000 70141.000
-0.790 2.561 11.602 11.000 70152.000
-1.403 2.466 11.540 8.000 70160.000
-2.231 2.384 11.552 11.000 70171.000
-2.913 2.276 11.595 10.000 70181.000
-3.598 2.226 11.779 10.000 70191.000
-3.816 2.298 11.994 11.000 70202.000
-3.359 2.351 12.131 8.000 70210.000
-2.940 2.363 12.241 11.000 70221.000
-2.518 2.317 12.210 10.000 70231.000
-2.173 2.281 12.083 10.000 70241.000
-2.308 2.248 11.889 11.000 70252.000
-2.403 2.255 11.722 8.000 70260.000
-2.509 2.236 11.537 10.000 70270.000
-2.537 2.207 11.449 12.000 70282.000
-2.652 2.061 11.324 9.000 70291.000
-2.822 1.754 11.063 10.000 70301.000
-2.983 1.474 10.819 10.000 70311.000
-3.141 1.029 10.510 9.000 70320.000
-3.193 0.703 10.309 12.000 70332.000
-3.251 0.428 10.160 9.000 70341.000
-3.330 0.126 9.952 10.000 70351.000
-3.411 -0.009 9.809 9.000 70360.000
-3.497 -0.153 9.646 11.000 70371.000
-3.533 -0.193 9.581 11.000 70382.000
-3.548 -0.208 9.576 9.000 70391.000
-3.651 -0.244 9.557 10.000 70401.000
-3.749 -0.272 9.557 10.000 70411.000
-3.964 -0.275 9.557 10.000 70421.000
-4.249 -0.177 9.595 11.000 70432.000
-4.446 -0.057 9.648 9.000 70441.000
-4.742 0.102 9.768 10.000 70451.000
-4.912 0.244 9.873 10.000 70461.000
-5.063 0.222 9.938 10.000 70471.000
-5.224 0.119 9.988 11.000 70482.000
-5.284 -0.023 9.971 9.000 70491.000
-5.291 -0.210 9.916 10.000 70501.000
-5.228 -0.371 9.828 11.000 70512.000
-5.157 -0.450 9.753 9.000 70521.000
-5.106 -0.565 9.598 11.000 70532.000
-5.109 -0.636 9.481 9.000 70541.000
-5.161 -0.742 9.315 10.000 70551.000
-5.243 -0.900 9.085 11.000 70562.000
-5.303 -1.022 8.937 9.000 70571.000
-5.370 -1.139 8.777 11.000 70582.000
-5.406 -1.187 8.700 9.000 70591.000
-5.408 -1.175 8.719 10.000 70601.000
-5.444 -1.189 8.746 11.000 70612.000
-5.473 -1.209 8.784 9.000 70621.000
-5.511 -1.256 8.781 10.000 70631.000
-5.554 -1.312 8.748 10.000 70641.000
-5.662 -1.343 8.693 11.000 70652.000
-5.856 -1.345 8.588 9.000 70661.000
-6.040 -1.319 8.523 10.000 70671.000
-6.313 -1.264 8.367 11.000 70682.000
-6.562 -1.132 8.188 9.000 70691.000
-6.725 -1.029 8.058 10.000 70701.000
-6.974 -0.787 8.010 11.000 70712.000
-7.134 -0.574 8.054 8.000 70720.000
-7.264 -0.296 8.123 12.000 70732.000
-7.386 0.064 8.192 9.000 70741.000
-7.422 0.287 8.180 10.000 70751.000
-7.443 0.641 8.142 11.000 70762.000
-7.422 0.857 8.116 8.000 70770.000
-7.448 1.113 8.032 11.000 70781.000
-7.513 1.450 7.953 10.000 70791.000
-7.592 1.656 7.900 10.000 70801.000
-7.666 1.905 7.862 11.000 70812.000
-7.654 2.070 7.869 8.000 70820.000
-7.603 2.154 7.872 11.000 70831.000
-7.522 2.331 7.843 10.000 70841.000
-7.445 2.466 7.800 10.000 70851.000
-7.472 2.691 7.762 11.000 70862.000
-7.527 3.031 7.682 9.000 70871.000
-7.613 3.277 7.635 11.000 70882.000
-7.757 3.622 7.575 9.000 70891.000
-7.843 3.835 7.522 10.000 70901.000
-7.860 3.993 7.592 10.000 70911.000
-7.709 4.254 7.668 10.000 70921.000
-7.501 4.417 7.757 9.000 70930.000
-7.134 4.934 7.788 13.000 70943.000
-6.809 5.391 7.738 7.000 70950.000
-6.672 5.743 7.637 12.000 70962.000
-6.821 5.908 7.510 9.000 70971.000
-7.127 5.719 7.441 10.000 70981.000
-7.508 5.427 7.484 11.000 70992.000
-7.637 5.020 7.659 8.000 71000.000
-7.481 4.800 7.860 12.000 71012.000
-7.153 4.410 7.989 9.000 71021.000
-6.751 4.122 8.006 10.000 71031.000
-6.339 4.766 7.757 11.000 71042.000
-5.968 5.085 7.457 8.000 71050.000
-5.770 5.573 7.230 11.000 71061.000
-5.525 6.021 6.991 10.000 71071.000
-5.521 5.655 6.928 10.000 71081.000
-5.511 5.750 6.909 11.000 71092.000
-5.626 5.861 6.813 8.000 71100.000
-5.786 6.011 6.730 11.000 71111.000
-5.896 6.244 6.512 11.000 71122.000
-5.731 6.325 6.268 9.000 71131.000
-5.442 6.392 6.100 12.000 71143.000
-4.898 6.440 5.671 9.000 71152.000
-4.405 6.406 5.377 8.000 71160.000
-3.871 6.335 5.023 13.000 71173.000
-3.311 6.473 4.515 8.000 71181.000
-3.004 6.631 4.268 11.000 71192.000
-2.925 7.038 3.809 8.000 71200.000
-3.126 7.498 3.442 10.000 71210.000
-3.306 7.829 3.232 12.000 71222.000
-3.404 8.152 3.021 9.000 71231.000
-3.275 8.226 3.023 11.000 71242.000
-3.315 8.178 3.052 9.000 71251.000
-3.550 7.762 3.074 9.000 71260.000
-3.866 7.352 3.095 13.000 71273.000
-3.931 6.737 3.222 7.000 71280.000
-3.825 6.244 3.323 12.000 71292.000
-3.239 6.093 3.454 8.000 71300.000
-2.403 6.117 3.653 10.000 71310.000
-1.819 6.347 3.746 13.000 71323.000
-1.259 6.718 3.816 8.000 71331.000
-0.907 7.048 3.854 11.000 71342.000
-0.804 7.204 3.825 9.000 71351.000
-0.543 7.314 3.804 9.000 71360.000
-0.258 7.283 3.806 12.000 71372.000
-0.234 6.979 3.790 9.000 71381.000
-0.136 6.593 3.701 10.000 71391.000
-0.196 6.253 3.605 11.000 71402.000
0.062 6.124 3.483 8.000 71410.000
0.454 6.253 3.385 12.000 71422.000
1.285 6.466 3.507 9.000 71431.000
1.948 6.517 3.708 9.000 71440.000
2.293 6.356 3.936 12.000 71452.000
2.454 5.968 4.101 8.000 71460.000
2.444 5.530 4.568 12.000 71472.000
2.602 5.255 4.955 9.000 71481.000
2.401 4.625 5.650 9.000 71490.000
1.857 3.952 6.835 18.000 71508.000
0.840 3.409 7.601 14.000 71522.000
-0.177 2.865 8.367 9.000 71531.000
-0.689 2.892 8.657 9.000 71540.000
-0.675 3.189 8.518 12.000 71552.000
-0.488 3.301 8.372 8.000 71560.000
-0.308 3.320 8.200 12.000 71572.000
-0.275 3.124 8.197 9.000 71581.000
-0.301 2.901 8.310 9.000 71590.000
-0.301 2.825 8.518 13.000 71603.000
-0.294 2.841 8.753 7.000 71610.000
-0.177 2.966 8.920 12.000 71622.000
0.000 3.117 8.973 9.000 71631.000
0.143 3.275 8.865 9.000 71640.000
0.299 3.488 8.750 13.000 71653.000
0.344 3.593 8.702 7.000 71660.000
0.404 3.629 8.786 12.000 71672.000
0.430 3.615 8.911 9.000 71681.000
0.311 3.462 9.162 10.000 71691.000
0.114 3.318 9.440 11.000 71702.000
-0.095 3.244 9.586 8.000 71710.000
-0.339 3.292 9.792 11.000 71721.000
-0.450 3.423 9.878 10.000 71731.000
-0.605 3.550 9.943 10.000 71741.000
-0.768 3.684 9.923 11.000 71752.000
-0.897 3.696 9.844 8.000 71760.000
-0.952 3.684 9.564 10.000 71770.000
-0.766 3.742 9.097 11.000 71781.000
-0.572 3.792 8.714 9.000 71790.000
-0.344 3.948 8.188 11.000 71801.000
-0.191 4.127 7.862 9.000 71810.000
-0.225 4.276 7.723 10.000 71820.000
-0.335 4.455 7.649 11.000 71831.000
-0.478 4.529 7.718 9.000 71840.000
-0.656 4.656 7.848 11.000 71851.000
-0.766 4.740 7.972 9.000 71860.000
-0.811 4.939 8.075 10.000 71870.000
-0.945 5.264 8.133 12.000 71882.000
-1.046 5.537 8.130 9.000 71891.000
-1.350 5.865 7.977 11.000 71902.000
-1.642 6.047 7.781 8.000 71910.000
-2.020 6.098 7.501 10.000 71920.000
-2.530 5.973 7.254 12.000 71932.000
-2.837 5.793 7.158 9.000 71941.000
-3.193 5.446 7.070 10.000 71951.000
-3.392 5.035 7.089 10.000 71961.000
-3.459 4.797 7.074 10.000 71971.000
-3.409 4.558 7.031 11.000 71982.000
-3.308 4.486 6.981 9.000 71991.000
-3.201 4.383 6.952 11.000 72002.000
-3.179 4.189 6.991 9.000 72011.000
-3.275 3.998 7.058 10.000 72021.000
-3.507 3.706 7.225 11.000 72032.000
-3.730 3.514 7.393 9.000 72041.000
-3.866 3.361 7.536 9.000 72050.000
-4.058 3.145 7.716 12.000 72062.000
-4.113 3.031 7.795 8.000 72070.000
-4.232 2.851 7.931 12.000 72082.000
-4.402 2.609 8.003 9.000 72091.000
-4.517 2.430 8.039 9.000 72100.000
-4.577 2.123 8.118 12.000 72112.000
-4.572 1.881 8.140 8.000 72120.000
-4.568 1.678 8.228 12.000 72132.000
-4.570 1.486 8.374 9.000 72141.000
-4.627 1.422 8.477 9.000 72150.000
-4.759 1.309 8.645 12.000 72162.000
-4.841 1.273 8.767 8.000 72170.000
-5.023 1.137 8.851 11.000 72181.000
-5.147 0.933 8.987 10.000 72191.000
-5.197 0.778 9.059 9.000 72200.000
-5.147 0.543 9.198 13.000 72213.000
-5.008 0.289 9.390 7.000 72220.000
-4.927 0.102 9.528 11.000 72231.000
-5.013 -0.241 9.773 9.000 72240.000
-5.200 -0.507 9.950 10.000 72250.000
-5.317 -0.715 10.060 10.000 72260.000
-5.559 -1.019 10.237 10.000 72270.000
-5.633 -1.165 10.309 10.000 72280.000
-5.705 -1.376 10.364 10.000 72290.000
-5.827 -1.537 10.414 10.000 72300.000
-5.722 -1.539 10.340 10.000 72310.000
-5.568 -1.532 10.256 12.000 72322.000
-5.418 -1.460 10.189 9.000 72331.000
-5.082 -1.436 10.012 11.000 72342.000
-4.850 -1.474 9.892 8.000 72350.000
-4.510 -1.599 9.684 11.000 72361.000
-4.065 -1.754 9.464 11.000 72372.000
-3.804 -1.862 9.354 8.000 72380.000
-3.478 -1.932 9.246 14.000 72394.000
-3.371 -1.879 9.203 6.000 72400.000
-3.368 -1.795 9.172 11.000 72411.000
-3.541 -1.781 9.119 11.000 72422.000
-3.778 -1.805 9.064 8.000 72430.000
-4.024 -1.908 9.014 11.000 72441.000
-4.268 -2.051 8.939 9.000 72450.000
-4.338 -2.126 8.887 11.000 72461.000
-4.350 -2.236 8.844 11.000 72472.000
-4.290 -2.312 8.829 9.000 72481.000
-4.189 -2.377 8.872 13.000 72494.000
-4.062 -2.506 8.935 7.000 72501.000
-3.993 -2.600 8.987 10.000 72511.000
-3.931 -2.700 9.018 11.000 72522.000
-3.998 -2.770 8.999 9.000 72531.000
-4.091 -2.774 8.961 12.000 72543.000
-4.223 -2.758 8.925 7.000 72550.000
-4.316 -2.767 8.856 12.000 72562.000
-4.323 -2.779 8.803 9.000 72571.000
-4.307 -2.861 8.760 9.000 72580.000
-4.252 -2.964 8.714 12.000 72592.000
-4.335 -3.081 8.786 10.000 72602.000
-4.419 -3.198 8.858 8.000 72610.000
-4.671 -3.189 9.050 13.000 72623.000
-4.905 -3.052 9.289 7.000 72630.000
-5.032 -2.868 9.466 13.000 72643.000
-5.216 -2.597 9.677 7.000 72650.000
-5.243 -2.331 9.892 11.000 72661.000
-5.286 -2.193 10.060 11.000 72672.000
-5.181 -1.898 10.328 8.000 72680.000
-5.018 -1.690 10.563 13.000 72693.000
-4.788 -1.357 10.742 7.000 72700.000
-4.558 -0.969 10.958 11.000 72711.000
-4.477 -0.737 11.073 11.000 72722.000
-4.424 -0.545 11.240 9.000 72731.000
-4.486 -0.519 11.432 11.000 72742.000
-4.548 -0.548 11.587 9.000 72751.000
-4.568 -0.476 11.899 9.000 72760.000
-4.558 -0.363 12.157 13.000 72773.000
-4.455 -0.129 12.378 7.000 72780.000
-4.252 0.244 12.586 12.000 72792.000
-4.091 0.517 12.638 9.000 72801.000
-3.873 0.873 12.610 9.000 72810.000
-3.715 1.096 12.516 13.000 72823.000
-3.608 1.240 12.423 7.000 72830.000
-3.464 1.465 12.382 12.000 72842.000
-3.378 1.606 12.423 9.000 72851.000
-3.236 1.805 12.435 10.000 72861.000
-3.110 1.927 12.366 11.000 72872.000
-3.019 1.968 12.243 8.000 72880.000
-2.841 2.068 12.066 12.000 72892.000
-2.719 2.111 11.918 9.000 72901.000
-2.432 2.149 11.753 10.000 72911.000
-1.898 2.128 11.441 12.000 72923.000
-1.450 2.047 11.185 8.000 72931.000
-1.094 2.011 10.881 9.000 72940.000
-0.938 1.936 10.714 14.000 72954.000
-1.029 1.922 10.692 6.000 72960.000
-0.703 1.927 10.635 11.000 72971.000
-0.287 1.886 10.625 10.000 72981.000
0.371 2.032 10.498 9.000 72990.000
0.957 2.252 10.333 12.000 73002.000
1.127 2.454 10.204 9.000 73011.000
1.288 2.777 10.194 11.000 73022.000
1.206 2.973 10.275 8.000 73030.000
1.424 3.203 10.283 10.000 73040.000
1.721 3.512 10.184 12.000 73052.000
2.027 3.699 9.967 8.000 73060.000
2.212 3.885 9.706 12.000 73072.000
2.169 3.964 9.557 8.000 73080.000
2.128 3.995 9.387 10.000 73090.000
1.996 3.864 9.028 12.000 73102.000
1.987 3.732 8.712 8.000 73110.000
1.793 3.078 8.518 12.000 73122.000
1.517 2.394 8.451 8.000 73130.000
1.472 3.682 8.444 10.000 73140.000
1.230 4.692 8.523 12.000 73152.000
1.173 6.224 8.480 9.000 73161.000
1.055 7.426 8.166 11.000 73172.000
0.794 6.452 7.886 9.000 73181.000
0.730 5.755 7.520 10.000 73191.000
0.825 4.927 7.082 11.000 73202.000
0.981 4.429 6.914 8.000 73210.000
1.225 4.000 6.653 12.000 73222.000
1.520 3.665 6.179 9.000 73231.000
1.654 3.462 5.777 9.000 73240.000
2.217 3.538 5.377 12.000 73252.000
2.695 3.912 5.166 8.000 73260.000
2.849 4.125 5.102 11.000 73271.000
2.612 3.969 5.130 10.000 73281.000
1.946 3.533 5.157 10.000 73291.000
0.921 2.638 5.181 11.000 73302.000
0.172 1.810 5.272 9.000 73311.000
-0.031 0.948 5.329 9.000 73320.000
0.423 0.349 5.298 12.000 73332.000
1.237 0.210 5.269 9.000 73341.000
2.693 0.735 5.087 10.000 73351.000
4.012 1.726 4.948 10.000 73361.000
4.673 2.454 4.898 9.000 73370.000
5.305 3.110 4.967 10.000 73380.000
5.295 3.102 5.190 10.000 73390.000
5.820 3.347 5.487 10.000 73400.000
6.062 3.536 5.695 10.000 73410.000
6.332 3.797 5.784 10.000 73420.000
6.354 3.813 5.846 10.000 73430.000
5.822 3.514 5.731 10.000 73440.000
5.542 3.138 5.767 10.000 73450.000
5.157 2.559 5.853 12.000 73462.000
5.020 2.224 5.966 8.000 73470.000
4.654 1.675 6.157 11.000 73481.000
4.350 1.170 6.332 11.000 73492.000
4.151 0.869 6.457 9.000 73501.000
4.079 0.682 6.641 10.000 73511.000
4.237 0.708 6.746 9.000 73520.000
4.321 0.881 6.797 11.000 73531.000
4.264 0.890 6.868 10.000 73541.000
4.079 0.785 6.880 13.000 73554.000
3.584 0.440 6.967 7.000 73561.000
3.131 0.038 7.062 9.000 73570.000
2.647 -0.313 7.237 11.000 73581.000
2.300 -0.541 7.627 11.000 73592.000
2.264 -0.529 7.943 8.000 73600.000
2.118 -0.368 8.200 12.000 73612.000
2.090 -0.019 8.355 9.000 73621.000
1.924 0.205 8.295 10.000 73631.000
1.879 0.397 8.176 13.000 73644.000
1.944 0.440 8.116 7.000 73651.000
2.056 0.198 7.972 11.000 73662.000
2.221 -0.181 7.982 9.000 73671.000
2.267 -0.529 8.051 11.000 73682.000
2.032 -1.082 8.336 14.000 73696.000
1.805 -1.426 8.705 4.000 73700.000
1.833 -1.616 8.690 12.000 73712.000
1.759 -1.764 8.925 9.000 73721.000
1.965 -1.707 8.944 10.000 73731.000
1.781 -1.577 9.270 11.000 73742.000
1.199 -1.266 9.615 8.000 73750.000
0.720 -0.995 9.710 12.000 73762.000
0.028 -0.579 10.158 9.000 73771.000
-0.272 -0.234 10.299 11.000 73782.000
-0.610 -0.100 10.778 9.000 73791.000
-0.768 -0.119 11.173 10.000 73801.000
-0.713 -0.284 11.216 11.000 73812.000
-0.184 -0.512 11.212 8.000 73820.000
0.754 -0.775 10.812 11.000 73831.000
1.513 -0.885 10.496 10.000 73841.000
2.243 -1.010 9.979 10.000 73851.000
2.499 -1.072 9.509 11.000 73862.000
2.446 -0.933 9.148 8.000 73870.000
2.360 -0.770 8.777 10.000 73880.000
2.303 -0.593 8.607 13.000 73893.000
2.188 -0.509 8.382 7.000 73900.000
2.097 -0.579 8.317 12.000 73912.000
2.035 -0.782 8.224 8.000 73920.000
1.963 -0.909 8.128 10.000 73930.000
1.948 -0.943 8.087 12.000 73942.000
1.824 -0.679 8.111 8.000 73950.000
1.503 -0.098 8.295 12.000 73962.000
1.192 0.407 8.482 9.000 73971.000
0.706 0.871 8.808 10.000 73981.000
0.330 1.039 9.069 10.000 73991.000
0.055 0.825 9.291 10.000 74001.000
-0.136 0.648 9.526 10.000 74011.000
-0.153 0.512 9.622 10.000 74021.000
-0.143 0.490 9.655 10.000 74031.000
-0.033 0.641 9.605 11.000 74042.000
-0.107 0.883 9.653 8.000 74050.000
-0.162 1.218 9.667 12.000 74062.000
-0.244 1.438 9.744 9.000 74071.000
-0.272 1.630 9.909 10.000 74081.000
-0.280 1.719 10.113 11.000 74092.000
-0.306 1.714 10.350 8.000 74100.000
-0.497 1.733 10.699 12.000 74112.000
-0.742 1.781 10.960 9.000 74121.000
-0.962 1.874 11.209 10.000 74131.000
-1.156 1.934 11.382 11.000 74142.000
-1.185 1.970 11.441 9.000 74151.000
-1.175 1.936 11.458 10.000 74161.000
-1.110 1.833 11.338 11.000 74172.000
-1.170 1.764 11.271 9.000 74181.000
-1.455 1.695 11.161 11.000 74192.000
-1.778 1.695 11.094 8.000 74200.000
-2.104 1.668 11.030 10.000 74210.000
-2.288 1.611 10.979 12.000 74222.000
-2.248 1.553 10.972 9.000 74231.000
-2.176 1.484 11.015 11.000 74242.000
-2.102 1.441 11.056 9.000 74251.000
-2.209 1.422 11.109 9.000 74260.000
-2.389 1.381 11.192 13.000 74273.000
-2.600 1.352 11.226 7.000 74280.000
-2.896 1.347 11.147 12.000 74292.000
-3.055 1.350 11.066 9.000 74301.000
-3.189 1.319 10.876 9.000 74310.000
-3.363 1.216 10.658 14.000 74324.000
-3.452 1.089 10.553 6.000 74330.000
-3.473 0.921 10.469 10.000 74340.000
-3.447 0.809 10.462 12.000 74352.000
-3.361 0.677 10.448 8.000 74360.000
-3.275 0.488 10.405 10.000 74370.000
-3.256 0.339 10.340 10.000 74380.000
-3.145 0.126 10.263 10.000 74390.000
-3.055 0.004 10.223 10.000 74400.000
-2.899 -0.146 10.244 10.000 74410.000
-2.734 -0.344 10.285 10.000 74420.000
-2.659 -0.478 10.338 10.000 74430.000
-2.549 -0.670 10.402 10.000 74440.000
-2.458 -0.842 10.421 9.000 74449.000
-2.377 -0.967 10.421 11.000 74460.000
-2.291 -1.156 10.436 10.000 74470.000
-2.240 -1.288 10.438 9.000 74479.000
-2.272 -1.410 10.500 11.000 74490.000
-2.296 -1.563 10.599 11.000 74501.000
-2.324 -1.651 10.682 9.000 74510.000
-2.353 -1.690 10.718 11.000 74521.000
-2.391 -1.551 10.682 10.000 74531.000
-2.437 -1.381 10.611 9.000 74540.000
-2.542 -1.053 10.522 11.000 74551.000
-2.647 -0.775 10.481 10.000 74561.000
-2.820 -0.529 10.539 10.000 74571.000
-3.136 -0.234 10.658 10.000 74581.000
-3.392 -0.098 10.795 9.000 74590.000
-3.708 0.138 10.996 11.000 74601.000
-3.912 0.287 11.123 10.000 74611.000
-3.962 0.469 11.259 10.000 74621.000
-3.991 0.761 11.420 11.000 74632.000
-3.960 0.952 11.516 10.000 74642.000
-3.837 1.237 11.561 10.000 74652.000
-3.675 1.558 11.353 10.000 74662.000
-3.533 1.769 11.121 10.000 74672.000
-3.361 2.023 10.848 9.000 74681.000
-3.280 2.183 10.625 14.000 74695.000
-3.236 2.238 10.611 7.000 74702.000
-3.134 2.403 10.635 9.000 74711.000
-3.062 2.525 10.699 11.000 74722.000
-2.904 2.806 10.694 9.000 74731.000
-2.758 3.074 10.663 10.000 74741.000
-2.576 3.272 10.491 11.000 74752.000
-2.444 3.505 10.271 8.000 74760.000
-2.398 3.579 10.120 11.000 74771.000
-2.418 3.679 9.945 10.000 74781.000
-2.533 3.739 9.873 10.000 74791.000
-2.640 3.924 9.840 11.000 74802.000
-2.822 3.904 9.763 8.000 74810.000
-2.940 3.859 9.710 11.000 74821.000
-2.992 4.505 9.622 10.000 74831.000
-3.265 5.252 9.768 10.000 74841.000
-3.464 6.203 9.957 11.000 74852.000
-3.766 6.976 10.053 8.000 74860.000
-4.132 7.058 10.184 10.000 74870.000
-4.209 6.991 10.014 10.000 74880.000
-4.264 6.904 9.713 11.000 74891.000
-4.216 6.995 9.504 10.000 74901.000
-4.084 7.113 9.153 10.000 74911.000
-3.979 7.120 8.877 9.000 74920.000
-3.854 7.259 8.566 12.000 74932.000
-3.720 7.508 8.173 9.000 74941.000
-3.670 7.730 7.924 10.000 74951.000
-3.682 8.013 7.613 10.000 74961.000
-3.778 8.221 7.448 9.000 74970.000
-3.883 8.319 7.364 12.000 74982.000
-3.952 8.365 7.187 9.000 74991.000
-3.960 8.350 7.072 10.000 75001.000
-3.948 8.209 6.924 10.000 75011.000
-4.005 8.010 6.715 10.000 75021.000
-4.098 7.864 6.600 11.000 75032.000
-4.335 7.697 6.428 9.000 75041.000
-4.529 7.551 6.210 10.000 75051.000
-4.654 7.462 6.052 11.000 75062.000
-4.527 7.299 5.700 8.000 75070.000
-4.256 7.158 5.406 12.000 75082.000
-3.871 6.957 5.018 9.000 75091.000
-3.406 6.780 4.400 9.000 75100.000
-3.193 6.677 3.976 12.000 75112.000
-2.880 6.543 3.533 9.000 75121.000
-2.700 6.536 3.284 9.000 75130.000
-2.360 6.375 2.980 11.000 75141.000
-1.884 6.126 2.559 9.000 75150.000
-1.508 5.908 2.157 12.000 75162.000
-1.039 5.786 1.666 8.000 75170.000
-0.622 5.786 1.553 12.000 75182.000
-0.342 5.875 1.558 9.000 75191.000
-0.521 5.645 1.675 9.000 75200.000
-0.794 5.319 1.881 12.000 75212.000
-1.065 5.046 2.082 8.000 75220.000
-0.828 4.900 2.415 12.000 75232.000
-0.131 5.073 2.636 9.000 75241.000
0.737 5.154 2.935 9.000 75250.000
1.417 5.190 3.145 13.000 75263.000
2.001 5.042 3.375 7.000 75270.000
2.652 4.747 3.526 11.000 75281.000
3.131 4.544 3.598 10.000 75291.000
3.387 4.048 3.758 10.000 75301.000
3.232 3.610 3.768 11.000 75312.000
3.038 3.107 3.548 8.000 75320.000
3.112 2.461 2.961 11.000 75331.000
3.409 2.106 2.286 10.000 75341.000
3.840 1.666 1.431 10.000 75351.000
4.003 1.333 1.005 11.000 75362.000
3.897 1.144 0.945 8.000 75370.000
3.531 0.780 1.144 11.000 75381.000
3.031 0.502 1.522 10.000 75391.000
2.937 0.134 1.857 10.000 75401.000
3.634 -0.318 1.649 11.000 75412.000
4.592 -0.596 1.182 8.000 75420.000
5.978 -0.995 2.164 11.000 75431.000
7.196 -1.201 3.069 10.000 75441.000
6.809 -1.484 5.413 10.000 75451.000
6.014 -1.671 8.300 11.000 75462.000
4.790 -1.735 9.739 8.000 75470.000
3.169 -1.821 11.688 11.000 75481.000
2.638 -1.314 12.497 11.000 75492.000
2.513 -0.902 12.763 8.000 75500.000
3.172 -0.289 12.720 12.000 75512.000
4.228 0.344 12.167 9.000 75521.000
4.742 0.184 11.171 11.000 75532.000
5.568 0.062 9.947 9.000 75541.000
5.612 -0.260 9.033 10.000 75551.000
5.887 -0.531 8.643 10.000 75561.000
6.430 -0.440 8.939 10.000 75571.000
6.074 -0.466 9.653 10.000 75581.000
5.039 0.143 10.409 11.000 75592.000
3.773 0.701 10.642 8.000 75600.000
2.561 1.048 10.223 12.000 75612.000
1.939 1.474 9.615 9.000 75621.000
2.288 1.017 9.121 10.000 75631.000
3.064 1.051 8.556 12.000 75643.000
3.785 1.295 8.643 8.000 75651.000
4.417 1.632 8.647 10.000 75661.000
4.352 1.982 8.456 11.000 75672.000
3.861 1.841 8.336 9.000 75681.000
3.462 1.778 8.183 12.000 75693.000
3.150 1.623 8.111 8.000 75701.000
3.284 1.915 8.073 10.000 75711.000
3.239 2.319 8.046 11.000 75722.000
3.102 2.645 8.054 9.000 75731.000
2.707 3.021 8.044 12.000 75743.000
2.269 3.184 8.039 8.000 75751.000
1.965 3.294 8.044 9.000 75760.000
1.649 3.454 7.991 13.000 75773.000
1.592 3.564 7.955 7.000 75780.000
1.482 3.696 7.783 12.000 75792.000
1.431 3.778 7.594 9.000 75801.000
1.393 3.809 7.462 9.000 75810.000
1.266 3.837 7.484 13.000 75823.000
1.192 3.845 7.642 7.000 75830.000
1.039 3.971 7.960 12.000 75842.000
0.835 4.163 8.456 9.000 75851.000
0.720 4.357 8.798 9.000 75860.000
0.433 4.527 9.188 13.000 75873.000
0.210 4.568 9.414 7.000 75880.000
-0.126 4.417 9.497 12.000 75892.000
-0.490 4.118 9.555 9.000 75901.000
-0.682 3.842 9.564 9.000 75910.000
-0.885 3.430 9.619 12.000 75922.000
-0.924 3.145 9.639 9.000 75931.000
-0.969 3.059 9.586 10.000 75941.000
-1.098 3.009 9.457 10.000 75951.000
-1.216 3.095 9.282 10.000 75961.000
-1.470 3.124 9.174 11.000 75972.000
-1.831 2.980 9.323 9.000 75981.000
-2.109 2.801 9.548 10.000 75991.000
-2.576 2.434 9.866 10.000 76001.000
-2.906 2.126 10.117 10.000 76011.000
-3.244 1.788 10.299 11.000 76022.000
-3.603 1.347 10.488 8.000 76030.000
-3.773 1.094 10.584 10.000 76040.000
-3.881 0.735 10.754 12.000 76052.000
-3.840 0.526 10.836 10.000 76062.000
-3.725 0.409 11.051 9.000 76071.000
-3.801 0.201 11.291 10.000 76081.000
-3.940 0.098 11.456 9.000 76090.000
-4.254 -0.201 11.614 12.000 76102.000
-4.563 -0.658 11.556 8.000 76110.000
-4.680 -1.024 11.475 12.000 76122.000
-4.704 -1.434 11.310 9.000 76131.000
-4.553 -1.647 11.152 9.000 76140.000
-4.529 -1.752 10.984 13.000 76153.000
-4.508 -1.893 10.785 7.000 76160.000
-4.580 -1.991 10.670 12.000 76172.000
-4.730 -2.161 10.575 9.000 76181.000
-4.812 -2.269 10.563 9.000 76190.000
-4.853 -2.377 10.635 13.000 76203.000
-4.826 -2.501 10.726 7.000 76210.000
-4.721 -2.554 10.797 12.000 76222.000
-4.716 -2.640 10.867 9.000 76231.000
-4.790 -2.715 10.828 13.000 76244.000
-4.932 -2.772 10.771 7.000 76251.000
-5.001 -2.841 10.599 10.000 76261.000
-4.970 -2.877 10.429 11.000 76272.000
-4.620 -2.892 10.172 9.000 76281.000
-4.199 -3.047 9.840 10.000 76291.000
-3.849 -3.191 9.622 11.000 76302.000
-3.452 -3.351 9.423 8.000 76310.000
-3.347 -3.584 9.433 11.000 76321.000
-3.313 -3.675 9.519 9.000 76330.000
-3.323 -3.854 9.560 11.000 76341.000
-3.380 -4.017 9.581 11.000 76352.000
-3.282 -4.106 9.483 8.000 76360.000
-3.131 -4.319 9.303 11.000 76371.000
-2.937 -4.443 9.169 9.000 76380.000
-2.796 -4.632 8.990 11.000 76391.000
-2.796 -4.821 8.863 11.000 76402.000
-2.892 -4.946 8.798 8.000 76410.000
-2.987 -5.116 8.705 10.000 76420.000
-3.031 -5.221 8.657 11.000 76431.000
-3.088 -5.418 8.456 11.000 76442.000
-3.102 -5.554 8.274 9.000 76451.000
-3.145 -5.664 8.078 10.000 76461.000
-3.260 -5.813 7.946 9.000 76470.000
-3.361 -5.870 7.967 12.000 76482.000
-3.555 -5.975 8.046 9.000 76491.000
-3.711 -6.093 8.111 10.000 76501.000
-3.794 -6.172 8.111 10.000 76511.000
-3.842 -6.220 8.087 9.000 76520.000
-3.797 -6.220 8.006 12.000 76532.000
-3.854 -6.155 8.032 9.000 76541.000
-3.960 -6.076 8.092 10.000 76551.000
-4.101 -6.028 8.176 10.000 76561.000
-4.244 -6.009 8.293 10.000 76571.000
-4.225 -5.973 8.394 11.000 76582.000
-4.158 -5.951 8.461 9.000 76591.000
-4.118 -5.884 8.449 10.000 76601.000
-4.074 -5.789 8.403 11.000 76612.000
-4.127 -5.688 8.341 8.000 76620.000
-4.213 -5.494 8.293 12.000 76632.000
-4.273 -5.346 8.324 9.000 76641.000
-4.412 -5.135 8.403 9.000 76650.000
-4.525 -4.979 8.465 12.000 76662.000
-4.563 -4.807 8.561 8.000 76670.000
-4.544 -4.505 8.655 12.000 76682.000
-4.446 -4.266 8.700 9.000 76691.000
-4.278 -3.895 8.683 9.000 76700.000
-4.125 -3.548 8.640 12.000 76712.000
-4.029 -3.330 8.599 8.000 76720.000
-3.945 -3.033 8.599 12.000 76732.000
-3.931 -2.868 8.662 9.000 76741.000
-3.940 -2.715 8.734 9.000 76750.000
-3.971 -2.422 8.848 13.000 76763.000
-3.991 -2.209 8.923 7.000 76770.000
-4.046 -1.769 9.093 11.000 76781.000
-4.103 -1.403 9.232 10.000 76791.000
-4.182 -1.007 9.418 9.000 76800.000
-4.295 -0.581 9.679 12.000 76812.000
-4.371 -0.383 9.844 8.000 76820.000
-4.458 -0.191 10.065 12.000 76832.000
-4.501 -0.167 10.194 9.000 76841.000
-4.572 -0.143 10.249 10.000 76851.000
-4.680 -0.076 10.333 11.000 76862.000
-4.778 -0.002 10.362 8.000 76870.000
-4.900 0.162 10.405 11.000 76881.000
-4.960 0.296 10.448 9.000 76890.000
-5.027 0.442 10.527 10.000 76900.000
-5.140 0.629 10.627 12.000 76912.000
-5.228 0.725 10.714 9.000 76921.000
-5.348 0.914 10.802 10.000 76931.000
-5.463 0.835 10.709 11.000 76942.000
-5.533 0.715 10.594 8.000 76950.000
-5.511 1.357 10.402 12.000 76962.000
-5.458 1.905 10.208 9.000 76971.000
-5.497 2.885 10.223 9.000 76980.000
-5.643 3.837 10.086 12.000 76992.000
-5.880 4.029 10.026 9.000 77001.000
-6.244 4.280 9.866 10.000 77011.000
-6.478 4.314 9.615 10.000 77021.000
-6.490 4.570 9.440 10.000 77031.000
-6.593 4.951 9.179 14.000 77045.000
-6.569 5.272 9.018 5.000 77050.000
-6.780 5.707 8.650 11.000 77061.000
-7.113 5.990 8.207 10.000 77071.000
-7.354 6.148 7.850 10.000 77081.000
-7.498 6.239 7.189 10.000 77091.000
-7.407 6.215 6.737 10.000 77101.000
-7.316 6.157 6.251 10.000 77111.000
-7.369 6.232 5.707 10.000 77121.000
-7.520 6.373 5.468 10.000 77131.000
-7.601 6.593 5.123 11.000 77142.000
-7.675 6.804 4.960 8.000 77150.000
-7.522 6.890 4.829 12.000 77162.000
-7.307 6.732 4.599 10.000 77172.000
-7.161 6.495 4.474 9.000 77181.000
-7.022 6.306 4.106 12.000 77193.000
-6.744 6.473 3.751 7.000 77200.000
-6.528 6.885 3.495 11.000 77211.000
-6.337 7.120 3.248 10.000 77221.000
-6.138 7.307 3.246 10.000 77231.000
-5.940 6.842 3.019 11.000 77242.000
-5.643 6.485 2.688 9.000 77251.000
-5.322 6.306 2.348 9.000 77260.000
-4.434 6.291 1.910 12.000 77272.000
-3.768 6.564 1.709 9.000 77281.000
-3.043 6.651 1.654 11.000 77292.000
-2.480 6.670 1.630 8.000 77300.000
-2.485 6.524 1.704 10.000 77310.000
-2.561 6.519 1.687 12.000 77322.000
-2.487 7.005 1.570 9.000 77331.000
-2.250 7.558 1.422 11.000 77342.000
-1.762 8.492 1.113 9.000 77351.000
-1.201 9.284 0.895 9.000 77360.000
-0.770 9.607 0.488 13.000 77373.000
-0.241 9.612 0.196 7.000 77380.000
0.035 9.236 0.064 10.000 77390.000
0.325 9.172 -0.354 11.000 77401.000
0.435 9.165 -0.526 9.000 77410.000
0.088 9.514 -0.380 13.000 77423.000
0.141 9.516 -0.442 7.000 77430.000
0.181 9.208 -0.217 12.000 77442.000
0.450 8.992 0.062 9.000 77451.000
0.919 8.690 0.007 10.000 77461.000
0.988 8.736 0.160 11.000 77472.000
0.806 8.628 0.294 9.000 77481.000
0.397 8.427 0.373 10.000 77491.000
0.330 8.197 0.605 10.000 77501.000
0.565 7.802 0.964 11.000 77512.000
1.051 7.560 1.343 10.000 77522.000
1.707 6.988 1.419 9.000 77531.000
2.178 6.493 1.244 10.000 77541.000
2.614 5.954 1.149 11.000 77552.000
2.906 5.104 1.316 8.000 77560.000
3.028 4.584 1.786 12.000 77572.000
3.023 3.684 2.365 9.000 77581.000
3.047 2.578 2.849 9.000 77590.000
3.215 1.783 3.069 12.000 77602.000
3.521 0.624 3.351 8.000 77610.000
3.955 -0.153 3.524 12.000 77622.000
4.364 -0.665 3.861 9.000 77631.000
4.786 -1.182 4.472 9.000 77640.000
5.068 -1.335 5.020 12.000 77652.000
5.233 -1.594 6.181 14.000 77666.000
5.128 -1.704 7.067 4.000 77670.000
4.563 -1.889 8.034 11.000 77681.000
4.194 -2.035 9.581 9.000 77690.000
3.943 -2.075 10.515 12.000 77702.000
4.007 -1.960 11.832 9.000 77711.000
4.632 -1.580 12.073 11.000 77722.000
5.061 -1.237 11.736 9.000 77731.000
6.320 -0.916 10.510 9.000 77740.000
7.264 -0.751 8.901 13.000 77753.000
9.062 -0.737 7.292 7.000 77760.000
11.006 -0.778 5.590 12.000 77772.000
12.119 -0.797 4.776 9.000 77781.000
12.926 -0.976 4.185 10.000 77791.000
12.765 -1.192 4.314 11.000 77802.000
12.270 -1.151 4.407 8.000 77810.000
11.429 -0.957 4.541 12.000 77822.000
10.896 -0.603 4.453 9.000 77831.000
9.864 -0.090 4.685 10.000 77841.000
8.913 0.620 5.123 11.000 77852.000
8.307 1.177 5.521 8.000 77860.000
7.673 2.140 6.162 11.000 77871.000
7.536 2.944 6.483 10.000 77881.000
7.180 3.497 7.060 9.000 77890.000
6.466 4.163 7.960 13.000 77903.000
5.781 4.424 8.616 7.000 77910.000
4.860 4.867 9.466 11.000 77921.000
4.266 5.161 9.983 10.000 77931.000
3.823 5.389 10.230 10.000 77941.000
3.390 5.571 10.419 10.000 77951.000
3.193 5.571 10.414 10.000 77961.000
3.014 5.463 10.400 9.000 77970.000
2.906 5.061 10.441 12.000 77982.000
2.789 4.704 10.539 9.000 77991.000
2.679 4.266 10.742 10.000 78001.000
2.552 3.936 10.955 10.000 78011.000
2.523 3.852 11.037 9.000 78020.000
2.489 3.636 11.334 12.000 78032.000
2.449 3.502 11.525 9.000 78041.000
2.408 3.064 11.513 11.000 78052.000
2.403 2.628 11.525 9.000 78061.000
2.298 2.214 11.003 10.000 78071.000
1.987 1.774 10.127 11.000 78082.000
1.675 1.637 9.454 9.000 78091.000
1.165 1.462 8.540 10.000 78101.000
0.761 1.398 7.943 10.000 78111.000
0.409 1.297 7.410 10.000 78121.000
-0.191 1.173 6.665 11.000 78132.000
-0.593 1.086 6.162 9.000 78141.000
-1.285 1.015 5.437 10.000 78151.000
-2.116 1.082 4.730 13.000 78164.000
-2.698 1.173 4.235 6.000 78170.000
-3.471 1.367 3.581 11.000 78181.000
-3.955 1.546 3.150 9.000 78190.000
-4.012 1.707 3.028 11.000 78201.000
-4.007 1.891 2.741 10.000 78211.000
-3.811 1.972 2.612 10.000 78221.000
-3.852 2.106 2.346 10.000 78231.000
-4.027 2.183 2.044 10.000 78241.000
-4.465 2.140 2.073 9.000 78250.000
-5.125 2.111 2.255 12.000 78262.000
-5.549 2.030 2.573 8.000 78270.000
-6.066 2.104 3.009 12.000 78282.000
-6.311 2.379 3.236 9.000 78291.000
-6.332 2.640 3.311 9.000 78300.000
-6.344 2.918 3.514 13.000 78313.000
-6.263 3.040 3.600 7.000 78320.000
-6.390 3.241 3.969 12.000 78332.000
-6.411 3.715 4.374 9.000 78341.000
-6.442 4.173 4.649 9.000 78350.000
-6.507 4.575 5.260 13.000 78363.000
-6.435 4.793 5.631 7.000 78370.000
-6.438 4.759 5.983 10.000 78380.000
-6.138 4.855 6.500 12.000 78392.000
-5.805 5.006 6.682 8.000 78400.000
-5.506 5.114 6.974 13.000 78413.000
-5.133 5.164 7.211 7.000 78420.000
-5.061 5.085 7.283 11.000 78431.000
-4.920 5.068 7.541 10.000 78441.000
-4.745 5.094 7.690 10.000 78451.000
-4.884 5.145 7.967 11.000 78462.000
-5.343 5.181 8.415 8.000 78470.000
-5.872 5.154 8.676 11.000 78481.000
-6.481 5.137 9.107 11.000 78492.000
-6.880 5.133 9.447 8.000 78500.000
-7.103 5.255 9.682 13.000 78513.000
-7.407 5.240 10.084 7.000 78520.000
-7.632 5.216 10.316 11.000 78531.000
-7.414 5.324 10.263 13.000 78544.000
-7.053 5.319 10.146 6.000 78550.000
-6.323 5.671 9.859 10.000 78560.000
-5.679 5.932 9.653 12.000 78572.000
-5.477 6.062 9.732 9.000 78581.000
-5.128 6.258 9.655 11.000 78592.000
-4.788 6.251 9.423 10.000 78602.000
-4.362 6.335 9.109 9.000 78611.000
-3.881 6.332 8.801 11.000 78622.000
-3.548 6.263 8.647 9.000 78631.000
-3.629 6.126 8.801 11.000 78642.000
-3.763 5.722 9.016 14.000 78656.000
-3.952 5.403 9.227 4.000 78660.000
-3.950 4.951 9.342 10.000 78670.000
-3.857 4.537 9.165 13.000 78683.000
-3.711 4.390 8.925 7.000 78690.000
-3.517 4.161 8.635 12.000 78702.000
-3.514 4.065 8.441 8.000 78710.000
-3.263 3.823 8.499 12.000 78722.000
-2.849 3.545 8.578 8.000 78730.000
-2.482 3.351 8.707 14.000 78744.000
-1.999 3.325 8.853 6.000 78750.000
-1.719 3.457 8.892 10.000 78760.000
-1.817 3.581 9.030 10.000 78770.000
-2.106 3.531 9.232 10.000 78780.000
-2.513 3.313 9.416 10.000 78790.000
-3.004 2.911 9.713 10.000 78800.000
-3.280 2.552 9.888 10.000 78810.000
-3.397 2.159 10.010 10.000 78820.000
-3.421 1.580 10.110 10.000 78830.000
-3.361 1.185 10.098 10.000 78840.000
-3.157 0.821 10.070 12.000 78852.000
-2.913 0.644 9.995 8.000 78860.000
-2.762 0.653 9.943 12.000 78872.000
-2.557 0.620 9.940 8.000 78880.000
-2.494 0.555 9.955 11.000 78891.000
-2.473 0.442 10.046 9.000 78900.000
-2.485 0.318 10.189 10.000 78910.000
-2.552 0.237 10.283 10.000 78920.000
-2.643 0.093 10.481 10.000 78930.000
-2.700 0.019 10.639 10.000 78940.000
-2.746 -0.167 10.788 10.000 78950.000
-2.770 -0.509 11.039 14.000 78964.000
-2.770 -0.790 11.185 7.000 78971.000
-2.638 -0.960 11.300 10.000 78981.000
-2.334 -1.292 11.312 10.000 78991.000
-2.051 -1.470 11.221 11.000 79002.000
-1.716 -1.807 11.243 8.000 79010.000
-1.513 -2.255 11.295 12.000 79022.000
-1.501 -2.394 11.487 10.000 79032.000
-1.436 -2.561 11.621 11.000 79043.000
-1.424 -2.568 11.643 8.000 79051.000
-1.228 -2.612 11.597 9.000 79060.000
-0.878 -2.724 11.525 12.000 79072.000
-0.581 -2.808 11.511 9.000 79081.000
-0.306 -2.949 11.398 10.000 79091.000
-0.215 -3.055 11.353 11.000 79102.000
-0.328 -2.578 10.998 9.000 79111.000
-0.150 -1.963 10.268 11.000 79122.000
0.047 -1.290 9.636 10.000 79132.000
0.260 -1.144 8.813 8.000 79140.000
0.565 -1.532 8.245 11.000 79151.000
0.519 -2.480 8.226 11.000 79162.000
-0.004 -3.672 8.348 10.000 79172.000
-0.543 -4.338 8.662 9.000 79181.000
-1.472 -4.261 9.057 14.000 79195.000
-2.341 -3.763 9.279 5.000 79200.000
-2.365 -2.798 9.344 10.000 79210.000
-2.149 -1.850 9.660 12.000 79222.000
-1.544 -1.644 9.895 10.000 79232.000
-0.809 -1.259 10.307 9.000 79241.000
-0.210 -0.914 10.728 11.000 79252.000
0.148 -0.553 10.898 10.000 79262.000
0.531 -0.287 11.077 10.000 79272.000
0.785 -0.201 11.080 10.000 79282.000
0.459 -0.110 11.207 8.000 79290.000
-0.107 -0.088 11.166 12.000 79302.000
-0.699 0.028 11.116 10.000 79312.000
-1.168 0.222 10.996 10.000 79322.000
-1.278 0.359 10.754 11.000 79333.000
-1.146 0.565 10.680 7.000 79340.000
-1.098 0.914 10.484 10.000 79350.000
-1.173 1.187 10.357 11.000 79361.000
-1.426 1.544 10.220 10.000 79371.000
-1.766 1.956 10.134 10.000 79381.000
-2.023 2.224 10.170 9.000 79390.000
-2.272 2.568 10.374 11.000 79401.000
-2.351 2.700 10.591 10.000 79411.000
-2.461 2.810 10.711 9.000 79420.000
-2.715 2.995 10.673 10.000 79430.000
-2.975 3.102 10.467 10.000 79440.000
-3.399 3.380 10.230 11.000 79451.000
-3.706 3.624 10.041 10.000 79461.000
-4.007 3.861 9.923 9.000 79470.000
-4.280 4.170 9.794 11.000 79481.000
-4.390 4.309 9.696 9.000 79490.000
-4.347 4.625 9.514 10.000 79500.000
-4.165 4.874 9.418 10.000 79510.000
-4.012 5.125 9.277 10.000 79520.000
-3.711 5.317 9.100 11.000 79531.000
-3.562 5.331 9.006 10.000 79541.000
-3.320 5.360 8.853 10.000 79551.000
-2.738 5.549 8.722 10.000 79561.000
-2.305 5.798 8.626 9.000 79570.000
-2.128 6.165 8.489 11.000 79581.000
-2.355 6.588 8.382 13.000 79594.000
-2.923 6.777 8.310 11.000 79605.000
-3.363 7.196 8.204 5.000 79610.000
-3.548 7.498 8.140 13.000 79623.000
-3.311 7.872 8.037 7.000 79630.000
-3.119 8.315 7.910 12.000 79642.000
-3.055 8.528 7.817 13.000 79655.000
-3.009 8.710 7.711 5.000 79660.000
-3.074 8.748 7.675 11.000 79671.000
-3.136 8.638 7.790 10.000 79681.000
-3.193 8.662 7.773 11.000 79692.000
-3.232 8.717 7.769 9.000 79701.000
-3.203 8.810 7.647 11.000 79712.000
-3.131 8.983 7.398 9.000 79721.000
-2.887 9.117 7.208 10.000 79731.000
-2.533 9.028 6.833 11.000 79742.000
-2.245 8.901 6.574 8.000 79750.000
-1.675 8.611 6.191 12.000 79762.000
-1.197 8.152 5.944 10.000 79772.000
-0.828 7.915 5.884 9.000 79781.000
-0.397 7.560 5.820 11.000 79792.000
-0.248 7.369 5.880 8.000 79800.000
-0.093 7.070 5.796 12.000 79812.000
0.095 6.514 5.645 9.000 79821.000
0.222 6.076 5.499 10.000 79831.000
0.677 5.516 5.207 11.000 79842.000
1.039 5.137 4.994 9.000 79851.000
1.580 4.884 4.702 11.000 79862.000
2.370 4.479 4.357 10.000 79872.000
2.832 4.197 4.158 9.000 79881.000
3.447 3.660 3.940 11.000 79892.000
3.849 3.256 3.869 8.000 79900.000
4.249 2.753 3.835 12.000 79912.000
4.833 2.106 3.629 14.000 79926.000
5.264 1.714 3.442 4.000 79930.000
5.837 1.192 3.114 12.000 79942.000
6.414 0.852 2.851 9.000 79951.000
6.806 0.656 2.760 11.000 79962.000
7.261 0.433 2.595 10.000 79972.000
7.575 0.339 2.571 9.000 79981.000
7.627 0.371 2.688 11.000 79992.000
7.601 0.541 2.868 8.000 80000.000
7.431 0.967 3.160 15.000 80015.000
7.261 1.393 3.452 11.000 80026.000
7.101 1.762 3.552 4.000 80030.000
6.921 2.219 3.706 10.000 80040.000
6.727 2.602 3.950 12.000 80052.000
6.440 3.038 4.228 13.000 80065.000
6.153 3.473 4.505 5.000 80070.000
5.963 3.682 4.668 10.000 80080.000
5.791 3.775 4.606 10.000 80090.000
5.626 3.881 4.355 10.000 80100.000
5.461 3.986 4.103 10.000 80110.000
5.190 4.019 3.813 11.000 80121.000
4.625 3.143 4.280 9.000 80130.000
4.146 2.202 4.903 10.000 80140.000
4.309 1.434 7.366 10.000 80150.000
4.577 0.737 9.868 10.000 80160.000
5.530 0.411 11.010 10.000 80170.000
8.125 0.418 11.326 10.000 80180.000
10.079 0.253 9.801 10.000 80190.000
11.856 1.412 7.651 10.000 80200.000
13.321 3.069 6.200 9.000 80209.000
11.947 5.075 4.441 11.000 80220.000
10.007 7.299 3.713 10.000 80230.000
8.245 8.200 3.610 10.000 80240.000
6.011 8.923 4.431 11.000 80251.000
4.970 8.518 6.533 8.000 80259.000
4.493 7.896 7.603 11.000 80270.000
4.620 7.319 7.929 9.000 80279.000
5.219 6.919 7.331 11.000 80290.000
6.332 7.067 5.604 9.000 80299.000
7.498 7.000 3.473 12.000 80311.000
8.061 6.888 2.087 9.000 80320.000
8.576 6.636 1.067 10.000 80330.000
8.580 6.282 1.029 10.000 80340.000
8.379 6.335 1.848 10.000 80350.000
8.022 6.438 2.698 10.000 80360.000
7.714 6.679 3.181 11.000 80371.000
7.345 6.916 3.572 9.000 80380.000
6.947 6.766 3.521 10.000 80390.000
6.706 6.564 3.440 10.000 80400.000
6.100 6.191 3.224 10.000 80410.000
5.554 5.822 3.102 16.000 80426.000
5.128 5.753 3.320 5.000 80431.000
4.491 5.628 3.615 9.000 80440.000
4.218 5.676 4.043 12.000 80452.000
3.670 5.458 4.151 8.000 80460.000
3.184 5.137 3.907 10.000 80470.000
2.853 4.338 3.031 10.000 80480.000
2.545 3.136 1.067 10.000 80490.000
2.511 2.200 -0.574 10.000 80500.000
2.947 1.999 -1.745 10.000 80510.000
3.675 3.213 -0.596 10.000 80520.000
4.381 4.829 1.640 10.000 80530.000
5.276 5.473 4.572 10.000 80540.000
5.702 5.382 7.034 11.000 80551.000
6.404 4.860 6.885 9.000 80560.000
7.893 6.253 5.954 12.000 80572.000
9.193 8.619 4.326 9.000 80581.000
9.485 10.022 2.880 10.000 80591.000
8.573 9.852 2.813 11.000 80602.000
6.873 7.766 3.529 8.000 80610.000
5.257 5.995 3.983 12.000 80622.000
4.649 5.185 4.256 9.000 80631.000
4.920 5.861 4.058 10.000 80641.000
5.363 6.469 3.804 11.000 80652.000
5.722 6.763 3.811 8.000 80660.000
6.165 6.993 3.828 12.000 80672.000
6.421 6.861 3.782 9.000 80681.000
6.442 6.928 3.971 11.000 80692.000
6.270 6.993 4.139 10.000 80702.000
6.014 7.122 4.297 9.000 80711.000
5.702 7.199 4.371 11.000 80722.000
5.477 7.165 4.194 10.000 80732.000
5.446 7.134 4.039 9.000 80741.000
5.384 7.067 3.890 11.000 80752.000
5.377 7.053 3.825 9.000 80761.000
5.348 7.036 3.725 11.000 80772.000
5.365 6.993 3.622 9.000 80781.000
5.413 6.986 3.512 9.000 80790.000
5.509 6.950 3.380 13.000 80803.000
5.602 6.895 3.356 7.000 80810.000
5.571 6.902 3.371 12.000 80822.000
5.451 6.943 3.428 9.000 80831.000
5.284 7.012 3.507 10.000 80841.000
5.075 7.050 3.562 11.000 80852.000
4.946 7.053 3.581 8.000 80860.000
4.946 6.993 3.543 12.000 80872.000
5.042 6.947 3.512 9.000 80881.000
5.178 6.933 3.505 10.000 80891.000
5.348 6.926 3.488 11.000 80902.000
5.422 6.938 3.464 9.000 80911.000
5.401 6.936 3.433 10.000 80921.000
5.365 6.919 3.421 10.000 80931.000
5.295 6.895 3.418 10.000 80941.000
5.279 6.888 3.576 11.000 80952.000
5.219 6.924 3.778 8.000 80960.000
5.173 6.974 3.960 11.000 80971.000
5.111 7.024 4.072 10.000 80981.000
5.051 7.067 4.046 10.000 80991.000
5.039 7.024 3.909 11.000 81002.000
5.027 6.974 3.751 8.000 81010.000
5.032 6.924 3.663 10.000 81020.000
5.051 6.861 3.610 12.000 81032.000
5.133 6.871 3.878 9.000 81041.000
5.214 6.888 4.168 10.000 81051.000
5.164 6.957 4.302 10.000 81061.000
5.099 7.038 4.400 9.000 81070.000
4.963 7.038 4.216 12.000 81082.000
4.821 6.995 4.098 9.000 81091.000
4.812 6.900 4.137 10.000 81101.000
4.843 6.871 4.216 10.000 81111.000
4.879 6.895 4.323 9.000 81120.000
5.051 6.773 4.268 12.000 81132.000
5.216 6.703 4.115 9.000 81141.000
5.341 6.567 3.921 10.000 81151.000
5.307 6.651 3.754 10.000 81161.000
4.944 6.936 3.933 10.000 81171.000
4.587 7.168 4.211 11.000 81182.000
4.295 7.278 4.659 9.000 81191.000
4.161 7.168 5.080 10.000 81201.000
4.321 6.924 4.867 10.000 81211.000
4.563 6.730 4.673 10.000 81221.000
4.740 6.658 4.309 11.000 81232.000
4.924 6.660 3.885 9.000 81241.000
5.013 6.785 3.845 9.000 81250.000
4.951 6.845 3.852 12.000 81262.000
4.944 6.895 3.948 8.000 81270.000
4.929 6.871 4.103 12.000 81282.000
4.845 6.909 4.168 9.000 81291.000
4.831 6.962 4.165 9.000 81300.000
4.800 7.022 4.127 12.000 81312.000
4.654 7.041 4.240 9.000 81321.000
4.577 6.998 4.443 10.000 81331.000
4.316 6.950 4.745 10.000 81341.000
4.017 6.900 4.881 9.000 81350.000
3.833 6.890 4.867 13.000 81363.000
3.780 6.840 4.865 7.000 81370.000
3.912 6.794 4.764 11.000 81381.000
4.216 6.873 4.762 10.000 81391.000
4.438 6.868 4.790 9.000 81400.000
4.529 6.904 4.807 10.000 81410.000
4.479 6.825 4.841 12.000 81422.000
4.256 6.627 4.888 9.000 81431.000
4.070 6.643 5.018 10.000 81441.000
3.890 6.710 5.011 10.000 81451.000
3.852 6.892 4.987 11.000 81462.000
3.866 7.046 4.939 8.000 81470.000
3.943 7.062 4.800 11.000 81481.000
4.012 7.029 4.797 10.000 81491.000
3.991 7.010 4.817 10.000 81501.000
3.916 7.019 4.860 11.000 81512.000
3.871 7.077 4.922 8.000 81520.000
3.964 7.108 4.869 10.000 81530.000
4.149 7.125 4.795 12.000 81542.000
4.441 7.125 4.386 9.000 81551.000
4.771 7.015 3.785 11.000 81562.000
4.963 6.931 3.299 8.000 81570.000
5.015 6.833 3.165 11.000 81581.000
4.960 6.751 3.366 10.000 81591.000
4.656 6.902 4.046 10.000 81601.000
4.331 7.038 4.551 11.000 81612.000
4.144 7.189 4.704 8.000 81620.000
4.077 7.309 4.721 11.000 81631.000
4.175 7.264 4.410 11.000 81642.000
4.151 7.213 4.453 8.000 81650.000
4.024 7.266 4.496 12.000 81662.000
3.778 7.350 4.675 9.000 81671.000
3.569 7.374 4.872 10.000 81681.000
3.505 7.417 4.888 10.000 81691.000
3.521 7.237 4.896 10.000 81701.000
3.478 7.077 4.948 10.000 81711.000
3.397 6.976 4.984 10.000 81721.000
3.342 6.933 4.934 10.000 81731.000
3.435 6.986 4.824 11.000 81742.000
3.588 7.019 4.668 8.000 81750.000
3.725 7.026 4.551 12.000 81762.000
3.835 6.976 4.520 9.000 81771.000
3.732 7.122 4.649 11.000 81782.000
3.533 7.304 4.738 9.000 81791.000
3.351 7.513 4.788 10.000 81801.000
3.153 7.659 4.994 10.000 81811.000
3.040 7.632 5.109 10.000 81821.000
3.045 7.457 5.272 10.000 81831.000
3.074 7.297 5.499 11.000 81842.000
3.119 7.199 5.571 8.000 81850.000
3.093 7.141 5.693 11.000 81861.000
3.033 7.156 5.853 11.000 81872.000
2.949 7.156 5.949 9.000 81881.000
2.801 7.077 5.963 11.000 81892.000
2.724 6.957 5.928 8.000 81900.000
2.602 7.015 5.786 10.000 81910.000
2.437 7.058 5.116 11.000 81921.000
2.336 7.180 4.527 9.000 81930.000
2.545 7.252 3.991 12.000 81942.000
2.810 7.187 3.514 9.000 81951.000
3.160 7.026 3.816 9.000 81960.000
3.538 7.060 4.082 13.000 81973.000
3.608 7.144 4.295 8.000 81981.000
3.677 7.362 4.520 11.000 81992.000
3.706 7.690 4.496 9.000 82001.000
3.780 7.855 4.558 10.000 82011.000
3.670 7.800 4.745 12.000 82023.000
3.560 7.611 4.920 8.000 82031.000
3.574 7.431 4.999 12.000 82043.000
3.497 7.220 4.936 8.000 82051.000
3.605 7.230 4.750 11.000 82062.000
3.722 7.249 4.606 10.000 82072.000
3.715 7.259 4.558 9.000 82081.000
3.770 7.261 4.577 10.000 82091.000
3.811 7.184 4.757 9.000 82100.000
3.842 7.098 4.893 10.000 82110.000
3.837 7.050 5.001 18.000 82128.000
3.787 7.010 5.133 2.000 82130.000
3.758 7.046 5.011 10.000 82140.000
3.699 7.062 5.001 10.000 82150.000
3.675 7.041 5.020 10.000 82160.000
3.586 7.082 5.082 12.000 82172.000
3.533 7.120 5.145 9.000 82181.000
3.512 7.177 5.094 9.000 82190.000
3.512 7.189 5.087 12.000 82202.000
3.576 7.139 5.037 10.000 82212.000
3.629 7.103 4.994 10.000 82222.000
3.708 7.046 4.963 9.000 82231.000
3.766 7.034 4.888 9.000 82240.000
3.797 6.962 4.812 11.000 82251.000
3.746 6.936 4.872 11.000 82262.000
3.670 6.931 4.920 9.000 82271.000
3.588 6.998 4.932 10.000 82281.000
3.533 7.125 4.946 10.000 82291.000
3.521 7.230 4.944 11.000 82302.000
3.555 7.280 4.977 10.000 82312.000
3.593 7.259 5.046 9.000 82321.000
3.682 7.225 5.068 10.000 82331.000
3.785 7.101 4.934 11.000 82342.000
3.842 7.031 4.764 10.000 82352.000
3.873 6.940 4.587 8.000 82360.000
3.854 6.861 4.458 12.000 82372.000
3.773 6.885 4.539 9.000 82381.000
3.620 6.962 4.800 14.000 82395.000
3.493 7.060 5.068 7.000 82402.000
3.380 7.180 5.193 8.000 82410.000
3.323 7.254 5.228 11.000 82421.000
3.423 7.218 5.044 10.000 82431.000
3.567 7.113 4.888 10.000 82441.000
3.696 6.986 4.876 11.000 82452.000
3.828 6.845 4.865 8.000 82460.000
3.873 6.761 4.893 11.000 82471.000
3.869 6.782 4.903 10.000 82481.000
3.823 6.852 4.948 10.000 82491.000
3.775 6.936 4.994 11.000 82502.000
3.730 7.096 5.070 8.000 82510.000
3.691 7.220 5.137 10.000 82520.000
3.687 7.299 5.090 12.000 82532.000
3.706 7.333 5.099 9.000 82541.000
3.722 7.290 5.078 10.000 82551.000
3.766 7.211 4.955 10.000 82561.000
3.852 7.082 4.867 9.000 82570.000
3.914 6.998 4.721 12.000 82582.000
3.979 6.904 4.616 9.000 82591.000
4.017 6.847 4.611 10.000 82601.000
3.993 6.888 4.699 10.000 82611.000
3.950 6.928 4.829 9.000 82620.000
3.904 6.979 4.917 12.000 82632.000
3.890 7.050 4.977 9.000 82641.000
3.907 7.074 5.054 10.000 82651.000
3.943 7.098 5.090 9.000 82660.000
4.036 7.115 4.965 10.000 82670.000
4.098 7.110 4.869 12.000 82682.000
4.192 7.122 4.630 9.000 82691.000
4.302 7.182 4.254 10.000 82701.000
4.355 7.249 4.039 10.000 82711.000
4.422 7.254 3.622 10.000 82721.000
4.453 7.240 3.284 11.000 82732.000
4.441 7.072 3.047 9.000 82741.000
4.395 6.888 3.196 10.000 82751.000
4.335 6.766 3.545 12.000 82763.000
4.161 6.818 4.137 9.000 82772.000
4.012 6.976 4.764 8.000 82780.000
3.727 7.290 5.248 10.000 82790.000
3.315 7.608 5.719 10.000 82800.000
3.019 7.752 5.949 10.000 82810.000
2.667 7.769 6.232 10.000 82820.000
2.485 7.647 6.272 10.000 82830.000
2.420 7.386 6.200 11.000 82841.000
2.427 7.084 6.090 8.000 82849.000
2.489 6.909 5.928 11.000 82860.000
2.604 6.833 5.822 11.000 82871.000
2.755 7.007 5.659 14.000 82885.000
2.834 7.223 5.535 5.000 82890.000
3.011 7.381 4.695 10.000 82900.000
3.136 7.441 3.797 9.000 82909.000
3.627 7.256 3.023 11.000 82920.000
3.979 7.105 2.731 9.000 82929.000
4.232 7.012 3.155 10.000 82939.000
4.398 7.163 3.787 10.000 82949.000
4.170 7.441 4.477 10.000 82959.000
4.084 7.687 4.687 11.000 82970.000
4.058 7.771 4.745 11.000 82981.000
4.120 7.611 4.594 8.000 82989.000
4.175 7.400 4.405 11.000 83000.000
4.168 7.225 4.328 9.000 83009.000
4.101 7.213 4.405 11.000 83020.000
4.022 7.184 4.551 10.000 83030.000
3.950 7.206 4.735 10.000 83040.000
3.962 7.163 4.702 9.000 83049.000
3.955 7.177 4.649 11.000 83060.000
3.960 7.208 4.527 10.000 83070.000
3.960 7.280 4.422 9.000 83079.000
3.936 7.378 4.419 10.000 83089.000
3.967 7.398 4.388 10.000 83099.000
3.971 7.398 4.331 10.000 83109.000
3.981 7.357 4.256 11.000 83120.000
3.960 7.326 4.331 11.000 83131.000
3.873 7.321 4.465 8.000 83139.000
3.813 7.335 4.625 10.000 83149.000
3.794 7.309 4.671 10.000 83159.000
3.806 7.273 4.568 11.000 83170.000
3.864 7.220 4.450 10.000 83180.000
3.909 7.218 4.340 9.000 83189.000
3.914 7.256 4.345 11.000 83200.000
3.926 7.304 4.362 9.000 83209.000
3.912 7.359 4.402 11.000 83220.000
3.909 7.364 4.436 10.000 83230.000
3.904 7.352 4.446 10.000 83240.000
3.892 7.331 4.443 10.000 83250.000
3.878 7.295 4.489 10.000 83260.000
3.871 7.252 4.486 10.000 83270.000
3.866 7.225 4.508 10.000 83280.000
3.907 7.208 4.522 10.000 83290.000
3.960 7.211 4.467 10.000 83300.000
4.043 7.244 4.402 10.000 83310.000
4.163 7.297 4.340 10.000 83320.000
4.237 7.340 4.285 10.000 83330.000
4.280 7.422 4.225 9.000 83339.000
4.285 7.479 4.223 11.000 83350.000
4.268 7.503 4.252 9.000 83359.000
4.244 7.469 4.266 11.000 83370.000
4.252 7.398 4.285 10.000 83380.000
4.216 7.311 4.355 9.000 83389.000
4.168 7.240 4.271 11.000 83400.000
4.127 7.225 4.201 10.000 83410.000
4.077 7.230 4.230 10.000 83420.000
4.070 7.249 4.209 9.000 83429.000
4.058 7.285 4.290 10.000 83439.000
4.070 7.273 4.347 10.000 83449.000
4.091 7.242 4.307 11.000 83460.000
4.101 7.182 4.304 10.000 83470.000
4.113 7.105 4.319 9.000 83479.000
4.103 7.096 4.297 11.000 83490.000
4.115 7.084 4.280 9.000 83499.000
4.139 7.101 4.225 10.000 83509.000
4.144 7.149 4.283 11.000 83520.000
4.151 7.180 4.369 10.000 83530.000
4.137 7.213 4.450 10.000 83540.000
4.137 7.228 4.474 10.000 83550.000
4.156 7.211 4.386 10.000 83560.000
4.180 7.177 4.328 10.000 83570.000
4.209 7.158 4.225 10.000 83580.000
4.223 7.158 4.180 10.000 83590.000
4.242 7.177 4.158 10.000 83600.000
4.252 7.211 4.137 10.000 83610.000
4.254 7.237 4.151 10.000 83620.000
4.244 7.280 4.161 10.000 83630.000
4.230 7.304 4.146 10.000 83640.000
4.220 7.292 4.199 10.000 83650.000
4.213 7.273 4.261 10.000 83660.000
4.228 7.216 4.402 10.000 83670.000
4.242 7.146 4.376 10.000 83680.000
4.252 7.113 4.283 10.000 83690.000
4.280 7.089 4.173 10.000 83700.000
4.285 7.096 4.101 10.000 83710.000
4.290 7.115 4.197 10.000 83720.000
4.323 7.206 4.264 10.000 83730.000
4.338 7.287 4.347 10.000 83740.000
4.400 7.287 3.904 10.000 83750.000
4.671 7.134 2.798 10.000 83760.000
4.912 6.909 1.721 10.000 83770.000
5.042 6.675 1.426 12.000 83782.000
5.137 6.512 1.546 8.000 83790.000
4.721 6.859 2.942 10.000 83800.000
4.096 7.359 4.438 10.000 83810.000
3.584 7.869 5.152 10.000 83820.000
3.157 8.334 5.793 10.000 83830.000
2.978 8.192 5.712 10.000 83840.000
3.007 7.898 5.530 10.000 83850.000
3.057 7.508 5.482 10.000 83860.000
3.021 7.163 5.506 10.000 83870.000
3.150 7.117 5.521 10.000 83880.000
3.308 7.120 5.465 10.000 83890.000
3.445 7.218 5.276 10.000 83900.000
3.593 7.400 5.073 10.000 83910.000
3.634 7.532 4.989 10.000 83920.000
3.586 7.589 5.240 10.000 83930.000
3.397 7.570 5.231 10.000 83940.000
3.196 7.467 5.236 10.000 83950.000
3.210 7.374 4.390 11.000 83961.000
3.567 7.252 3.337 9.000 83970.000
4.065 7.206 2.545 10.000 83980.000
4.587 7.170 2.037 10.000 83990.000
4.893 7.125 2.379 10.000 84000.000
4.778 7.165 2.975 10.000 84010.000
4.675 7.307 3.512 10.000 84020.000
4.548 7.438 3.763 10.000 84030.000
4.446 7.544 4.017 10.000 84040.000
4.481 7.618 3.960 10.000 84050.000
4.484 7.594 4.000 10.000 84060.000
4.491 7.532 4.091 10.000 84070.000
4.474 7.496 4.180 10.000 84080.000
4.484 7.405 4.273 10.000 84090.000
4.532 7.268 4.194 10.000 84100.000
4.575 7.170 4.065 10.000 84110.000
4.608 7.105 3.931 10.000 84120.000
4.616 7.096 3.792 10.000 84130.000
4.537 7.182 3.852 10.000 84140.000
4.412 7.304 4.003 10.000 84150.000
4.297 7.393 4.158 10.000 84160.000
4.151 7.467 4.309 10.000 84170.000
4.074 7.489 4.395 10.000 84180.000
4.048 7.474 4.426 10.000 84190.000
4.043 7.445 4.374 10.000 84200.000
4.070 7.431 4.326 10.000 84210.000
4.120 7.364 4.209 10.000 84220.000
4.197 7.309 4.118 10.000 84230.000
4.252 7.268 4.110 10.000 84240.000
4.297 7.266 4.118 10.000 84250.000
4.319 7.316 4.194 10.000 84260.000
4.319 7.331 4.129 10.000 84270.000
4.299 7.328 4.096 10.000 84280.000
4.290 7.287 4.048 10.000 84290.000
4.268 7.261 3.995 9.000 84299.000
4.237 7.259 4.022 10.000 84309.000
4.216 7.280 4.041 11.000 84320.000
4.192 7.307 4.010 10.000 84330.000
4.180 7.319 3.983 10.000 84340.000
4.165 7.347 3.983 10.000 84350.000
4.158 7.352 4.007 9.000 84359.000
4.153 7.352 4.082 11.000 84370.000
4.146 7.316 4.149 10.000 84380.000
4.141 7.264 4.189 10.000 84390.000
4.134 7.244 4.220 10.000 84400.000
4.110 7.237 4.242 10.000 84410.000
4.089 7.266 4.271 10.000 84420.000
4.079 7.309 4.244 10.000 84430.000
4.074 7.335 4.180 9.000 84439.000
4.103 7.357 4.242 10.000 84449.000
4.149 7.343 4.299 10.000 84459.000
4.182 7.314 4.412 11.000 84470.000
4.228 7.247 4.436 9.000 84479.000
4.247 7.180 4.302 11.000 84490.000
4.249 7.149 4.173 9.000 84499.000
4.209 7.151 4.122 10.000 84509.000
4.156 7.192 4.161 11.000 84520.000
4.091 7.254 4.237 9.000 84529.000
4.034 7.295 4.362 10.000 84539.000
4.019 7.302 4.407 11.000 84550.000
4.012 7.304 4.472 9.000 84559.000
4.027 7.278 4.539 11.000 84570.000
4.022 7.244 4.486 10.000 84580.000
4.058 7.242 4.417 9.000 84589.000
4.086 7.244 4.328 10.000 84599.000
4.082 7.220 4.328 10.000 84609.000
4.089 7.225 4.400 11.000 84620.000
4.067 7.218 4.450 10.000 84630.000
4.043 7.218 4.484 9.000 84639.000
4.053 7.244 4.429 10.000 84649.000
4.053 7.292 4.383 11.000 84660.000
4.060 7.311 4.323 10.000 84670.000
4.070 7.323 4.280 10.000 84680.000
4.079 7.331 4.288 10.000 84690.000
4.098 7.316 4.285 9.000 84699.000
4.091 7.285 4.350 10.000 84709.000
4.113 7.232 4.357 11.000 84720.000
4.134 7.184 4.314 9.000 84729.000
4.153 7.151 4.302 10.000 84739.000
4.180 7.144 4.276 10.000 84749.000
4.177 7.201 4.340 10.000 84759.000
4.177 7.223 4.359 11.000 84770.000
4.180 7.230 4.347 10.000 84780.000
4.180 7.252 4.340 9.000 84789.000
4.173 7.208 4.295 11.000 84800.000
4.163 7.201 4.295 9.000 84809.000
4.139 7.189 4.307 10.000 84819.000
4.118 7.163 4.314 10.000 84829.000
4.053 7.163 4.381 11.000 84840.000
3.974 7.151 4.422 9.000 84849.000
3.909 7.144 4.450 11.000 84860.000
3.835 7.156 4.525 10.000 84870.000
3.811 7.163 4.544 9.000 84879.000
3.744 7.175 4.604 11.000 84890.000
4.522 7.316 4.359 9.000 84899.000
5.310 7.438 4.070 10.000 84909.000
5.391 7.228 3.847 11.000 84920.000
5.216 7.084 4.065 10.000 84930.000
4.197 6.811 4.587 10.000 84940.000
3.725 6.751 4.946 10.000 84950.000
3.960 7.024 5.238 9.000 84959.000
4.067 7.113 4.910 11.000 84970.000
4.297 7.383 4.709 9.000 84979.000
3.979 7.441 4.671 11.000 84990.000
3.749 7.498 4.551 9.000 84999.000
3.960 7.680 4.596 10.000 85009.000
4.039 7.572 4.570 11.000 85020.000
4.118 7.443 4.462 10.000 85030.000
4.108 7.314 4.436 10.000 85040.000
4.072 7.161 4.228 9.000 85049.000
4.015 7.161 4.125 11.000 85060.000
3.957 7.182 4.103 10.000 85070.000
3.897 7.240 4.158 9.000 85079.000
3.864 7.321 4.395 11.000 85090.000
3.962 7.292 4.412 9.000 85099.000
4.110 7.192 4.393 10.000 85109.000
4.261 7.055 4.297 10.000 85119.000
4.390 6.926 4.206 10.000 85129.000
4.419 6.861 4.175 10.000 85139.000
4.376 6.936 4.278 15.000 85154.000
4.357 7.000 4.369 5.000 85159.000
4.359 7.058 4.455 11.000 85170.000
4.460 6.991 4.393 10.000 85180.000
5.027 6.464 3.806 9.000 85189.000
5.571 5.947 3.232 10.000 85199.000
5.552 5.995 3.557 10.000 85209.000
5.434 6.167 4.031 11.000 85220.000
4.556 6.806 4.922 10.000 85230.000
3.615 7.589 5.748 10.000 85240.000
3.236 7.807 5.674 9.000 85249.000
2.942 8.061 5.521 11.000 85260.000
2.964 8.240 5.377 10.000 85270.000
3.220 7.982 5.190 10.000 85280.000
3.636 7.644 4.881 10.000 85290.000
3.969 7.271 4.651 9.000 85299.000
4.297 6.931 4.438 11.000 85310.000
4.376 6.883 4.242 10.000 85320.000
4.295 6.914 4.168 9.000 85329.000
4.280 6.947 4.134 10.000 85339.000
4.271 6.947 4.084 10.000 85349.000
4.414 6.955 4.276 10.000 85359.000
4.486 6.928 4.551 11.000 85370.000
4.491 6.900 4.786 10.000 85380.000
4.371 6.928 4.924 9.000 85389.000
4.175 6.952 4.912 11.000 85400.000
4.118 7.055 4.807 9.000 85409.000
4.146 7.173 4.718 11.000 85420.000
4.299 7.232 4.726 10.000 85430.000
4.496 7.275 4.675 9.000 85439.000
4.625 7.273 4.635 11.000 85450.000
4.606 7.163 4.515 10.000 85460.000
4.613 7.053 4.115 10.000 85470.000
4.577 6.959 3.773 9.000 85479.000
4.702 6.813 3.390 11.000 85490.000
4.726 6.797 3.244 10.000 85500.000
4.723 6.780 3.378 9.000 85509.000
4.718 6.900 3.615 11.000 85520.000
4.553 7.072 3.892 9.000 85529.000
4.587 7.211 4.065 10.000 85539.000
4.589 7.280 4.170 11.000 85550.000
4.594 7.213 4.173 10.000 85560.000
4.616 7.151 4.163 10.000 85570.000
4.601 7.086 4.084 10.000 85580.000
4.604 7.094 4.118 9.000 85589.000
4.623 7.055 4.187 11.000 85600.000
4.625 7.012 4.268 9.000 85609.000
4.649 6.969 4.316 11.000 85620.000
4.623 6.986 4.302 10.000 85630.000
4.546 7.086 4.335 30.000 85660.000
4.527 7.139 4.290 10.000 85670.000
4.534 7.139 4.120 9.000 85679.000
4.606 7.077 3.967 11.000 85690.000
4.742 7.003 3.847 10.000 85700.000
4.821 6.976 3.806 9.000 85709.000
4.826 7.050 4.036 11.000 85720.000
4.841 7.110 4.024 9.000 85729.000
4.824 7.144 3.895 10.000 85739.000
4.809 7.151 3.775 10.000 85749.000
4.788 7.113 3.722 10.000 85759.000
4.757 7.089 3.912 11.000 85770.000
4.752 7.041 4.007 10.000 85780.000
4.745 7.019 4.094 9.000 85789.000
4.807 7.003 3.813 10.000 85799.000
4.812 6.976 3.701 10.000 85809.000
4.790 6.974 3.682 11.000 85820.000
4.740 6.995 3.593 11.000 85831.000
4.654 7.010 3.691 8.000 85839.000
4.589 7.012 3.854 10.000 85849.000
4.314 7.024 4.350 10.000 85859.000
4.067 7.012 4.915 11.000 85870.000
3.663 7.122 5.640 9.000 85879.000
3.385 7.249 5.786 11.000 85890.000
3.318 7.366 5.600 9.000 85899.000
3.591 7.323 5.106 10.000 85909.000
4.022 7.158 4.453 11.000 85920.000
4.400 6.945 4.237 10.000 85930.000
4.601 6.837 4.082 9.000 85939.000
4.462 6.890 4.232 10.000 85949.000
4.297 6.983 4.393 11.000 85960.000
4.094 7.129 4.462 10.000 85970.000
4.094 7.163 4.477 9.000 85979.000
4.137 7.144 4.446 10.000 85989.000
4.206 7.084 4.405 10.000 85999.000
4.309 7.022 4.352 11.000 86010.000
4.347 6.988 4.311 10.000 86020.000
4.343 7.007 4.316 9.000 86029.000
4.307 7.082 4.316 11.000 86040.000
4.237 7.158 4.328 9.000 86049.000
4.187 7.189 4.405 11.000 86060.000
4.165 7.196 4.479 10.000 86070.000
4.175 7.149 4.558 9.000 86079.000
4.254 7.098 4.544 11.000 86090.000
4.352 7.072 4.448 9.000 86099.000
4.386 7.053 4.355 12.000 86111.000
4.508 6.871 3.895 9.000 86120.000
4.560 6.691 3.529 9.000 86129.000
4.448 6.763 4.039 10.000 86139.000
4.371 6.852 4.548 10.000 86149.000
3.962 7.304 4.963 10.000 86159.000
3.840 7.417 5.262 11.000 86170.000
3.883 7.278 4.685 9.000 86179.000
4.106 7.103 4.110 10.000 86189.000
4.477 6.799 4.103 11.000 86200.000
4.560 6.835 4.211 9.000 86209.000
4.484 6.931 4.362 11.000 86220.000
4.228 7.062 4.510 10.000 86230.000
4.046 7.240 4.639 10.000 86240.000
3.871 7.350 4.678 9.000 86249.000
3.857 7.400 4.673 10.000 86259.000
3.888 7.405 4.683 11.000 86270.000
3.940 7.292 4.606 9.000 86279.000
4.062 7.201 4.616 11.000 86290.000
4.187 7.117 4.594 9.000 86299.000
4.266 7.079 4.558 10.000 86309.000
4.256 7.132 4.580 11.000 86320.000
4.134 7.208 4.611 9.000 86329.000
4.010 7.278 4.673 11.000 86340.000
3.938 7.314 4.627 9.000 86349.000
3.955 7.259 4.525 11.000 86360.000
4.048 7.256 4.493 10.000 86370.000
4.120 7.220 4.493 9.000 86379.000
4.139 7.218 4.601 11.000 86390.000
4.201 7.182 4.563 10.000 86400.000
4.223 7.115 4.448 10.000 86410.000
4.252 7.113 4.285 9.000 86419.000
4.185 7.053 4.498 10.000 86429.000
4.074 7.026 4.857 11.000 86440.000
3.847 7.086 5.032 9.000 86449.000
3.835 7.127 5.149 10.000 86459.000
3.919 7.225 4.891 11.000 86470.000
4.029 7.256 4.651 10.000 86480.000
4.256 7.201 4.596 9.000 86489.000
4.139 7.144 4.709 11.000 86500.000
4.065 7.230 4.783 9.000 86509.000
3.964 7.383 4.838 11.000 86520.000
4.067 7.489 4.544 9.000 86529.000
4.314 7.584 4.156 10.000 86539.000
4.604 7.441 3.833 10.000 86549.000
5.003 7.256 3.457 10.000 86559.000
5.200 7.120 3.430 11.000 86570.000
5.444 6.801 3.323 9.000 86579.000
5.655 6.540 3.136 12.000 86591.000
5.755 6.320 3.002 8.000 86599.000
5.772 6.203 3.047 10.000 86609.000
5.741 6.268 3.174 10.000 86619.000
5.465 6.531 3.447 10.000 86629.000
5.197 6.830 3.521 10.000 86639.000
5.013 7.026 3.416 10.000 86649.000
4.850 7.189 3.330 10.000 86659.000
4.879 7.192 3.150 11.000 86670.000
4.742 7.156 3.495 10.000 86680.000
4.304 7.084 4.469 10.000 86690.000
3.845 7.046 5.425 10.000 86700.000
3.299 7.120 6.076 11.000 86711.000
3.256 7.141 6.253 9.000 86720.000
3.514 7.199 5.801 9.000 86729.000
3.986 7.225 5.054 10.000 86739.000
4.544 7.139 4.611 11.000 86750.000
4.738 7.048 4.230 9.000 86759.000
4.795 6.967 3.983 11.000 86770.000
4.639 6.916 4.031 9.000 86779.000
4.388 6.919 4.261 10.000 86789.000
4.156 6.981 4.577 11.000 86800.000
4.070 7.043 4.740 9.000 86809.000
4.067 7.108 4.793 11.000 86820.000
4.161 7.120 4.663 10.000 86830.000
4.264 7.115 4.508 11.000 86841.000
4.295 7.082 4.383 8.000 86849.000
4.242 7.046 4.369 10.000 86859.000
4.204 6.983 4.319 11.000 86870.000
4.156 6.938 4.295 9.000 86879.000
4.163 6.981 4.364 11.000 86890.000
4.189 7.022 4.477 10.000 86900.000
4.201 7.089 4.625 9.000 86909.000
4.252 7.077 4.632 11.000 86920.000
4.309 6.995 4.534 9.000 86929.000
4.335 6.904 4.402 10.000 86939.000
4.304 6.878 4.355 11.000 86950.000
4.235 6.931 4.448 9.000 86959.000
4.165 6.998 4.443 11.000 86970.000
4.084 7.101 4.525 10.000 86980.000
4.060 7.139 4.522 9.000 86989.000
4.091 7.005 4.505 11.000 87000.000
4.122 6.856 4.587 9.000 87009.000
4.259 6.909 4.323 11.000 87020.000
4.218 6.940 4.441 10.000 87030.000
4.122 7.144 4.572 9.000 87039.000
4.007 7.316 4.594 11.000 87050.000
3.811 7.264 4.865 10.000 87060.000
3.885 7.292 4.709 10.000 87070.000
3.931 7.244 4.436 9.000 87079.000
3.995 7.228 4.273 11.000 87090.000
4.012 7.211 4.273 10.000 87100.000
3.936 7.134 4.319 10.000 87110.000
3.948 7.105 4.311 10.000 87120.000
4.015 7.091 4.271 9.000 87129.000
4.129 7.077 4.067 11.000 87140.000
4.163 7.115 3.962 10.000 87150.000
4.050 7.240 4.120 10.000 87160.000
3.883 7.350 4.311 10.000 87170.000
3.722 7.441 4.503 10.000 87180.000
3.643 7.479 4.596 9.000 87189.000
3.790 7.491 4.525 41.000 87230.000
3.936 7.503 4.453 10.000 87240.000
4.084 7.431 4.299 9.000 87249.000
4.299 7.352 4.127 11.000 87260.000
4.376 7.242 4.027 10.000 87270.000
4.393 7.211 4.074 10.000 87280.000
4.321 7.266 4.271 10.000 87290.000
4.182 7.328 4.486 10.000 87300.000
4.043 7.050 4.965 10.000 87310.000
3.964 6.694 5.295 10.000 87320.000
3.926 6.940 4.874 9.000 87329.000
3.773 7.347 5.310 10.000 87339.000
3.620 8.094 5.482 11.000 87350.000
3.342 8.556 5.042 9.000 87359.000
3.102 8.432 5.286 11.000 87370.000
3.591 8.032 4.520 10.000 87380.000
3.964 7.390 3.677 10.000 87390.000
4.462 7.034 3.447 10.000 87400.000
4.771 6.749 3.241 9.000 87409.000
4.541 6.835 3.332 11.000 87420.000
4.426 7.163 3.500 10.000 87430.000
4.118 7.515 3.919 10.000 87440.000
3.998 7.795 4.314 9.000 87449.000
3.756 7.762 4.546 11.000 87460.000
3.620 7.699 4.596 10.000 87470.000
3.677 7.613 4.395 9.000 87479.000
3.758 7.520 4.141 11.000 87490.000
3.888 7.484 3.907 9.000 87499.000
3.895 7.465 3.775 10.000 87509.000
3.897 7.465 3.703 10.000 87519.000
3.876 7.472 3.684 10.000 87529.000
3.816 7.546 3.873 11.000 87540.000
3.787 7.644 4.211 10.000 87550.000
3.763 7.723 4.489 9.000 87559.000
3.682 7.778 4.587 10.000 87569.000
3.639 7.766 4.477 11.000 87580.000
3.665 7.694 4.065 9.000 87589.000
3.768 7.647 3.746 11.000 87600.000
3.928 7.623 3.608 9.000 87609.000
4.132 7.615 3.648 11.000 87620.000
4.252 7.656 3.921 10.000 87630.000
4.386 7.575 3.993 10.000 87640.000
4.589 7.429 3.797 10.000 87650.000
4.750 7.266 3.421 10.000 87660.000
5.025 7.041 2.849 10.000 87670.000
5.046 6.931 2.659 10.000 87680.000
4.999 6.885 2.738 10.000 87690.000
4.663 7.050 3.459 10.000 87700.000
4.213 7.278 4.376 10.000 87710.000
3.679 7.651 5.446 10.000 87720.000
3.169 7.893 5.872 9.000 87729.000
2.947 7.924 5.657 10.000 87739.000
3.035 7.790 5.276 11.000 87750.000
3.371 7.493 4.467 10.000 87760.000
3.732 7.390 4.276 10.000 87770.000
4.058 7.280 3.962 10.000 87780.000
4.072 7.335 3.813 9.000 87789.000
4.046 7.393 3.766 11.000 87800.000
3.952 7.376 3.876 10.000 87810.000
3.895 7.366 4.108 10.000 87820.000
3.854 7.347 4.220 10.000 87830.000
3.854 7.326 4.232 9.000 87839.000
3.924 7.354 4.072 11.000 87850.000
3.993 7.347 3.988 10.000 87860.000
4.046 7.350 4.024 10.000 87870.000
4.101 7.357 4.134 10.000 87880.000
4.103 7.326 4.285 10.000 87890.000
4.103 7.352 4.395 10.000 87900.000
4.149 7.302 4.386 10.000 87910.000
4.192 7.247 4.302 10.000 87920.000
4.304 6.737 4.043 10.000 87930.000
4.479 6.988 4.074 10.000 87940.000
4.608 7.316 4.225 10.000 87950.000
4.295 7.694 4.675 10.000 87960.000
3.912 8.528 5.300 10.000 87970.000
3.469 8.291 5.315 10.000 87980.000
3.399 8.003 5.173 12.000 87992.000
3.773 7.666 4.733 8.000 88000.000
4.055 7.395 4.357 10.000 88010.000
4.338 7.412 4.266 10.000 88020.000
4.089 7.433 4.369 10.000 88030.000
3.857 7.431 4.398 10.000 88040.000
3.715 7.362 4.362 10.000 88050.000
3.658 7.359 4.276 10.000 88060.000
3.758 7.402 4.151 10.000 88070.000
3.849 7.457 4.132 10.000 88080.000
4.000 7.453 4.098 10.000 88090.000
4.067 7.381 4.115 10.000 88100.000
4.153 7.244 3.988 10.000 88110.000
4.271 7.125 3.699 10.000 88120.000
4.328 7.065 3.423 10.000 88130.000
4.393 7.084 3.253 10.000 88140.000
4.438 7.168 3.227 10.000 88150.000
4.347 7.249 3.490 10.000 88160.000
4.235 7.383 3.857 10.000 88170.000
4.115 7.438 4.118 10.000 88180.000
4.007 7.453 4.316 10.000 88190.000
3.998 7.465 4.357 10.000 88200.000
4.022 7.457 4.295 10.000 88210.000
4.034 7.481 4.271 10.000 88220.000
4.034 7.546 4.309 10.000 88230.000
4.024 7.601 4.343 10.000 88240.000
4.082 7.618 4.278 10.000 88250.000
4.151 7.603 4.175 10.000 88260.000
4.242 7.568 3.998 10.000 88270.000
4.343 7.541 3.825 10.000 88280.000
4.407 7.417 3.715 10.000 88290.000
4.491 7.280 3.612 10.000 88300.000
4.553 7.165 3.584 10.000 88310.000
4.632 7.134 3.414 10.000 88320.000
4.668 7.206 3.280 10.000 88330.000
4.649 7.374 3.213 10.000 88340.000
4.625 7.467 3.277 10.000 88350.000
4.584 7.477 3.483 10.000 88360.000
4.613 7.354 3.612 10.000 88370.000
4.649 7.244 3.629 10.000 88380.000
4.690 7.208 3.514 10.000 88390.000
4.680 7.204 3.383 10.000 88400.000
4.601 7.331 3.327 10.000 88410.000
4.534 7.374 3.514 10.000 88420.000
4.477 7.524 3.636 10.000 88430.000
4.469 7.644 3.775 10.000 88440.000
4.522 7.685 3.787 10.000 88450.000
4.592 7.714 3.596 10.000 88460.000
4.671 7.529 3.418 10.000 88470.000
4.716 7.412 3.349 10.000 88480.000
4.702 7.374 3.406 10.000 88490.000
4.594 7.407 3.574 10.000 88500.000
4.450 7.541 3.821 10.000 88510.000
4.340 7.608 3.960 10.000 88520.000
4.182 7.671 4.094 10.000 88530.000
4.118 7.661 4.118 10.000 88540.000
4.151 7.678 4.084 10.000 88550.000
4.168 7.697 4.055 10.000 88560.000
4.232 7.721 4.031 10.000 88570.000
4.340 7.671 3.988 10.000 88580.000
4.367 7.599 3.974 10.000 88590.000
4.414 7.486 3.861 10.000 88600.000
4.469 7.362 3.749 11.000 88611.000
4.481 7.311 3.655 9.000 88620.000
4.498 7.386 3.574 10.000 88630.000
4.465 7.493 3.524 10.000 88640.000
4.424 7.613 3.473 10.000 88650.000
4.374 7.728 3.497 10.000 88660.000
4.319 7.718 3.509 10.000 88670.000
4.276 7.716 3.684 10.000 88680.000
4.220 7.685 3.835 12.000 88692.000
4.175 7.659 3.912 11.000 88703.000
4.132 7.635 3.924 7.000 88710.000
4.122 7.608 3.835 10.000 88720.000
4.103 7.635 3.646 11.000 88731.000
4.204 7.671 3.430 9.000 88740.000
4.302 7.704 3.280 10.000 88750.000
4.410 7.675 3.134 10.000 88760.000
4.517 7.553 3.095 10.000 88770.000
4.505 7.422 3.083 10.000 88780.000
4.534 7.299 3.095 10.000 88790.000
4.553 7.240 3.102 10.000 88800.000
4.616 7.299 3.184 10.000 88810.000
4.675 7.364 3.280 10.000 88820.000
4.695 7.419 3.351 10.000 88830.000
4.702 7.448 3.416 10.000 88840.000
4.687 7.426 3.423 10.000 88850.000
4.683 7.424 3.366 10.000 88860.000
4.673 7.505 3.526 10.000 88870.000
4.675 7.613 3.694 10.000 88880.000
4.730 7.618 3.641 10.000 88890.000
4.778 7.599 3.639 10.000 88900.000
4.891 7.132 3.189 10.000 88910.000
4.975 6.763 2.798 10.000 88920.000
5.006 6.497 2.628 10.000 88930.000
4.848 6.593 3.126 14.000 88944.000
4.616 7.213 3.914 6.000 88950.000
4.412 7.735 4.642 10.000 88960.000
4.297 8.154 5.035 10.000 88970.000
4.371 8.212 4.759 10.000 88980.000
4.458 8.030 4.477 10.000 88990.000
4.565 7.812 4.199 10.000 89000.000
4.584 7.697 4.256 10.000 89010.000
4.601 7.556 4.283 10.000 89020.000
4.620 7.493 4.256 10.000 89030.000
4.563 7.393 4.240 10.000 89040.000
4.371 7.122 4.098 10.000 89050.000
4.182 6.878 3.988 10.000 89060.000
3.804 6.708 3.548 10.000 89070.000
4.000 6.799 2.662 10.000 89080.000
4.331 7.060 1.900 10.000 89090.000
5.269 7.252 0.900 10.000 89100.000
6.397 7.369 0.229 10.000 89110.000
6.856 7.168 0.548 10.000 89120.000
6.852 7.141 1.218 10.000 89130.000
6.239 7.184 2.128 10.000 89140.000
5.626 7.264 2.882 11.000 89151.000
5.161 7.474 3.078 8.000 89159.000
5.123 7.479 2.992 11.000 89170.000
5.030 7.599 2.916 10.000 89180.000
4.936 7.682 2.995 10.000 89190.000
4.939 7.671 3.129 10.000 89200.000
4.941 7.639 3.332 9.000 89209.000
4.999 7.493 3.526 10.000 89219.000
5.044 7.331 3.543 11.000 89230.000
4.994 7.264 3.505 10.000 89240.000
5.001 7.237 3.251 9.000 89249.000
5.025 7.271 3.016 11.000 89260.000
5.061 7.321 2.959 10.000 89270.000
5.092 7.417 2.956 9.000 89279.000
5.104 7.522 3.031 11.000 89290.000
5.114 7.560 3.119 9.000 89299.000
5.140 7.544 3.033 10.000 89309.000
5.171 7.481 2.892 11.000 89320.000
5.226 7.371 2.844 9.000 89329.000
5.245 7.323 2.786 12.000 89341.000
5.248 7.331 2.904 8.000 89349.000
5.204 7.357 2.966 11.000 89360.000
5.137 7.431 2.935 10.000 89370.000
5.068 7.410 2.932 10.000 89380.000
5.011 7.388 2.968 10.000 89390.000
4.999 7.347 3.059 10.000 89400.000
4.989 7.359 3.150 9.000 89409.000
5.003 7.412 3.189 11.000 89420.000
4.984 7.455 3.169 10.000 89430.000
4.977 7.491 3.110 10.000 89440.000
4.967 7.474 3.050 10.000 89450.000
4.972 7.453 2.975 10.000 89460.000
5.015 7.424 2.949 10.000 89470.000
5.046 7.402 2.964 10.000 89480.000
5.106 7.374 2.937 10.000 89490.000
5.152 7.350 2.925 10.000 89500.000
5.137 7.343 2.839 10.000 89510.000
5.102 7.338 2.746 10.000 89520.000
5.037 7.340 2.693 9.000 89529.000
4.994 7.350 2.719 11.000 89540.000
4.994 7.359 2.791 10.000 89550.000
5.025 7.388 2.928 9.000 89559.000
5.058 7.417 3.062 11.000 89570.000
5.070 7.438 3.117 10.000 89580.000
5.080 7.472 3.150 9.000 89589.000
5.080 7.484 3.126 11.000 89600.000
5.051 7.465 3.021 9.000 89609.000
5.039 7.433 2.980 11.000 89620.000
5.030 7.390 2.961 10.000 89630.000
5.056 7.362 2.947 10.000 89640.000
5.094 7.376 2.959 10.000 89650.000
5.116 7.402 2.906 10.000 89660.000
5.133 7.393 2.908 10.000 89670.000
5.114 7.369 2.906 10.000 89680.000
5.130 7.357 2.992 10.000 89690.000
5.087 7.352 2.956 10.000 89700.000
5.049 7.383 2.865 10.000 89710.000
4.996 7.390 2.815 10.000 89720.000
4.922 7.374 2.734 10.000 89730.000
4.960 7.419 2.908 10.000 89740.000
4.989 7.481 3.047 10.000 89750.000
5.032 7.568 3.145 10.000 89760.000
5.044 7.594 3.126 10.000 89770.000
5.018 7.481 2.889 10.000 89780.000
5.001 7.352 2.688 10.000 89790.000
5.013 7.242 2.576 10.000 89800.000
5.056 7.192 2.580 10.000 89810.000
5.092 7.283 2.724 10.000 89820.000
5.099 7.383 2.827 10.000 89830.000
5.078 7.465 2.841 10.000 89840.000
5.056 7.474 2.770 10.000 89850.000
5.027 7.412 2.643 10.000 89860.000
5.082 7.340 2.588 10.000 89870.000
5.152 7.319 2.542 10.000 89880.000
5.221 7.369 2.583 10.000 89890.000
5.236 7.400 2.659 10.000 89900.000
5.209 7.441 2.741 10.000 89910.000
5.169 7.431 2.813 10.000 89920.000
5.157 7.445 2.856 10.000 89930.000
5.200 7.479 2.863 10.000 89940.000
5.204 7.460 2.858 10.000 89950.000
5.224 7.448 2.815 10.000 89960.000
5.214 7.412 2.801 10.000 89970.000
5.195 7.410 2.767 10.000 89980.000
5.181 7.457 2.703 10.000 89990.000
5.152 7.498 2.676 10.000 90000.000
5.102 7.541 2.717 10.000 90010.000
5.061 7.551 2.777 10.000 90020.000
5.044 7.580 2.834 10.000 90030.000
4.970 7.606 2.956 10.000 90040.000
4.917 7.630 3.011 11.000 90051.000
4.903 7.589 2.892 9.000 90060.000
4.884 7.522 2.782 10.000 90070.000
5.035 7.405 2.580 10.000 90080.000
5.195 7.335 2.516 10.000 90090.000
5.317 7.331 2.626 10.000 90100.000
5.317 7.479 2.791 19.000 90119.000
5.331 7.587 2.372 11.000 90130.000
5.485 7.338 1.874 10.000 90140.000
5.638 7.089 1.376 10.000 90150.000
5.796 6.567 1.063 10.000 90160.000
5.772 6.385 1.563 10.000 90170.000
5.600 6.512 2.006 10.000 90180.000
5.425 6.821 2.566 10.000 90190.000
5.367 7.249 2.887 10.000 90200.000
5.216 7.498 3.268 10.000 90210.000
4.975 7.929 3.737 10.000 90220.000
4.735 8.178 4.089 10.000 90230.000
4.558 8.508 4.314 10.000 90240.000
4.529 8.772 4.276 10.000 90250.000
4.663 8.657 3.962 10.000 90260.000
4.805 8.298 3.507 10.000 90270.000
4.884 7.857 3.179 10.000 90280.000
4.958 7.223 2.525 10.000 90290.000
5.171 7.031 1.692 10.000 90300.000
5.377 7.084 1.000 10.000 90310.000
5.784 7.158 0.615 10.000 90320.000
6.196 7.426 0.555 10.000 90330.000
6.138 7.443 1.118 10.000 90340.000
6.040 7.496 1.647 10.000 90350.000
5.741 7.527 1.869 10.000 90360.000
5.367 7.556 2.135 10.000 90370.000
5.252 7.589 2.145 10.000 90380.000
5.001 7.735 2.367 10.000 90390.000
4.695 7.903 2.729 10.000 90400.000
4.462 8.073 3.047 10.000 90410.000
4.333 8.099 3.308 10.000 90420.000
4.491 7.891 3.215 10.000 90430.000
4.704 7.661 2.983 10.000 90440.000
4.994 7.474 2.643 10.000 90450.000
5.181 7.431 2.360 13.000 90463.000
5.221 7.505 2.243 7.000 90470.000
5.216 7.582 2.142 10.000 90480.000
5.135 7.615 2.149 10.000 90490.000
5.061 7.630 2.128 10.000 90500.000
5.023 7.613 2.116 10.000 90510.000
5.035 7.596 2.147 10.000 90520.000
5.001 7.539 2.252 10.000 90530.000
4.960 7.501 2.387 10.000 90540.000
4.833 7.505 2.600 10.000 90550.000
4.702 7.508 2.753 10.000 90560.000
4.546 7.687 2.930 10.000 90570.000
4.381 7.872 3.090 10.000 90580.000
4.302 8.013 3.172 10.000 90590.000
4.369 8.070 2.983 10.000 90600.000
4.687 8.006 2.509 10.000 90610.000
5.015 7.936 2.051 10.000 90620.000
5.425 7.903 1.606 10.000 90630.000
5.688 7.953 1.431 10.000 90640.000
5.427 7.984 1.984 10.000 90650.000
4.709 7.793 2.801 10.000 90660.000
3.909 7.565 3.605 10.000 90670.000
2.748 7.445 5.056 9.000 90679.000
1.929 7.331 5.966 11.000 90690.000
1.675 7.635 6.169 10.000 90700.000
1.824 7.841 5.990 9.000 90709.000
2.334 7.939 5.164 11.000 90720.000
3.114 8.006 4.213 9.000 90729.000
3.833 7.867 3.734 10.000 90739.000
4.149 7.826 3.639 10.000 90749.000
