# Accelerometer Data File
# 
#
#
# sensor Vendor: Bosch
# sensor Name: BMA254
# sensor Resolution: 0.009576807m/sec^2; Max Range: 39.2; Min Delay: 10000 microseconds
# The sensor's attributes are the result hardware and the Android capabilities.
# It means that the Android may not utilize all features provided by the hardware.
#
# Some devices and Android versions save battery too much so the device may go to sleep.
# It just happens after couple of minutes from turning off the scree and it is easy to find it out.
#
# The following file provides the data from accelerometer in the m/s^2 format.
# The diff value is just a time delta between the samples
#
#
# data format:
# so we have 4 columns with values separated by the " "
# X Y Z time_from_previous_sample(ms)

# sensor speed set to:FASTEST
# units set to: m/sec^2
# gravity NOT filtered out
# Accuracy: HIGH
4.697 -1.142 -1.630 8.000 65680.000
4.872 -1.065 -1.249 11.000 65691.000
5.044 -1.084 -0.972 11.000 65702.000
5.008 -1.568 -0.059 9.000 65711.000
4.793 -2.078 0.656 11.000 65722.000
4.855 -3.033 1.769 9.000 65731.000
5.372 -3.746 2.853 10.000 65741.000
6.098 -3.995 3.303 11.000 65752.000
7.259 -3.646 3.792 9.000 65761.000
8.164 -2.784 3.995 11.000 65772.000
8.614 -2.164 4.228 8.000 65780.000
8.954 -2.135 4.941 11.000 65791.000
8.858 -2.705 5.616 11.000 65802.000
8.686 -3.502 6.358 9.000 65811.000
8.894 -4.177 7.024 11.000 65822.000
9.212 -4.261 7.208 8.000 65830.000
10.237 -4.273 6.799 11.000 65841.000
11.324 -4.079 6.129 11.000 65852.000
12.476 -3.608 4.987 9.000 65861.000
13.491 -2.731 3.840 11.000 65872.000
13.800 -1.927 3.287 9.000 65881.000
13.500 -0.830 3.184 10.000 65891.000
12.081 0.093 3.945 11.000 65902.000
10.797 0.612 4.711 8.000 65910.000
9.244 1.127 5.595 12.000 65922.000
8.298 1.350 6.028 10.000 65932.000
7.699 1.108 5.995 9.000 65941.000
6.888 0.873 5.940 11.000 65952.000
6.347 0.644 5.767 8.000 65960.000
5.722 0.670 5.662 14.000 65974.000
5.425 0.933 5.707 6.000 65980.000
5.267 1.254 6.090 12.000 65992.000
4.917 1.501 6.679 9.000 66001.000
4.651 1.491 7.201 9.000 66010.000
4.299 1.419 7.824 11.000 66021.000
4.022 1.283 8.130 9.000 66030.000
3.801 1.154 8.094 10.000 66040.000
3.715 1.043 7.903 10.000 66050.000
3.715 0.995 7.611 10.000 66060.000
3.849 0.972 7.082 10.000 66070.000
4.118 1.015 6.689 10.000 66080.000
4.201 1.058 6.258 10.000 66090.000
4.153 0.995 5.865 10.000 66100.000
3.971 0.909 5.710 10.000 66110.000
3.835 0.672 5.643 12.000 66122.000
3.339 0.248 6.114 10.000 66132.000
2.975 -0.069 6.548 9.000 66141.000
2.279 -0.629 8.923 10.000 66151.000
1.537 -1.039 11.209 9.000 66160.000
1.249 -1.134 12.732 12.000 66172.000
-0.088 -0.713 13.543 10.000 66182.000
-1.094 -0.050 12.413 8.000 66190.000
-2.961 0.940 11.259 12.000 66202.000
-2.978 0.859 10.881 10.000 66212.000
-1.944 0.260 11.214 9.000 66221.000
-0.275 -0.239 10.728 11.000 66232.000
2.255 -1.067 10.266 8.000 66240.000
3.105 -0.407 9.931 11.000 66251.000
3.617 0.160 9.892 11.000 66262.000
3.495 0.629 10.673 12.000 66274.000
3.404 0.797 11.319 6.000 66280.000
3.098 0.402 11.482 10.000 66290.000
2.999 -0.105 11.130 12.000 66302.000
3.028 -0.562 10.797 9.000 66311.000
3.026 -0.718 10.599 12.000 66323.000
3.193 -0.797 10.074 9.000 66332.000
3.490 -0.670 9.768 9.000 66341.000
4.168 -0.567 9.270 11.000 66352.000
5.185 0.021 8.535 8.000 66360.000
6.033 0.533 8.125 12.000 66372.000
5.796 0.914 7.891 9.000 66381.000
4.271 0.488 8.868 10.000 66391.000
2.406 -0.423 10.081 11.000 66402.000
1.216 -1.237 10.785 8.000 66410.000
1.110 -1.920 11.314 11.000 66421.000
2.348 -1.340 10.500 10.000 66431.000
3.548 -0.821 9.770 10.000 66441.000
4.072 -0.399 9.550 11.000 66452.000
4.491 -0.428 9.378 8.000 66460.000
4.347 -0.938 9.509 10.000 66470.000
4.333 -1.510 9.672 18.000 66488.000
4.319 -2.082 9.835 2.000 66490.000
4.410 -2.205 9.950 10.000 66500.000
4.359 -2.128 10.182 10.000 66510.000
4.182 -1.826 10.491 13.000 66523.000
4.005 -1.525 10.800 7.000 66530.000
3.639 -1.300 11.118 10.000 66540.000
3.414 -1.273 11.319 11.000 66551.000
3.055 -1.465 11.314 10.000 66561.000
2.557 -1.697 11.322 13.000 66574.000
2.248 -1.853 11.319 6.000 66580.000
1.800 -1.944 11.307 10.000 66590.000
1.367 -1.900 11.473 11.000 66601.000
1.072 -1.817 11.626 13.000 66614.000
0.471 -1.865 11.844 11.000 66625.000
0.009 -1.977 12.071 6.000 66631.000
-0.459 -2.123 12.112 10.000 66641.000
-1.019 -2.173 12.085 12.000 66653.000
-1.273 -2.092 11.994 12.000 66665.000
-1.508 -1.841 11.911 5.000 66670.000
-1.580 -1.575 11.851 10.000 66680.000
-1.537 -1.271 11.846 14.000 66694.000
-1.723 -0.921 11.841 10.000 66704.000
-1.929 -0.742 11.829 6.000 66710.000
-2.509 -0.497 11.832 11.000 66721.000
-3.524 -0.167 12.028 12.000 66733.000
-4.309 0.117 12.224 12.000 66745.000
-5.367 0.636 12.598 5.000 66750.000
-6.052 1.091 12.957 10.000 66760.000
-6.354 1.405 13.227 12.000 66772.000
-6.397 1.865 13.295 9.000 66781.000
-6.167 2.090 13.184 14.000 66795.000
-5.667 2.528 12.698 5.000 66800.000
-4.836 3.050 11.789 13.000 66813.000
-4.264 3.426 11.082 11.000 66824.000
-3.473 3.806 10.290 11.000 66835.000
-2.954 3.974 9.873 5.000 66840.000
-2.557 4.426 9.193 12.000 66852.000
-2.195 4.944 8.956 12.000 66864.000
-2.051 5.456 8.805 6.000 66870.000
-1.800 5.255 8.552 11.000 66881.000
-1.728 4.606 8.892 10.000 66891.000
-1.338 3.945 8.537 13.000 66904.000
-0.948 3.284 8.183 6.000 66910.000
-0.430 3.497 7.872 10.000 66920.000
0.038 3.706 7.608 12.000 66932.000
0.191 3.890 7.596 12.000 66944.000
0.344 4.074 7.584 6.000 66950.000
0.246 4.216 7.627 10.000 66960.000
0.196 4.362 7.623 10.000 66970.000
0.110 4.623 7.651 11.000 66981.000
-0.110 4.924 7.726 15.000 66996.000
-0.313 5.109 7.805 4.000 67000.000
-0.545 5.295 7.910 12.000 67012.000
-0.708 5.339 7.982 9.000 67021.000
-0.754 5.410 8.068 14.000 67035.000
-0.799 5.482 8.154 5.000 67040.000
-0.773 5.631 8.288 10.000 67050.000
-0.677 5.659 8.429 11.000 67061.000
-0.565 5.619 8.511 10.000 67071.000
-0.191 5.540 8.422 13.000 67084.000
0.483 5.379 8.032 6.000 67090.000
1.089 5.339 7.635 10.000 67100.000
1.836 5.118 7.113 13.000 67113.000
2.183 4.675 6.684 11.000 67124.000
2.185 4.235 6.483 6.000 67130.000
2.025 3.605 6.217 10.000 67140.000
1.723 3.155 6.076 11.000 67151.000
1.450 2.923 6.047 10.000 67161.000
1.096 2.710 6.040 15.000 67176.000
0.905 2.686 6.098 4.000 67180.000
0.840 2.729 6.026 10.000 67190.000
0.885 2.815 5.918 13.000 67203.000
1.470 2.892 5.628 12.000 67215.000
2.336 2.896 5.202 5.000 67220.000
3.076 2.834 4.905 10.000 67230.000
3.842 2.671 4.604 12.000 67242.000
3.916 2.410 4.570 10.000 67252.000
3.708 2.221 4.673 14.000 67266.000
3.021 2.030 4.829 4.000 67270.000
2.308 1.939 4.989 10.000 67280.000
1.546 2.020 5.183 11.000 67291.000
0.593 2.049 5.449 14.000 67305.000
0.119 2.080 5.662 5.000 67310.000
-0.363 2.039 5.930 10.000 67320.000
-0.565 1.915 6.057 10.000 67330.000
-0.529 1.879 6.277 14.000 67344.000
-0.569 1.728 6.710 11.000 67355.000
-0.600 1.649 7.089 5.000 67360.000
-0.770 1.347 7.639 10.000 67370.000
-0.986 1.010 8.025 11.000 67381.000
-1.331 0.644 8.372 14.000 67395.000
-1.810 0.098 8.841 6.000 67401.000
-2.149 -0.225 9.138 9.000 67410.000
-2.351 -0.751 9.481 12.000 67422.000
-2.262 -1.237 9.598 10.000 67432.000
-2.039 -1.544 9.593 14.000 67446.000
-1.867 -1.989 9.722 8.000 67454.000
-1.833 -2.231 9.806 6.000 67460.000
-2.030 -2.358 10.041 12.000 67472.000
-2.070 -2.207 10.022 11.000 67483.000
-2.061 -1.917 9.868 11.000 67494.000
-1.860 -1.501 9.447 6.000 67500.000
-1.513 -1.096 8.925 11.000 67511.000
-1.742 -0.696 8.951 11.000 67522.000
-2.252 -0.031 9.212 13.000 67535.000
-2.954 0.507 9.742 5.000 67540.000
-3.792 0.617 10.232 10.000 67550.000
-4.209 0.454 10.429 10.000 67560.000
-4.244 -0.325 10.421 10.000 67570.000
-4.338 -1.333 10.450 10.000 67580.000
-4.295 -1.912 10.517 10.000 67590.000
-4.206 -2.528 10.704 10.000 67600.000
-4.218 -2.791 10.860 10.000 67610.000
-4.120 -2.655 11.020 14.000 67624.000
-4.118 -2.245 11.142 7.000 67631.000
-4.161 -1.800 11.145 10.000 67641.000
-4.175 -1.367 11.085 10.000 67651.000
-4.194 -1.108 10.896 12.000 67663.000
-4.118 -1.122 10.745 8.000 67671.000
-4.039 -1.036 10.541 9.000 67680.000
-3.988 -0.938 10.400 10.000 67690.000
-4.129 -0.799 10.386 11.000 67701.000
-4.496 -0.775 10.491 9.000 67710.000
-4.865 -0.852 10.649 10.000 67720.000
-5.252 -1.058 10.967 10.000 67730.000
-5.497 -1.302 11.247 10.000 67740.000
-5.480 -1.395 11.367 12.000 67752.000
-5.420 -1.431 11.437 9.000 67761.000
-5.341 -1.338 11.346 10.000 67771.000
-5.200 -1.283 11.154 9.000 67780.000
-5.037 -1.393 10.907 11.000 67791.000
-4.917 -1.561 10.711 10.000 67801.000
-4.762 -1.747 10.429 10.000 67811.000
-4.608 -1.848 10.165 10.000 67821.000
-4.513 -1.819 9.998 11.000 67832.000
-4.400 -1.872 9.751 11.000 67843.000
-4.323 -1.905 9.591 7.000 67850.000
-4.237 -1.994 9.516 12.000 67862.000
-4.218 -1.999 9.476 9.000 67871.000
-4.216 -1.922 9.514 9.000 67880.000
-4.292 -1.685 9.624 9.000 67889.000
-4.438 -1.441 9.730 10.000 67899.000
-4.522 -1.139 9.825 10.000 67909.000
-4.630 -0.837 9.938 11.000 67920.000
-4.659 -0.696 9.979 9.000 67929.000
-4.661 -0.536 9.991 10.000 67939.000
-4.659 -0.517 9.979 10.000 67949.000
-4.541 -0.205 9.832 10.000 67959.000
-4.347 0.438 9.674 10.000 67969.000
-4.180 1.063 9.545 14.000 67983.000
-4.012 1.833 9.210 6.000 67989.000
-3.936 2.312 8.992 10.000 67999.000
-3.988 2.530 8.832 10.000 68009.000
-4.089 2.896 8.681 12.000 68021.000
-4.189 3.117 8.736 10.000 68031.000
-4.295 3.548 8.683 9.000 68040.000
-4.376 3.940 8.561 9.000 68049.000
-4.410 4.185 8.429 11.000 68060.000
-4.596 4.297 8.295 13.000 68073.000
-4.778 4.199 8.269 7.000 68080.000
-5.025 4.173 8.190 9.000 68089.000
-5.355 4.292 8.061 10.000 68099.000
-5.533 4.544 7.934 12.000 68111.000
-5.781 4.788 7.738 12.000 68123.000
-5.937 4.927 7.618 7.000 68130.000
-5.935 5.046 7.551 10.000 68140.000
-5.844 5.272 7.472 9.000 68149.000
-5.681 5.504 7.462 13.000 68162.000
-5.374 5.798 7.450 7.000 68169.000
-5.166 5.844 7.450 10.000 68179.000
-5.046 5.784 7.462 10.000 68189.000
-4.905 5.686 7.486 11.000 68200.000
-4.908 5.525 7.513 9.000 68209.000
-4.829 5.686 7.563 10.000 68219.000
-4.781 6.019 7.752 10.000 68229.000
-4.754 6.390 7.929 10.000 68239.000
-4.826 6.718 8.248 10.000 68249.000
-4.955 6.847 8.528 10.000 68259.000
-4.850 6.732 8.678 11.000 68270.000
-4.345 6.698 8.710 9.000 68279.000
-3.742 6.708 8.599 11.000 68290.000
-2.889 6.849 8.441 12.000 68302.000
-2.133 7.086 8.319 7.000 68309.000
-1.776 7.242 8.317 10.000 68319.000
-1.345 7.395 8.331 11.000 68330.000
-1.163 7.417 8.394 9.000 68339.000
-1.072 7.429 8.540 15.000 68354.000
-0.833 7.659 8.719 5.000 68359.000
-0.667 7.891 8.882 10.000 68369.000
-0.325 8.212 9.081 11.000 68380.000
0.287 8.535 9.131 14.000 68394.000
0.751 8.640 9.148 6.000 68400.000
1.465 8.626 9.100 10.000 68410.000
2.001 8.523 9.016 10.000 68420.000
2.329 8.298 8.959 11.000 68431.000
2.614 7.797 8.848 9.000 68440.000
2.650 7.417 8.803 10.000 68450.000
2.813 6.612 8.463 10.000 68460.000
2.896 5.913 8.116 10.000 68470.000
3.021 6.030 7.814 10.000 68480.000
3.093 7.264 7.354 10.000 68490.000
3.038 8.920 7.189 10.000 68500.000
2.870 9.835 6.823 10.000 68510.000
2.705 10.208 6.464 10.000 68520.000
2.638 8.676 6.507 10.000 68530.000
2.485 6.806 6.461 10.000 68540.000
2.444 5.679 6.617 10.000 68550.000
2.281 4.695 6.588 10.000 68560.000
2.145 4.783 6.236 13.000 68573.000
2.094 5.209 5.973 7.000 68580.000
2.154 5.552 5.501 10.000 68590.000
2.336 5.750 5.214 10.000 68600.000
2.444 5.288 4.836 11.000 68611.000
2.341 4.398 4.398 13.000 68624.000
2.128 3.591 4.168 6.000 68630.000
1.798 2.604 3.859 10.000 68640.000
1.470 1.996 3.720 10.000 68650.000
1.414 1.781 3.545 13.000 68663.000
1.510 1.472 3.272 7.000 68670.000
1.723 1.343 3.078 10.000 68680.000
2.044 0.991 2.815 10.000 68690.000
2.322 0.560 2.612 11.000 68701.000
2.449 0.222 2.506 9.000 68710.000
2.590 -0.110 2.331 10.000 68720.000
2.624 -0.220 2.226 10.000 68730.000
2.568 -0.258 2.094 10.000 68740.000
2.408 -0.270 2.015 12.000 68752.000
2.233 -0.287 2.006 8.000 68760.000
2.032 -0.162 2.142 10.000 68770.000
1.900 0.004 2.341 10.000 68780.000
1.905 0.287 2.647 10.000 68790.000
2.032 0.557 3.145 10.000 68800.000
2.185 0.687 3.497 10.000 68810.000
2.425 0.723 4.024 10.000 68820.000
2.633 0.617 4.390 10.000 68830.000
2.810 0.459 4.663 14.000 68844.000
2.959 0.268 5.042 8.000 68852.000
3.021 0.169 5.245 8.000 68860.000
2.896 -0.021 5.585 10.000 68870.000
2.947 -0.203 6.624 10.000 68880.000
3.026 -0.351 7.558 10.000 68890.000
3.031 -0.323 8.532 13.000 68903.000
3.222 -0.201 9.370 7.000 68910.000
3.004 0.076 9.758 10.000 68920.000
2.252 0.275 11.020 10.000 68930.000
1.575 0.296 12.241 10.000 68940.000
1.065 0.509 12.749 10.000 68950.000
0.699 0.622 12.909 10.000 68960.000
0.811 0.849 12.002 10.000 68970.000
0.926 1.098 11.044 10.000 68980.000
0.873 1.156 10.800 10.000 68990.000
1.051 1.316 10.386 10.000 69000.000
1.233 1.527 10.225 10.000 69010.000
1.412 1.716 10.115 10.000 69020.000
1.398 1.843 9.876 10.000 69030.000
1.154 1.867 9.806 10.000 69040.000
0.811 1.843 9.777 10.000 69050.000
0.308 1.896 9.854 10.000 69060.000
0.000 2.011 10.060 10.000 69070.000
-0.284 2.269 10.122 10.000 69080.000
-0.421 2.489 10.084 10.000 69090.000
-0.313 2.674 9.911 11.000 69101.000
-0.179 2.475 9.909 9.000 69110.000
-0.069 2.133 10.050 10.000 69120.000
-0.019 1.865 10.426 13.000 69133.000
-0.112 1.764 10.982 8.000 69141.000
-0.232 2.047 11.367 10.000 69151.000
-0.244 2.264 11.745 9.000 69160.000
-0.093 2.200 11.939 14.000 69174.000
0.117 1.927 11.982 6.000 69180.000
0.126 1.527 12.038 10.000 69190.000
0.028 1.192 12.100 12.000 69202.000
-0.217 1.221 12.140 8.000 69210.000
-0.543 1.228 12.291 12.000 69222.000
-0.667 1.362 12.430 8.000 69230.000
-0.761 1.429 12.504 11.000 69241.000
-0.830 1.302 12.521 14.000 69255.000
-0.821 1.197 12.428 6.000 69261.000
-0.876 1.187 12.464 9.000 69270.000
-0.962 1.244 12.564 10.000 69280.000
-1.046 1.558 12.789 10.000 69290.000
-1.130 1.872 13.014 10.000 69300.000
-1.199 2.226 12.993 10.000 69310.000
-1.247 2.578 12.861 10.000 69320.000
-1.276 2.712 12.634 10.000 69330.000
-1.386 2.971 12.471 10.000 69340.000
-1.446 3.093 12.425 10.000 69350.000
-1.675 3.232 12.313 11.000 69361.000
-1.951 3.141 12.140 9.000 69370.000
-2.145 2.925 11.903 10.000 69380.000
-2.530 2.659 11.856 10.000 69390.000
-2.767 2.379 11.985 10.000 69400.000
-3.263 2.568 12.296 10.000 69410.000
-3.907 2.973 12.677 10.000 69420.000
-4.359 3.428 12.868 10.000 69430.000
-4.745 3.818 13.048 10.000 69440.000
-4.601 3.885 12.959 10.000 69450.000
-4.309 3.737 12.801 10.000 69460.000
-3.572 3.608 12.315 10.000 69470.000
-2.901 3.543 11.841 11.000 69481.000
-2.075 3.636 11.274 9.000 69490.000
-1.130 3.780 10.694 12.000 69502.000
-0.629 3.904 10.443 10.000 69512.000
-0.129 4.106 10.220 8.000 69520.000
-0.009 4.232 10.237 10.000 69530.000
-0.083 4.434 10.273 11.000 69541.000
-0.277 4.711 10.330 10.000 69551.000
-0.471 4.912 10.359 11.000 69562.000
-0.751 5.238 10.414 9.000 69571.000
-1.031 5.616 10.376 11.000 69582.000
-1.192 5.918 10.316 9.000 69591.000
-1.326 6.308 10.208 10.000 69601.000
-1.300 6.672 9.957 11.000 69612.000
-1.199 6.859 9.792 9.000 69621.000
-1.146 7.161 9.550 14.000 69635.000
-1.120 7.374 9.356 5.000 69640.000
-1.323 7.534 9.339 11.000 69651.000
-1.769 7.510 9.373 12.000 69663.000
-2.166 7.371 9.483 7.000 69670.000
-2.358 7.216 9.342 12.000 69682.000
-2.394 7.015 9.141 8.000 69690.000
-1.956 7.019 8.568 11.000 69701.000
-1.541 6.854 7.862 14.000 69715.000
-1.333 6.706 7.407 6.000 69721.000
-1.125 6.387 6.840 15.000 69736.000
-1.149 6.047 6.593 4.000 69740.000
-0.950 5.810 6.392 10.000 69750.000
-0.502 5.449 6.143 9.000 69759.000
0.225 5.118 5.841 16.000 69775.000
0.952 4.788 5.540 5.000 69780.000
1.740 4.489 5.240 18.000 69798.000
2.279 4.314 4.989 1.000 69799.000
2.557 4.091 4.946 10.000 69809.000
2.834 3.869 4.903 11.000 69820.000
2.736 3.469 4.987 10.000 69830.000
2.760 3.196 5.075 9.000 69839.000
2.765 3.110 5.121 10.000 69849.000
2.925 3.105 5.082 10.000 69859.000
3.203 3.313 5.003 10.000 69869.000
3.272 3.337 4.941 13.000 69882.000
3.184 3.222 4.970 7.000 69889.000
2.940 3.026 5.082 10.000 69899.000
2.700 2.715 5.214 10.000 69909.000
2.547 2.461 5.324 10.000 69919.000
2.612 2.243 5.204 11.000 69930.000
2.765 2.008 5.145 9.000 69939.000
2.913 1.889 5.066 10.000 69949.000
3.179 1.898 4.975 10.000 69959.000
3.509 2.135 5.027 10.000 69969.000
3.751 2.389 5.020 10.000 69979.000
4.256 2.707 4.994 10.000 69989.000
4.644 2.896 4.979 10.000 69999.000
4.984 3.071 5.070 10.000 70009.000
5.298 3.481 5.214 10.000 70019.000
5.348 3.825 5.377 11.000 70030.000
5.331 4.350 5.597 9.000 70039.000
5.238 4.764 5.707 10.000 70049.000
5.183 5.058 5.681 10.000 70059.000
5.377 5.434 5.533 10.000 70069.000
5.638 5.631 5.327 10.000 70079.000
6.064 5.846 4.845 10.000 70089.000
6.469 6.004 4.419 10.000 70099.000
6.624 6.081 4.115 10.000 70109.000
6.825 6.263 3.871 10.000 70119.000
6.861 6.426 3.902 10.000 70129.000
6.864 6.548 3.945 10.000 70139.000
6.856 6.689 3.962 10.000 70149.000
6.804 6.725 3.919 10.000 70159.000
6.655 6.811 3.857 10.000 70169.000
6.550 6.880 3.811 10.000 70179.000
6.241 6.936 3.766 10.000 70189.000
5.784 6.912 3.792 10.000 70199.000
5.422 6.837 3.837 10.000 70209.000
5.013 6.651 4.048 10.000 70219.000
4.848 6.251 4.273 10.000 70229.000
4.831 5.930 4.426 10.000 70239.000
4.869 5.420 4.580 10.000 70249.000
4.955 5.023 4.568 10.000 70259.000
5.082 4.788 4.649 10.000 70269.000
5.300 4.599 4.774 10.000 70279.000
5.463 4.599 4.898 10.000 70289.000
5.628 4.668 4.989 11.000 70300.000
5.722 4.783 4.999 9.000 70309.000
5.612 4.929 4.927 11.000 70320.000
5.363 5.137 4.903 9.000 70329.000
5.111 5.276 4.912 10.000 70339.000
4.800 5.439 5.018 10.000 70349.000
4.601 5.525 5.161 11.000 70360.000
4.680 5.525 5.341 9.000 70369.000
4.750 5.465 5.334 11.000 70380.000
4.879 5.382 5.231 9.000 70389.000
4.965 5.324 5.102 10.000 70399.000
4.922 5.358 4.915 10.000 70409.000
4.888 5.451 4.915 11.000 70420.000
4.984 5.564 4.898 10.000 70430.000
5.123 5.650 4.908 9.000 70439.000
5.386 5.681 4.841 10.000 70449.000
5.767 5.758 4.824 10.000 70459.000
6.019 5.815 4.824 11.000 70470.000
6.373 5.930 4.903 10.000 70480.000
6.593 6.033 5.032 9.000 70489.000
6.756 6.107 5.068 10.000 70499.000
6.938 6.177 4.982 10.000 70509.000
7.017 6.189 4.817 11.000 70520.000
7.079 6.165 4.673 10.000 70530.000
6.938 5.918 4.826 9.000 70539.000
6.777 5.676 5.102 10.000 70549.000
6.574 5.652 5.348 10.000 70559.000
6.387 5.664 5.573 10.000 70569.000
6.335 5.978 5.391 10.000 70579.000
6.323 6.129 5.073 10.000 70589.000
6.354 6.062 4.783 14.000 70603.000
6.380 5.940 4.508 6.000 70609.000
6.416 5.722 4.386 10.000 70619.000
6.349 5.772 4.484 10.000 70629.000
6.263 5.844 4.570 10.000 70639.000
6.181 5.971 4.642 14.000 70653.000
6.143 5.961 4.596 6.000 70659.000
6.133 5.760 4.350 10.000 70669.000
6.143 5.537 4.115 10.000 70679.000
5.978 5.307 3.897 10.000 70689.000
5.770 5.214 3.797 10.000 70699.000
5.370 5.202 4.005 10.000 70709.000
4.862 5.125 4.424 10.000 70719.000
4.529 5.056 4.826 10.000 70729.000
4.216 4.953 5.269 10.000 70739.000
4.127 4.855 5.521 10.000 70749.000
4.268 4.857 5.449 10.000 70759.000
4.580 4.946 5.415 10.000 70769.000
4.872 5.068 5.341 10.000 70779.000
5.204 5.183 5.298 10.000 70789.000
5.415 5.149 5.355 10.000 70799.000
5.456 5.030 5.374 10.000 70809.000
5.499 4.867 5.415 10.000 70819.000
5.501 4.711 5.425 11.000 70830.000
5.470 4.707 5.566 9.000 70839.000
5.386 4.639 5.877 10.000 70849.000
5.300 4.616 6.167 10.000 70859.000
5.173 4.491 6.548 11.000 70870.000
5.073 4.288 6.818 11.000 70881.000
5.025 4.146 6.919 9.000 70890.000
4.934 4.086 6.993 10.000 70900.000
4.884 4.127 6.976 10.000 70910.000
4.726 4.331 7.048 10.000 70920.000
4.515 4.479 7.290 19.000 70939.000
4.639 4.501 7.649 12.000 70951.000
4.764 4.522 8.008 10.000 70961.000
5.073 4.632 8.202 11.000 70972.000
5.679 4.855 8.003 8.000 70980.000
5.992 5.123 7.714 11.000 70991.000
6.318 5.312 7.244 10.000 71001.000
6.574 5.291 6.842 10.000 71011.000
6.282 5.183 6.720 10.000 71021.000
5.650 4.982 6.698 9.000 71030.000
5.006 4.860 6.856 10.000 71040.000
4.314 4.687 7.036 12.000 71052.000
3.924 4.675 7.125 9.000 71061.000
3.873 4.757 7.113 10.000 71071.000
3.778 4.975 7.101 10.000 71081.000
3.730 5.243 7.067 9.000 71090.000
3.720 5.406 7.134 11.000 71101.000
3.991 5.408 7.072 10.000 71111.000
4.307 5.274 7.010 10.000 71121.000
5.063 4.989 6.904 10.000 71131.000
5.784 4.678 6.732 10.000 71141.000
6.244 4.580 6.763 10.000 71151.000
6.464 4.292 6.895 10.000 71161.000
6.244 4.156 7.070 9.000 71170.000
5.875 3.825 7.194 10.000 71180.000
5.434 3.524 7.122 10.000 71190.000
5.233 3.411 6.950 10.000 71200.000
4.819 3.371 6.770 10.000 71210.000
4.390 3.533 6.713 15.000 71225.000
4.015 3.615 6.777 6.000 71231.000
3.679 3.691 6.837 9.000 71240.000
3.557 3.696 6.904 10.000 71250.000
3.632 3.703 6.912 11.000 71261.000
3.706 3.711 6.919 9.000 71270.000
3.653 3.675 7.019 10.000 71280.000
3.579 3.663 7.103 10.000 71290.000
3.471 3.639 7.175 12.000 71302.000
3.464 3.727 7.141 7.000 71309.000
3.543 3.864 7.019 10.000 71319.000
3.713 3.995 6.976 10.000 71329.000
3.916 4.084 7.000 10.000 71339.000
4.019 4.060 7.129 10.000 71349.000
4.137 4.098 7.290 10.000 71359.000
4.242 4.091 7.419 10.000 71369.000
4.314 4.127 7.481 10.000 71379.000
4.498 4.089 7.477 10.000 71389.000
4.668 3.988 7.441 10.000 71399.000
4.831 3.921 7.273 10.000 71409.000
4.944 3.895 7.151 10.000 71419.000
4.944 3.943 7.096 10.000 71429.000
4.841 4.122 7.060 10.000 71439.000
4.687 4.295 7.125 10.000 71449.000
4.469 4.362 7.386 10.000 71459.000
4.331 4.472 7.632 11.000 71470.000
4.295 4.450 7.860 10.000 71480.000
4.474 4.539 8.099 9.000 71489.000
4.857 4.611 8.013 10.000 71499.000
5.161 4.639 7.941 10.000 71509.000
5.499 4.716 7.924 11.000 71520.000
5.621 4.683 7.896 9.000 71529.000
5.307 4.683 7.941 40.000 71569.000
4.994 4.683 7.987 10.000 71579.000
4.575 4.436 7.934 10.000 71589.000
4.103 4.110 7.833 10.000 71599.000
3.979 3.833 7.742 10.000 71609.000
3.861 3.598 7.611 11.000 71620.000
3.878 3.541 7.472 9.000 71629.000
3.948 3.562 7.381 10.000 71639.000
4.103 3.541 7.192 10.000 71649.000
4.252 3.476 7.043 10.000 71659.000
4.295 3.462 6.856 10.000 71669.000
4.199 3.509 6.837 10.000 71679.000
4.017 3.600 6.916 10.000 71689.000
3.787 3.615 7.019 10.000 71699.000
3.600 3.600 7.211 10.000 71709.000
3.600 3.531 7.223 10.000 71719.000
3.603 3.493 7.268 10.000 71729.000
3.653 3.531 7.290 11.000 71740.000
3.675 3.627 7.484 9.000 71749.000
3.749 3.715 7.666 10.000 71759.000
3.821 3.773 7.814 10.000 71769.000
4.050 3.897 7.874 14.000 71783.000
4.309 3.964 7.762 6.000 71789.000
4.438 4.108 7.738 10.000 71799.000
4.345 4.182 7.714 10.000 71809.000
4.094 4.189 7.778 10.000 71819.000
3.694 4.127 7.836 11.000 71830.000
3.323 3.988 7.829 9.000 71839.000
3.349 3.794 7.747 20.000 71859.000
3.375 3.600 7.666 11.000 71870.000
3.588 3.538 7.580 9.000 71879.000
3.643 3.514 7.620 10.000 71889.000
3.524 3.615 7.735 10.000 71899.000
3.368 3.737 7.936 10.000 71909.000
3.174 3.797 8.149 10.000 71919.000
3.306 3.859 8.137 10.000 71929.000
3.490 3.964 8.149 10.000 71939.000
3.711 4.048 8.075 10.000 71949.000
3.775 4.129 8.066 10.000 71959.000
3.672 4.170 8.154 10.000 71969.000
3.450 4.168 8.207 11.000 71980.000
3.296 4.165 8.231 9.000 71989.000
3.299 4.165 8.190 10.000 71999.000
3.308 4.122 8.133 10.000 72009.000
3.303 4.089 8.116 11.000 72020.000
3.229 4.055 8.128 10.000 72030.000
3.131 4.003 8.161 9.000 72039.000
3.026 3.993 8.212 10.000 72049.000
3.004 3.969 8.214 10.000 72059.000
2.975 3.969 8.228 11.000 72070.000
2.971 3.988 8.221 9.000 72079.000
3.308 3.988 8.161 10.000 72089.000
3.394 3.897 8.015 20.000 72109.000
3.423 3.835 7.936 11.000 72120.000
3.452 3.773 7.857 10.000 72130.000
3.136 3.665 7.843 9.000 72139.000
3.069 3.653 7.934 10.000 72149.000
3.038 3.636 7.960 10.000 72159.000
2.985 3.665 7.970 13.000 72172.000
2.935 3.758 7.967 7.000 72179.000
2.748 3.881 7.979 10.000 72189.000
2.669 4.003 8.003 10.000 72199.000
2.612 4.079 8.044 10.000 72209.000
2.614 4.137 8.090 11.000 72220.000
2.753 4.165 8.121 10.000 72230.000
2.774 4.108 8.161 10.000 72240.000
2.846 4.065 8.214 10.000 72250.000
2.858 4.041 8.262 10.000 72260.000
2.861 4.039 8.245 10.000 72270.000
2.748 4.046 8.267 10.000 72280.000
2.585 4.039 8.276 10.000 72290.000
2.454 3.967 8.307 10.000 72300.000
2.331 3.873 8.403 10.000 72310.000
2.525 3.825 8.331 11.000 72321.000
2.585 3.734 8.283 9.000 72330.000
2.614 3.708 8.214 10.000 72340.000
2.633 3.773 8.195 10.000 72350.000
2.489 3.821 8.269 10.000 72360.000
2.509 3.952 8.259 10.000 72370.000
2.489 4.027 8.262 10.000 72380.000
2.480 4.010 8.214 10.000 72390.000
2.480 3.998 8.214 10.000 72400.000
2.451 3.945 8.274 10.000 72410.000
2.561 4.024 8.180 10.000 72420.000
2.698 4.065 8.219 10.000 72430.000
2.825 4.101 8.209 10.000 72440.000
2.916 4.082 8.128 10.000 72450.000
2.904 4.019 8.202 10.000 72460.000
2.865 3.995 8.145 10.000 72470.000
2.734 3.919 8.113 10.000 72480.000
2.638 3.897 8.154 10.000 72490.000
2.554 3.955 8.154 10.000 72500.000
2.540 3.983 8.137 10.000 72510.000
2.619 4.065 8.094 10.000 72520.000
2.746 4.182 8.039 10.000 72530.000
2.863 4.189 8.010 10.000 72540.000
2.877 4.213 8.027 10.000 72550.000
2.789 4.168 8.094 10.000 72560.000
2.652 4.086 8.173 10.000 72570.000
2.624 4.067 8.200 10.000 72580.000
2.669 4.036 8.152 10.000 72590.000
2.817 4.074 8.054 10.000 72600.000
2.964 4.094 7.931 10.000 72610.000
3.002 4.050 7.862 10.000 72620.000
2.952 4.017 7.900 10.000 72630.000
2.913 4.000 7.975 10.000 72640.000
2.877 4.003 8.073 10.000 72650.000
2.930 4.072 8.147 10.000 72660.000
3.031 4.156 8.159 10.000 72670.000
3.081 4.197 8.128 10.000 72680.000
3.107 4.218 8.109 10.000 72690.000
3.045 4.173 8.113 10.000 72700.000
2.928 4.110 8.056 10.000 72710.000
2.983 4.134 7.864 10.000 72720.000
3.062 4.177 7.661 10.000 72730.000
3.086 4.256 7.592 10.000 72740.000
3.165 4.352 7.584 10.000 72750.000
2.952 4.367 7.912 10.000 72760.000
2.667 4.340 8.226 10.000 72770.000
2.437 4.278 8.406 10.000 72780.000
2.305 4.276 8.513 10.000 72790.000
2.331 4.295 8.427 10.000 72800.000
2.466 4.374 8.341 10.000 72810.000
2.628 4.407 8.219 10.000 72820.000
2.693 4.381 8.169 10.000 72830.000
2.731 4.438 8.145 10.000 72840.000
2.669 4.479 8.185 10.000 72850.000
2.578 4.565 8.262 10.000 72860.000
2.523 4.680 8.319 10.000 72870.000
2.494 4.711 8.350 10.000 72880.000
2.571 4.709 8.310 10.000 72890.000
2.552 4.594 8.346 10.000 72900.000
2.497 4.450 8.401 14.000 72914.000
2.578 4.582 8.192 6.000 72920.000
2.619 4.745 8.006 10.000 72930.000
2.722 4.735 7.852 10.000 72940.000
2.681 4.786 7.872 10.000 72950.000
2.504 4.560 8.154 10.000 72960.000
2.281 4.254 8.331 9.000 72969.000
2.183 4.225 8.322 11.000 72980.000
2.229 4.137 8.140 9.000 72989.000
2.391 4.019 7.896 10.000 72999.000
2.600 3.983 7.757 10.000 73009.000
2.801 3.988 7.673 10.000 73019.000
2.928 4.022 7.620 11.000 73030.000
2.937 4.084 7.630 9.000 73039.000
2.940 4.158 7.699 10.000 73049.000
2.858 4.199 7.790 10.000 73059.000
2.885 4.285 7.874 10.000 73069.000
2.837 4.355 7.989 11.000 73080.000
2.796 4.412 8.044 9.000 73089.000
2.710 4.446 8.099 10.000 73099.000
2.590 4.405 8.130 10.000 73109.000
2.542 4.407 8.109 11.000 73120.000
2.463 4.407 8.092 10.000 73130.000
2.430 4.431 8.075 10.000 73140.000
2.379 4.381 8.058 9.000 73149.000
2.487 4.316 8.046 10.000 73159.000
2.626 4.254 8.030 10.000 73169.000
2.839 4.201 7.994 11.000 73180.000
3.069 4.223 7.958 11.000 73191.000
3.134 4.201 7.946 8.000 73199.000
3.090 4.192 7.996 10.000 73209.000
2.973 4.173 8.066 10.000 73219.000
2.813 4.201 8.190 11.000 73230.000
2.662 4.261 8.307 9.000 73239.000
2.628 4.343 8.331 10.000 73249.000
2.612 4.450 8.339 10.000 73259.000
2.638 4.510 8.291 10.000 73269.000
2.681 4.577 8.226 11.000 73280.000
2.628 4.599 8.185 11.000 73291.000
2.559 4.594 8.161 8.000 73299.000
2.420 4.546 8.140 10.000 73309.000
2.264 4.491 8.135 10.000 73319.000
2.195 4.398 8.121 11.000 73330.000
2.226 4.326 8.042 9.000 73339.000
2.327 4.297 7.960 10.000 73349.000
2.442 4.283 7.874 11.000 73360.000
2.557 4.319 7.805 10.000 73370.000
2.535 4.323 7.850 10.000 73380.000
2.523 4.321 7.924 10.000 73390.000
2.497 4.304 8.003 10.000 73400.000
2.542 4.288 8.037 13.000 73413.000
2.643 4.307 8.010 7.000 73420.000
2.734 4.333 7.955 10.000 73430.000
2.758 4.395 7.948 10.000 73440.000
2.710 4.458 7.987 10.000 73450.000
2.616 4.460 8.030 10.000 73460.000
2.571 4.417 8.044 10.000 73470.000
2.592 4.338 8.010 15.000 73485.000
2.600 4.237 7.874 5.000 73490.000
2.633 4.170 7.742 10.000 73500.000
2.528 4.165 7.699 12.000 73512.000
2.406 4.206 7.726 9.000 73521.000
2.298 4.268 7.855 9.000 73530.000
2.255 4.347 7.977 11.000 73541.000
2.348 4.419 7.922 10.000 73551.000
2.458 4.446 7.797 10.000 73561.000
2.475 4.405 7.745 10.000 73571.000
2.427 4.347 7.699 9.000 73580.000
2.264 4.309 7.795 11.000 73591.000
2.138 4.299 7.879 10.000 73601.000
2.104 4.357 7.891 10.000 73611.000
2.135 4.508 7.872 10.000 73621.000
2.236 4.630 7.829 10.000 73631.000
2.298 4.781 7.857 10.000 73641.000
2.308 4.862 7.915 10.000 73651.000
2.252 4.850 8.003 10.000 73661.000
2.200 4.874 8.073 10.000 73671.000
2.114 4.855 8.039 10.000 73681.000
2.080 4.905 7.977 10.000 73691.000
1.987 4.979 7.982 10.000 73701.000
1.891 5.018 8.006 10.000 73711.000
1.843 4.991 8.118 10.000 73721.000
1.905 4.965 8.154 10.000 73731.000
2.027 4.915 8.123 10.000 73741.000
2.207 4.932 8.082 10.000 73751.000
2.339 5.039 8.018 10.000 73761.000
2.360 5.147 8.030 10.000 73771.000
2.293 5.245 8.121 10.000 73781.000
2.169 5.276 8.221 10.000 73791.000
2.087 5.264 8.298 10.000 73801.000
2.025 5.343 8.408 9.000 73810.000
2.051 5.432 8.439 11.000 73821.000
2.092 5.489 8.516 10.000 73831.000
2.126 5.549 8.595 10.000 73841.000
2.178 5.547 8.614 10.000 73851.000
2.250 5.549 8.621 10.000 73861.000
2.308 5.583 8.583 10.000 73871.000
2.250 5.564 8.602 10.000 73881.000
2.154 5.516 8.647 10.000 73891.000
1.975 5.432 8.683 10.000 73901.000
1.908 5.410 8.683 10.000 73911.000
1.956 5.442 8.626 10.000 73921.000
2.056 5.533 8.590 10.000 73931.000
2.200 5.681 8.595 9.000 73940.000
2.231 5.767 8.635 11.000 73951.000
2.226 5.786 8.592 10.000 73961.000
2.169 5.746 8.528 10.000 73971.000
2.032 5.621 8.434 10.000 73981.000
1.783 5.456 8.348 9.000 73990.000
1.570 5.358 8.346 11.000 74001.000
1.355 5.149 8.245 10.000 74011.000
1.410 4.953 8.034 11.000 74022.000
1.577 4.797 7.817 9.000 74031.000
1.903 4.659 7.575 9.000 74040.000
2.231 4.630 7.431 11.000 74051.000
2.396 4.608 7.436 10.000 74061.000
2.525 4.625 7.513 10.000 74071.000
2.497 4.625 7.613 10.000 74081.000
2.504 4.620 7.762 9.000 74090.000
2.504 4.654 7.881 11.000 74101.000
2.568 4.589 7.900 10.000 74111.000
2.602 4.522 7.896 10.000 74121.000
2.600 4.460 7.843 10.000 74131.000
2.497 4.355 7.869 10.000 74141.000
2.365 4.309 7.924 10.000 74151.000
2.296 4.168 7.960 10.000 74161.000
2.343 4.050 7.958 10.000 74171.000
2.492 3.976 7.876 10.000 74181.000
2.643 3.883 7.814 10.000 74191.000
2.760 3.892 7.829 10.000 74201.000
2.760 3.878 7.881 10.000 74211.000
2.782 3.881 7.924 10.000 74221.000
2.801 3.902 7.948 10.000 74231.000
2.758 3.945 7.960 10.000 74241.000
2.657 4.015 8.010 10.000 74251.000
2.535 4.067 8.070 10.000 74261.000
2.427 4.074 8.145 10.000 74271.000
2.384 4.055 8.197 10.000 74281.000
2.420 3.955 8.130 10.000 74291.000
2.468 3.811 8.046 10.000 74301.000
2.501 3.713 7.948 10.000 74311.000
2.545 3.593 7.807 11.000 74322.000
2.566 3.529 7.747 9.000 74331.000
2.746 3.632 7.711 9.000 74340.000
2.726 3.608 7.709 11.000 74351.000
2.698 3.605 7.750 10.000 74361.000
2.695 3.677 7.788 10.000 74371.000
2.549 3.655 7.876 10.000 74381.000
2.602 3.761 7.931 10.000 74391.000
2.626 3.864 7.991 10.000 74401.000
2.624 3.892 8.054 9.000 74410.000
2.602 3.950 8.123 10.000 74420.000
2.583 4.084 8.070 10.000 74430.000
2.592 4.220 8.013 10.000 74440.000
2.427 4.302 8.106 10.000 74450.000
2.255 4.323 8.135 10.000 74460.000
2.145 4.192 8.245 10.000 74470.000
2.152 4.110 8.377 11.000 74481.000
2.334 4.084 8.358 10.000 74491.000
2.497 4.003 8.264 10.000 74501.000
2.509 4.007 8.236 10.000 74511.000
2.403 3.962 8.185 9.000 74520.000
2.346 3.926 8.097 11.000 74531.000
2.308 3.945 8.082 10.000 74541.000
2.432 3.948 8.078 9.000 74550.000
2.554 3.940 8.121 11.000 74561.000
2.628 3.924 8.202 9.000 74570.000
2.693 3.916 8.305 11.000 74581.000
2.710 3.936 8.341 10.000 74591.000
2.729 3.964 8.329 9.000 74600.000
2.741 4.012 8.300 11.000 74611.000
2.762 4.050 8.250 10.000 74621.000
2.669 4.101 8.197 10.000 74631.000
2.540 4.216 8.202 10.000 74641.000
2.418 4.311 8.224 10.000 74651.000
2.351 4.400 8.252 10.000 74661.000
2.439 4.446 8.291 12.000 74673.000
2.564 4.426 8.271 8.000 74681.000
2.870 4.491 8.274 10.000 74691.000
3.122 4.563 8.269 9.000 74700.000
3.354 4.699 8.286 11.000 74711.000
3.423 4.841 8.322 15.000 74726.000
3.311 4.898 8.336 4.000 74730.000
2.949 4.795 8.384 11.000 74741.000
2.537 4.639 8.437 10.000 74751.000
2.255 4.357 8.489 10.000 74761.000
2.181 4.168 8.441 10.000 74771.000
2.355 4.139 8.360 11.000 74782.000
2.619 4.158 8.226 9.000 74791.000
2.916 4.299 8.073 10.000 74801.000
2.935 4.259 8.063 10.000 74811.000
3.066 4.204 8.020 10.000 74821.000
3.110 4.101 8.030 11.000 74832.000
3.119 4.000 8.020 9.000 74841.000
3.198 3.988 7.967 10.000 74851.000
2.918 3.900 7.994 10.000 74861.000
2.636 3.770 8.008 10.000 74871.000
2.387 3.639 8.042 10.000 74881.000
2.305 3.471 8.008 10.000 74891.000
2.470 3.394 7.929 10.000 74901.000
2.801 3.399 7.860 10.000 74911.000
2.894 3.438 7.939 10.000 74921.000
2.820 3.512 8.085 11.000 74932.000
2.758 3.684 8.238 9.000 74941.000
2.669 3.897 8.336 10.000 74951.000
2.817 4.077 8.286 18.000 74969.000
2.942 4.264 8.250 11.000 74980.000
2.913 4.316 8.271 11.000 74991.000
2.700 4.280 8.379 10.000 75001.000
2.487 4.244 8.487 10.000 75011.000
2.406 4.182 8.499 10.000 75021.000
2.511 4.165 8.441 9.000 75030.000
2.664 4.156 8.355 11.000 75041.000
2.765 4.103 8.236 10.000 75051.000
2.758 4.070 8.197 10.000 75061.000
2.659 4.005 8.195 10.000 75071.000
2.607 3.912 8.169 9.000 75080.000
2.607 3.861 8.176 11.000 75091.000
2.705 3.833 8.142 10.000 75101.000
2.849 3.825 8.078 10.000 75111.000
2.968 3.801 8.013 10.000 75121.000
3.066 3.727 7.917 9.000 75130.000
3.066 3.632 7.862 11.000 75141.000
3.011 3.576 7.826 9.000 75150.000
2.935 3.567 7.814 10.000 75160.000
2.822 3.591 7.860 10.000 75170.000
2.750 3.617 7.955 10.000 75180.000
2.734 3.603 8.032 10.000 75190.000
2.808 3.588 8.097 10.000 75200.000
2.983 3.651 8.130 10.000 75210.000
3.117 3.711 8.113 10.000 75220.000
3.196 3.754 8.137 10.000 75230.000
3.184 3.797 8.173 10.000 75240.000
3.112 3.797 8.212 10.000 75250.000
3.064 3.782 8.214 10.000 75260.000
3.071 3.785 8.176 11.000 75271.000
3.071 3.758 8.161 10.000 75281.000
3.098 3.727 8.113 10.000 75291.000
3.100 3.711 8.101 10.000 75301.000
3.107 3.701 8.118 10.000 75311.000
3.122 3.720 8.111 10.000 75321.000
3.098 3.737 8.173 10.000 75331.000
3.086 3.842 8.207 10.000 75341.000
3.069 3.940 8.212 10.000 75351.000
3.009 4.024 8.221 9.000 75360.000
2.978 4.098 8.197 11.000 75371.000
2.873 4.089 8.204 10.000 75381.000
2.717 4.046 8.231 10.000 75391.000
2.604 4.017 8.252 10.000 75401.000
2.525 4.022 8.209 9.000 75410.000
2.492 4.043 8.161 14.000 75424.000
2.509 4.098 8.094 7.000 75431.000
2.492 4.098 8.051 10.000 75441.000
2.442 4.065 8.073 11.000 75452.000
2.430 4.027 8.135 9.000 75461.000
2.504 3.960 8.180 9.000 75470.000
2.612 3.948 8.202 10.000 75480.000
2.784 3.962 8.214 10.000 75490.000
2.935 3.960 8.188 10.000 75500.000
2.990 4.003 8.236 10.000 75510.000
3.009 4.098 8.238 10.000 75520.000
2.964 4.168 8.250 10.000 75530.000
2.841 4.199 8.331 10.000 75540.000
2.729 4.213 8.355 10.000 75550.000
2.607 4.127 8.413 11.000 75561.000
2.523 4.106 8.487 10.000 75571.000
2.516 4.122 8.492 11.000 75582.000
2.542 4.108 8.456 8.000 75590.000
2.614 4.158 8.401 12.000 75602.000
2.647 4.144 8.329 10.000 75612.000
2.712 4.134 8.257 9.000 75621.000
2.743 4.156 8.226 11.000 75632.000
2.813 4.120 8.195 8.000 75640.000
2.916 4.144 8.142 12.000 75652.000
2.987 4.163 8.090 10.000 75662.000
3.038 4.182 8.063 9.000 75671.000
3.031 4.235 8.073 10.000 75681.000
2.990 4.228 8.104 9.000 75690.000
2.949 4.204 8.121 12.000 75702.000
2.930 4.180 8.111 10.000 75712.000
2.849 4.185 8.142 11.000 75723.000
2.748 4.185 8.147 8.000 75731.000
2.647 4.201 8.166 9.000 75740.000
2.602 4.197 8.154 12.000 75752.000
2.638 4.170 8.097 9.000 75761.000
2.741 4.103 8.078 10.000 75771.000
2.935 3.986 8.010 11.000 75782.000
3.074 3.890 7.975 8.000 75790.000
3.150 3.794 7.965 11.000 75801.000
3.179 3.744 7.943 9.000 75810.000
3.095 3.828 8.015 12.000 75822.000
2.975 3.919 8.123 9.000 75831.000
2.918 4.010 8.204 10.000 75841.000
2.880 4.118 8.245 10.000 75851.000
2.863 4.141 8.240 10.000 75861.000
2.873 4.165 8.195 9.000 75870.000
2.856 4.194 8.142 13.000 75883.000
2.820 4.206 8.130 7.000 75890.000
2.786 4.163 8.070 11.000 75901.000
2.782 4.070 8.013 10.000 75911.000
2.803 3.971 7.963 9.000 75920.000
2.748 3.801 7.960 13.000 75933.000
2.691 3.687 8.006 7.000 75940.000
2.559 3.653 8.066 11.000 75951.000
2.410 3.658 8.152 9.000 75960.000
2.339 3.734 8.190 12.000 75972.000
2.334 3.852 8.192 10.000 75982.000
2.384 3.931 8.183 9.000 75991.000
2.573 4.070 8.101 10.000 76001.000
2.715 4.175 8.159 10.000 76011.000
2.789 4.240 8.252 10.000 76021.000
2.758 4.268 8.341 11.000 76032.000
2.501 4.151 8.499 9.000 76041.000
2.293 4.067 8.518 9.000 76050.000
2.109 3.969 8.528 12.000 76062.000
2.030 3.907 8.542 8.000 76070.000
2.202 3.957 8.453 12.000 76082.000
2.161 4.106 8.535 9.000 76091.000
2.097 4.268 8.626 9.000 76100.000
2.341 4.331 8.209 12.000 76112.000
2.437 4.328 7.872 8.000 76120.000
2.310 4.280 7.838 12.000 76132.000
2.226 4.237 7.888 9.000 76141.000
1.833 4.295 8.446 9.000 76150.000
1.525 4.465 9.006 12.000 76162.000
2.087 4.675 8.863 8.000 76170.000
2.607 4.881 8.635 12.000 76182.000
3.131 4.587 8.159 9.000 76191.000
3.572 4.180 7.680 9.000 76200.000
3.320 3.840 7.592 12.000 76212.000
3.086 3.483 7.572 8.000 76220.000
2.846 3.627 7.802 12.000 76232.000
2.602 3.758 7.975 9.000 76241.000
2.614 3.730 7.987 9.000 76250.000
2.659 3.758 7.896 13.000 76263.000
2.659 3.816 7.869 7.000 76270.000
2.664 3.885 7.900 12.000 76282.000
2.662 3.971 7.991 9.000 76291.000
2.669 4.103 8.133 10.000 76301.000
2.722 4.206 8.209 11.000 76312.000
2.822 4.331 8.276 9.000 76321.000
2.930 4.438 8.283 10.000 76331.000
3.004 4.450 8.264 10.000 76341.000
3.035 4.479 8.259 10.000 76351.000
3.019 4.486 8.264 11.000 76362.000
2.935 4.460 8.245 8.000 76370.000
2.825 4.443 8.236 11.000 76381.000
2.779 4.352 8.030 10.000 76391.000
2.827 4.187 8.224 10.000 76401.000
2.942 4.055 8.441 10.000 76411.000
2.370 3.598 8.753 9.000 76420.000
2.023 3.696 8.887 10.000 76430.000
1.582 3.869 8.621 11.000 76441.000
1.491 4.108 8.267 10.000 76451.000
2.087 4.673 7.819 10.000 76461.000
2.873 4.455 7.675 10.000 76471.000
3.318 4.486 7.821 9.000 76480.000
3.414 4.450 8.056 11.000 76491.000
3.208 4.299 8.264 10.000 76501.000
2.564 4.474 8.468 10.000 76511.000
2.260 4.400 8.382 10.000 76521.000
2.006 4.288 8.367 9.000 76530.000
2.054 4.290 8.379 11.000 76541.000
2.315 4.199 8.346 10.000 76551.000
2.657 4.015 8.243 10.000 76561.000
2.949 3.869 8.068 10.000 76571.000
3.189 3.514 7.709 10.000 76581.000
3.217 3.213 7.455 11.000 76592.000
3.299 3.306 7.489 9.000 76601.000
3.071 3.394 7.592 10.000 76611.000
2.896 3.691 7.879 10.000 76621.000
2.693 4.046 8.173 10.000 76631.000
2.449 4.089 8.312 11.000 76642.000
2.513 4.137 8.382 9.000 76651.000
2.547 4.177 8.520 9.000 76660.000
2.609 4.161 8.652 12.000 76672.000
2.580 4.201 8.616 8.000 76680.000
2.552 4.197 8.523 12.000 76692.000
2.554 4.199 8.360 9.000 76701.000
2.638 4.232 8.188 9.000 76710.000
2.719 4.218 8.121 12.000 76722.000
2.662 4.242 8.164 8.000 76730.000
2.650 4.225 8.154 11.000 76741.000
2.557 4.177 8.154 10.000 76751.000
2.626 4.115 8.123 9.000 76760.000
2.834 4.060 8.039 12.000 76772.000
3.023 4.024 8.027 8.000 76780.000
3.095 3.957 8.070 11.000 76791.000
3.004 3.904 8.145 10.000 76801.000
2.973 3.804 8.176 9.000 76810.000
2.916 3.725 8.188 11.000 76821.000
3.059 3.703 8.104 10.000 76831.000
3.004 3.706 8.010 10.000 76841.000
2.889 3.756 7.960 10.000 76851.000
2.703 3.847 7.872 10.000 76861.000
2.576 4.173 7.809 11.000 76872.000
2.647 4.474 7.757 8.000 76880.000
2.688 4.271 7.812 11.000 76891.000
2.801 4.027 7.905 9.000 76900.000
2.808 3.790 8.113 10.000 76910.000
2.791 3.632 8.183 11.000 76921.000
2.806 3.979 8.145 10.000 76931.000
2.920 4.295 8.214 10.000 76941.000
2.908 4.292 8.133 11.000 76952.000
2.920 4.211 8.190 8.000 76960.000
2.904 4.151 8.252 13.000 76973.000
2.786 4.122 8.207 7.000 76980.000
2.755 4.060 8.264 11.000 76991.000
2.667 3.943 8.298 10.000 77001.000
2.607 3.804 8.327 10.000 77011.000
2.576 3.588 8.343 11.000 77022.000
2.547 3.457 8.307 8.000 77030.000
2.554 3.505 8.281 11.000 77041.000
2.679 3.696 8.231 9.000 77050.000
2.774 3.964 8.192 10.000 77060.000
2.885 4.292 8.075 11.000 77071.000
3.016 4.496 7.972 10.000 77081.000
3.028 4.644 8.070 9.000 77090.000
3.009 4.527 8.006 12.000 77102.000
2.975 4.350 8.020 8.000 77110.000
3.287 4.359 7.967 12.000 77122.000
3.423 4.601 7.984 9.000 77131.000
3.591 5.109 8.164 10.000 77141.000
3.646 5.353 8.252 11.000 77152.000
3.356 5.410 8.408 8.000 77160.000
3.177 5.006 8.221 11.000 77171.000
2.971 4.534 8.080 10.000 77181.000
2.877 4.326 8.030 10.000 77191.000
2.832 4.050 8.008 11.000 77202.000
2.853 3.916 8.082 8.000 77210.000
2.880 3.811 8.092 10.000 77220.000
2.870 3.782 8.039 12.000 77232.000
2.813 3.821 7.958 8.000 77240.000
2.940 3.943 7.886 12.000 77252.000
3.229 4.132 7.742 8.000 77260.000
3.555 4.244 7.661 11.000 77271.000
3.672 4.149 7.675 11.000 77282.000
3.605 3.969 7.680 9.000 77291.000
3.134 3.825 7.955 10.000 77301.000
2.760 3.706 8.094 9.000 77310.000
2.595 3.794 8.137 10.000 77320.000
2.827 3.766 8.049 13.000 77333.000
3.323 3.672 7.781 7.000 77340.000
4.084 3.572 7.563 11.000 77351.000
4.453 3.751 7.527 10.000 77361.000
4.424 4.048 7.623 9.000 77370.000
3.948 4.340 7.802 13.000 77383.000
3.107 4.616 8.068 7.000 77390.000
2.564 4.486 8.238 11.000 77401.000
2.229 4.271 8.293 10.000 77411.000
2.341 4.060 8.264 9.000 77420.000
2.640 3.957 8.171 13.000 77433.000
3.038 3.952 7.963 7.000 77440.000
3.227 4.034 7.869 11.000 77451.000
3.366 4.060 7.807 10.000 77461.000
3.318 3.979 7.809 10.000 77471.000
3.265 3.916 7.888 11.000 77482.000
3.239 3.912 7.977 9.000 77491.000
3.263 3.962 8.034 10.000 77501.000
3.301 4.022 8.109 10.000 77511.000
3.342 4.089 8.135 10.000 77521.000
3.344 4.108 8.140 11.000 77532.000
3.268 4.077 8.183 9.000 77541.000
3.177 4.036 8.209 10.000 77551.000
3.100 3.986 8.192 11.000 77562.000
3.066 3.962 8.152 8.000 77570.000
3.112 3.988 8.073 12.000 77582.000
3.177 4.000 8.008 9.000 77591.000
3.227 4.022 7.987 9.000 77600.000
3.208 4.027 8.030 12.000 77612.000
3.167 4.062 8.063 8.000 77620.000
3.107 4.113 8.082 12.000 77632.000
3.035 4.161 8.092 9.000 77641.000
3.002 4.189 8.073 9.000 77650.000
2.985 4.194 8.058 12.000 77662.000
2.961 4.216 8.039 8.000 77670.000
2.949 4.240 8.030 12.000 77682.000
2.887 4.261 8.027 8.000 77690.000
2.786 4.242 8.039 10.000 77700.000
2.693 4.206 8.056 12.000 77712.000
2.633 4.168 8.061 8.000 77720.000
2.679 4.127 7.936 12.000 77732.000
2.767 4.120 7.802 9.000 77741.000
3.921 4.031 7.244 9.000 77750.000
3.670 3.960 7.357 21.000 77771.000
3.363 3.892 7.592 9.000 77780.000
2.647 3.746 8.013 12.000 77792.000
1.177 3.651 8.647 8.000 77800.000
1.079 3.541 8.623 10.000 77810.000
1.431 3.615 8.477 10.000 77820.000
2.135 3.914 8.231 11.000 77831.000
2.528 4.244 8.195 10.000 77841.000
2.806 4.522 8.274 8.000 77849.000
2.633 4.616 8.475 11.000 77860.000
2.437 4.501 8.571 11.000 77871.000
2.185 4.367 8.705 9.000 77880.000
2.049 4.285 8.724 11.000 77891.000
1.788 4.173 8.868 8.000 77899.000
1.429 4.062 9.234 13.000 77912.000
1.125 3.971 9.562 7.000 77919.000
0.952 3.895 9.799 10.000 77929.000
0.905 3.849 9.911 14.000 77943.000
2.059 4.151 8.774 6.000 77949.000
3.172 4.381 7.924 10.000 77959.000
4.153 4.596 7.165 10.000 77969.000
4.563 4.510 6.804 30.000 77999.000
3.821 4.220 7.393 10.000 78009.000
3.119 4.003 7.694 10.000 78019.000
2.391 3.828 8.006 12.000 78031.000
2.236 3.955 7.920 9.000 78040.000
2.284 4.017 7.970 9.000 78049.000
2.468 4.127 8.013 10.000 78059.000
2.679 4.194 8.046 10.000 78069.000
2.978 4.252 8.118 10.000 78079.000
3.203 4.290 8.149 10.000 78089.000
3.301 4.290 8.180 10.000 78099.000
3.323 4.321 8.248 10.000 78109.000
3.256 4.362 8.276 10.000 78119.000
3.119 4.381 8.334 10.000 78129.000
2.987 4.355 8.346 11.000 78140.000
2.932 4.297 8.322 9.000 78149.000
2.904 4.225 8.259 10.000 78159.000
2.944 4.175 8.169 10.000 78169.000
2.985 4.137 8.118 10.000 78179.000
3.011 4.094 8.066 10.000 78189.000
3.011 4.065 8.051 10.000 78199.000
2.997 4.043 8.030 10.000 78209.000
2.968 4.046 8.020 10.000 78219.000
2.925 4.031 8.015 10.000 78229.000
2.877 3.998 8.001 10.000 78239.000
2.844 3.957 7.994 10.000 78249.000
2.806 3.948 7.999 10.000 78259.000
2.784 3.981 8.020 10.000 78269.000
2.767 4.034 8.051 10.000 78279.000
2.760 4.091 8.113 10.000 78289.000
2.758 4.118 8.164 10.000 78299.000
2.822 4.120 8.180 10.000 78309.000
2.935 4.096 8.176 10.000 78319.000
3.038 4.067 8.140 10.000 78329.000
3.098 3.976 8.106 21.000 78350.000
3.102 3.888 8.087 10.000 78360.000
3.007 3.816 8.090 10.000 78370.000
2.911 3.744 8.092 10.000 78380.000
2.849 3.744 8.090 10.000 78390.000
2.813 3.730 8.063 10.000 78400.000
2.829 3.725 8.037 10.000 78410.000
2.853 3.749 8.015 10.000 78420.000
2.887 3.763 7.996 10.000 78430.000
2.865 3.859 8.066 10.000 78440.000
2.851 4.024 8.149 10.000 78450.000
2.829 4.161 8.228 10.000 78460.000
2.832 4.292 8.259 10.000 78470.000
2.863 4.357 8.226 10.000 78480.000
2.880 4.309 8.157 11.000 78491.000
2.829 4.249 8.094 9.000 78500.000
2.755 4.194 8.080 10.000 78510.000
2.604 4.144 8.092 10.000 78520.000
2.482 4.091 8.106 10.000 78530.000
2.427 4.050 8.113 10.000 78540.000
2.477 4.003 8.113 10.000 78550.000
2.604 3.950 8.087 10.000 78560.000
2.774 3.962 8.109 10.000 78570.000
2.956 4.015 8.123 10.000 78580.000
3.033 4.074 8.145 11.000 78591.000
3.066 4.118 8.176 9.000 78600.000
3.035 4.141 8.178 10.000 78610.000
2.952 4.067 8.192 10.000 78620.000
2.870 3.950 8.197 10.000 78630.000
2.832 3.849 8.192 10.000 78640.000
2.815 3.761 8.159 10.000 78650.000
2.837 3.766 8.118 10.000 78660.000
2.856 3.813 8.087 10.000 78670.000
2.892 3.837 8.068 12.000 78682.000
2.906 3.849 8.078 8.000 78690.000
3.007 3.785 8.039 11.000 78701.000
3.134 3.737 7.972 10.000 78711.000
3.244 3.713 7.893 13.000 78724.000
3.253 3.761 7.826 7.000 78731.000
3.179 3.849 7.809 10.000 78741.000
2.932 3.969 7.924 11.000 78752.000
2.679 4.118 8.082 8.000 78760.000
2.525 4.194 8.228 13.000 78773.000
2.475 4.338 8.341 8.000 78781.000
2.588 4.446 8.389 10.000 78791.000
2.707 4.525 8.394 11.000 78802.000
2.841 4.599 8.403 9.000 78811.000
2.873 4.606 8.446 10.000 78821.000
2.870 4.544 8.379 10.000 78831.000
2.822 4.398 8.310 10.000 78841.000
2.760 4.256 8.236 11.000 78852.000
2.746 4.096 8.185 8.000 78860.000
2.748 3.993 8.207 10.000 78870.000
2.851 3.943 8.228 12.000 78882.000
3.035 3.873 8.209 9.000 78891.000
3.172 3.823 8.166 11.000 78902.000
3.359 3.739 8.101 8.000 78910.000
3.493 3.713 8.046 10.000 78920.000
3.545 3.706 8.032 10.000 78930.000
3.552 3.694 7.991 10.000 78940.000
3.509 3.715 7.972 10.000 78950.000
3.421 3.730 7.960 10.000 78960.000
3.260 3.758 7.972 10.000 78970.000
3.145 3.792 8.010 10.000 78980.000
3.016 3.873 8.082 10.000 78990.000
2.940 3.971 8.135 11.000 79001.000
2.935 4.055 8.164 9.000 79010.000
2.961 4.204 8.171 10.000 79020.000
3.002 4.304 8.145 10.000 79030.000
3.009 4.352 8.125 10.000 79040.000
3.016 4.400 8.106 10.000 79050.000
2.942 4.350 8.109 10.000 79060.000
2.844 4.297 8.094 10.000 79070.000
2.770 4.261 8.078 10.000 79080.000
2.715 4.230 8.034 11.000 79091.000
2.758 4.170 7.979 10.000 79101.000
2.825 4.113 7.941 10.000 79111.000
2.932 4.029 7.891 9.000 79120.000
3.031 3.945 7.874 12.000 79132.000
3.081 3.924 7.869 8.000 79140.000
3.112 3.828 7.896 10.000 79150.000
3.102 3.758 7.934 10.000 79160.000
3.105 3.677 7.948 12.000 79172.000
3.107 3.596 7.963 8.000 79180.000
3.110 3.648 7.958 10.000 79190.000
3.102 3.727 7.987 10.000 79200.000
3.074 3.813 8.032 11.000 79211.000
3.076 3.904 8.092 15.000 79226.000
3.124 3.964 8.140 4.000 79230.000
3.181 3.998 8.154 11.000 79241.000
3.191 4.058 8.171 11.000 79252.000
3.169 4.113 8.173 9.000 79261.000
3.859 4.079 7.702 10.000 79271.000
3.588 3.983 7.690 11.000 79282.000
3.064 3.950 7.991 14.000 79296.000
2.540 3.916 8.293 4.000 79300.000
1.278 3.943 9.069 10.000 79310.000
0.797 4.062 9.375 10.000 79320.000
0.991 4.163 9.090 10.000 79330.000
1.185 4.264 8.805 11.000 79341.000
1.613 4.453 8.477 10.000 79351.000
2.346 4.584 8.250 11.000 79362.000
2.705 4.647 8.298 8.000 79370.000
3.033 4.623 8.382 12.000 79382.000
3.126 4.510 8.508 9.000 79391.000
3.016 4.364 8.640 10.000 79401.000
2.918 4.199 8.676 20.000 79421.000
2.942 4.204 8.291 9.000 79430.000
2.966 4.209 7.905 10.000 79440.000
2.987 4.185 7.592 10.000 79450.000
2.987 4.024 7.510 11.000 79461.000
2.896 3.780 7.814 9.000 79470.000
2.906 3.608 8.070 10.000 79480.000
3.031 3.636 8.111 10.000 79490.000
3.165 3.821 8.015 10.000 79500.000
3.222 4.005 7.951 9.000 79509.000
3.179 4.118 7.934 10.000 79519.000
3.026 4.139 7.979 10.000 79529.000
2.825 4.113 8.010 10.000 79539.000
2.700 4.086 8.010 11.000 79550.000
2.580 4.036 8.037 9.000 79559.000
2.537 3.964 8.049 10.000 79569.000
2.609 3.933 8.075 11.000 79580.000
2.765 3.924 8.097 9.000 79589.000
2.916 3.938 8.092 10.000 79599.000
3.069 3.998 8.099 10.000 79609.000
3.155 4.065 8.106 10.000 79619.000
3.090 4.110 8.164 12.000 79631.000
3.026 4.127 8.224 8.000 79639.000
2.959 4.098 8.271 10.000 79649.000
2.949 4.086 8.293 10.000 79659.000
3.014 4.070 8.216 10.000 79669.000
3.078 4.082 8.137 11.000 79680.000
3.088 4.039 8.075 9.000 79689.000
3.040 3.979 8.039 10.000 79699.000
2.942 3.912 8.044 10.000 79709.000
2.851 3.861 8.037 10.000 79719.000
2.815 3.866 8.013 11.000 79730.000
2.817 3.883 7.979 9.000 79739.000
2.863 3.912 7.958 10.000 79749.000
2.899 3.948 7.994 10.000 79759.000
2.944 3.993 8.066 10.000 79769.000
2.952 4.027 8.147 11.000 79780.000
3.007 4.096 8.219 9.000 79789.000
3.083 4.139 8.243 10.000 79799.000
3.150 4.173 8.231 10.000 79809.000
3.172 4.182 8.173 10.000 79819.000
3.145 4.156 8.125 11.000 79830.000
3.045 4.132 8.111 10.000 79840.000
2.896 4.101 8.080 10.000 79850.000
2.794 4.094 8.094 10.000 79860.000
2.698 4.103 8.094 10.000 79870.000
2.657 4.113 8.063 10.000 79880.000
2.784 4.134 8.054 10.000 79890.000
2.966 4.158 8.037 10.000 79900.000
3.141 4.165 8.034 10.000 79910.000
3.263 4.127 8.037 10.000 79920.000
3.239 4.060 8.044 10.000 79930.000
3.160 3.991 8.058 10.000 79940.000
3.078 3.900 8.061 10.000 79950.000
3.050 3.854 8.058 10.000 79960.000
3.086 3.888 8.068 10.000 79970.000
3.117 3.969 7.948 10.000 79980.000
3.150 4.072 7.841 10.000 79990.000
3.093 4.089 7.924 10.000 80000.000
2.997 4.050 7.987 10.000 80010.000
2.875 3.971 8.113 10.000 80020.000
2.782 3.971 8.248 10.000 80030.000
2.779 4.058 8.190 10.000 80040.000
2.801 4.144 8.140 10.000 80050.000
2.875 4.218 8.173 10.000 80060.000
2.920 4.213 8.200 10.000 80070.000
2.968 4.185 8.221 10.000 80080.000
2.992 4.156 8.236 10.000 80090.000
3.021 4.108 8.185 10.000 80100.000
2.985 4.039 8.152 10.000 80110.000
2.947 3.993 8.123 10.000 80120.000
2.846 3.904 8.130 10.000 80130.000
2.719 3.840 8.183 10.000 80140.000
2.722 3.828 8.173 10.000 80150.000
2.798 3.835 8.133 10.000 80160.000
2.937 3.885 8.056 10.000 80170.000
3.117 3.983 8.010 10.000 80180.000
3.141 4.019 8.034 10.000 80190.000
3.090 4.036 8.090 10.000 80200.000
3.004 4.077 8.147 10.000 80210.000
2.877 4.070 8.173 10.000 80220.000
2.858 4.118 8.164 10.000 80230.000
2.853 4.213 8.164 10.000 80240.000
2.885 4.285 8.161 10.000 80250.000
2.863 4.319 8.204 10.000 80260.000
2.825 4.328 8.259 10.000 80270.000
2.779 4.264 8.293 10.000 80280.000
2.779 4.165 8.305 10.000 80290.000
2.832 4.106 8.271 10.000 80300.000
2.889 4.017 8.262 10.000 80310.000
2.956 3.974 8.264 10.000 80320.000
2.978 3.964 8.288 10.000 80330.000
2.997 3.938 8.319 10.000 80340.000
3.011 3.940 8.327 10.000 80350.000
3.016 3.916 8.276 10.000 80360.000
3.002 3.904 8.231 10.000 80370.000
2.990 3.909 8.178 10.000 80380.000
2.954 3.916 8.113 10.000 80390.000
2.911 3.931 8.106 10.000 80400.000
2.875 3.928 8.133 10.000 80410.000
2.882 3.902 8.097 10.000 80420.000
2.913 3.873 8.073 10.000 80430.000
2.985 3.823 8.051 10.000 80440.000
3.095 3.727 8.006 10.000 80450.000
3.162 3.655 8.022 10.000 80460.000
3.253 3.598 8.075 10.000 80470.000
3.303 3.562 8.125 10.000 80480.000
3.351 3.512 8.116 10.000 80490.000
3.402 3.473 8.090 10.000 80500.000
3.428 3.421 8.027 10.000 80510.000
3.394 3.433 7.965 10.000 80520.000
3.337 3.509 7.948 10.000 80530.000
3.181 3.579 7.955 10.000 80540.000
2.990 3.584 8.061 10.000 80550.000
2.858 3.524 8.166 10.000 80560.000
2.755 3.435 8.262 10.000 80570.000
2.748 3.342 8.350 10.000 80580.000
2.846 3.394 8.267 10.000 80590.000
2.892 3.536 8.224 10.000 80600.000
2.908 3.706 8.190 10.000 80610.000
2.844 3.916 8.281 10.000 80620.000
2.688 4.072 8.489 10.000 80630.000
2.585 4.139 8.657 10.000 80640.000
2.322 4.189 8.906 10.000 80650.000
2.140 4.199 9.030 10.000 80660.000
2.353 4.232 8.772 10.000 80670.000
2.360 4.098 8.511 10.000 80680.000
2.528 3.981 8.169 10.000 80690.000
2.537 3.823 7.855 10.000 80700.000
2.173 3.615 7.881 10.000 80710.000
2.121 3.682 7.778 10.000 80720.000
2.135 3.751 7.745 10.000 80730.000
2.308 3.861 7.682 10.000 80740.000
2.348 3.854 7.671 10.000 80750.000
2.310 3.663 7.781 10.000 80760.000
2.205 3.469 7.821 10.000 80770.000
2.305 3.325 7.747 10.000 80780.000
2.537 3.299 7.623 10.000 80790.000
2.901 3.488 7.620 10.000 80800.000
3.234 3.660 7.721 10.000 80810.000
3.361 3.782 7.936 10.000 80820.000
3.363 3.928 8.238 10.000 80830.000
3.208 3.936 8.427 10.000 80840.000
3.052 4.000 8.516 10.000 80850.000
2.875 4.129 8.609 10.000 80860.000
2.822 4.235 8.616 10.000 80870.000
2.712 4.381 8.662 10.000 80880.000
2.573 4.546 8.729 10.000 80890.000
2.456 4.647 8.791 10.000 80900.000
2.420 4.754 8.765 10.000 80910.000
2.442 4.821 8.700 10.000 80920.000
2.588 4.793 8.678 10.000 80930.000
2.530 4.716 8.415 10.000 80940.000
2.391 4.632 8.240 10.000 80950.000
2.231 4.551 8.173 10.000 80960.000
2.006 4.505 8.039 10.000 80970.000
2.013 4.525 8.078 10.000 80980.000
1.948 4.539 8.142 10.000 80990.000
1.905 4.551 8.099 10.000 81000.000
1.898 4.484 7.972 10.000 81010.000
1.946 4.378 7.912 10.000 81020.000
2.066 4.278 7.826 10.000 81030.000
2.334 4.115 7.697 10.000 81040.000
2.566 4.031 7.651 10.000 81050.000
2.801 3.991 7.630 10.000 81060.000
3.007 4.139 7.694 10.000 81070.000
3.064 4.350 7.802 10.000 81080.000
2.978 4.613 7.855 10.000 81090.000
2.806 4.855 7.886 10.000 81100.000
2.542 4.908 7.960 10.000 81110.000
2.236 4.884 8.075 10.000 81120.000
2.073 4.807 8.245 10.000 81130.000
2.075 4.738 8.343 10.000 81140.000
2.262 4.704 8.257 10.000 81150.000
2.492 4.747 8.130 10.000 81160.000
2.631 4.800 8.020 10.000 81170.000
2.604 4.845 7.982 10.000 81180.000
2.451 4.872 8.056 10.000 81190.000
2.300 4.874 8.116 10.000 81200.000
2.240 4.867 8.159 10.000 81210.000
2.243 4.896 8.173 10.000 81220.000
2.308 4.908 8.130 10.000 81230.000
2.401 4.967 8.113 10.000 81240.000
2.535 4.994 8.125 10.000 81250.000
2.607 4.984 8.166 10.000 81260.000
2.681 4.944 8.183 10.000 81270.000
2.726 4.855 8.109 10.000 81280.000
2.731 4.800 8.006 10.000 81290.000
2.681 4.747 7.872 10.000 81300.000
2.628 4.726 7.762 10.000 81310.000
2.552 4.721 7.728 10.000 81320.000
2.504 4.750 7.730 10.000 81330.000
2.511 4.776 7.764 10.000 81340.000
2.521 4.876 7.819 10.000 81350.000
2.552 4.984 7.876 10.000 81360.000
2.494 5.068 7.908 10.000 81370.000
2.413 5.106 7.912 10.000 81380.000
2.329 5.070 7.896 10.000 81390.000
2.262 5.046 7.896 10.000 81400.000
2.255 5.013 7.886 10.000 81410.000
2.358 4.982 7.879 10.000 81420.000
2.489 4.958 7.900 10.000 81430.000
2.604 4.922 7.905 10.000 81440.000
2.662 4.876 7.908 10.000 81450.000
2.614 4.869 7.896 10.000 81460.000
2.537 4.855 7.855 10.000 81470.000
2.494 4.853 7.800 10.000 81480.000
2.509 4.860 7.747 10.000 81490.000
2.482 4.833 7.766 10.000 81500.000
2.504 4.802 7.785 10.000 81510.000
2.492 4.759 7.819 10.000 81520.000
2.542 4.707 7.802 10.000 81530.000
2.652 4.692 7.752 10.000 81540.000
2.691 4.663 7.730 10.000 81550.000
2.631 4.620 7.781 10.000 81560.000
2.509 4.587 7.881 10.000 81570.000
2.363 4.642 7.953 10.000 81580.000
2.274 4.752 7.931 10.000 81590.000
2.284 4.876 7.838 10.000 81600.000
2.319 4.841 7.709 10.000 81610.000
2.379 4.716 7.608 10.000 81620.000
2.382 4.606 7.671 10.000 81630.000
2.255 4.539 7.862 13.000 81643.000
2.102 4.632 8.090 7.000 81650.000
1.889 4.797 8.382 10.000 81660.000
1.699 4.912 8.576 10.000 81670.000
1.635 4.944 8.659 10.000 81680.000
1.541 4.934 8.705 10.000 81690.000
1.474 4.903 8.607 14.000 81704.000
1.407 4.872 8.508 10.000 81714.000
1.386 4.805 8.300 6.000 81720.000
1.632 4.663 7.941 20.000 81740.000
1.912 4.472 7.661 10.000 81750.000
2.516 4.194 7.345 10.000 81760.000
2.995 4.034 7.278 11.000 81771.000
3.234 3.988 7.400 9.000 81780.000
3.256 4.101 7.589 9.000 81789.000
2.954 4.299 7.814 10.000 81799.000
2.566 4.534 7.915 10.000 81809.000
2.142 4.735 8.056 10.000 81819.000
1.936 4.778 8.130 11.000 81830.000
1.833 4.824 8.171 11.000 81841.000
1.970 4.807 8.166 8.000 81849.000
2.142 4.824 8.121 10.000 81859.000
2.300 4.783 8.061 10.000 81869.000
2.355 4.740 8.034 11.000 81880.000
2.303 4.668 8.034 9.000 81889.000
2.267 4.606 8.063 10.000 81899.000
2.245 4.601 8.106 10.000 81909.000
2.272 4.570 8.130 10.000 81919.000
2.336 4.553 8.140 11.000 81930.000
2.413 4.510 8.109 9.000 81939.000
2.523 4.441 8.039 10.000 81949.000
2.585 4.398 7.989 10.000 81959.000
2.659 4.362 7.924 11.000 81970.000
2.707 4.338 7.908 9.000 81979.000
2.686 4.352 7.941 20.000 81999.000
2.664 4.367 7.975 10.000 82009.000
2.559 4.378 8.032 10.000 82019.000
2.470 4.371 8.054 11.000 82030.000
2.418 4.352 8.063 9.000 82039.000
2.384 4.407 8.066 11.000 82050.000
2.422 4.458 8.058 9.000 82059.000
2.427 4.570 8.044 11.000 82070.000
2.339 4.647 8.042 9.000 82079.000
2.245 4.639 8.013 20.000 82099.000
2.152 4.632 7.984 10.000 82109.000
2.092 4.611 7.960 10.000 82119.000
2.106 4.630 7.982 10.000 82129.000
2.106 4.659 8.037 10.000 82139.000
2.087 4.699 8.097 10.000 82149.000
2.075 4.747 8.140 10.000 82159.000
2.082 4.790 8.125 10.000 82169.000
2.121 4.812 8.116 10.000 82179.000
2.178 4.821 8.101 11.000 82190.000
2.224 4.759 8.068 10.000 82200.000
2.269 4.702 8.042 10.000 82210.000
2.284 4.666 8.010 10.000 82220.000
2.267 4.575 7.967 10.000 82230.000
2.236 4.525 7.963 10.000 82240.000
2.207 4.436 7.967 10.000 82250.000
2.161 4.395 7.951 10.000 82260.000
2.147 4.410 7.946 10.000 82270.000
2.147 4.465 7.946 10.000 82280.000
2.164 4.551 8.006 10.000 82290.000
2.197 4.589 8.087 10.000 82300.000
2.322 4.620 8.133 10.000 82310.000
2.432 4.611 8.173 10.000 82320.000
2.612 4.606 8.085 10.000 82330.000
2.746 4.582 7.984 10.000 82340.000
2.789 4.565 7.920 10.000 82350.000
2.774 4.570 7.910 10.000 82360.000
2.671 4.572 7.953 10.000 82370.000
2.602 4.625 8.015 10.000 82380.000
2.561 4.663 8.020 10.000 82390.000
2.578 4.680 7.970 10.000 82400.000
2.588 4.680 7.898 10.000 82410.000
2.564 4.632 7.831 10.000 82420.000
2.511 4.599 7.821 10.000 82430.000
2.535 4.589 7.821 10.000 82440.000
2.566 4.596 7.843 10.000 82450.000
2.698 4.623 7.869 10.000 82460.000
2.813 4.630 7.900 10.000 82470.000
2.851 4.613 7.922 10.000 82480.000
2.839 4.551 7.927 10.000 82490.000
2.772 4.486 7.915 10.000 82500.000
2.645 4.465 7.862 10.000 82510.000
2.456 4.479 7.819 10.000 82520.000
2.317 4.539 7.793 10.000 82530.000
2.224 4.606 7.814 10.000 82540.000
2.255 4.604 7.852 10.000 82550.000
2.348 4.565 7.881 10.000 82560.000
2.430 4.572 7.874 10.000 82570.000
2.466 4.572 7.819 10.000 82580.000
2.303 4.699 7.785 10.000 82590.000
2.080 4.797 7.788 10.000 82600.000
1.869 4.850 7.826 10.000 82610.000
1.766 4.910 7.939 10.000 82620.000
1.814 4.888 8.049 10.000 82630.000
2.044 4.888 8.123 10.000 82640.000
2.293 4.903 8.145 10.000 82650.000
2.434 4.910 8.092 10.000 82660.000
2.468 4.900 8.010 10.000 82670.000
2.348 4.836 7.946 10.000 82680.000
2.209 4.757 7.934 10.000 82690.000
2.157 4.673 7.917 10.000 82700.000
2.212 4.606 7.929 10.000 82710.000
2.360 4.668 7.934 10.000 82720.000
2.506 4.742 7.977 10.000 82730.000
2.566 4.821 8.025 10.000 82740.000
2.600 4.932 8.063 10.000 82750.000
2.571 4.975 8.092 10.000 82760.000
2.501 4.996 8.044 10.000 82770.000
2.403 4.977 7.991 10.000 82780.000
2.331 4.927 7.948 10.000 82790.000
2.312 4.853 7.898 10.000 82800.000
2.377 4.795 7.900 10.000 82810.000
2.470 4.778 7.908 10.000 82820.000
2.473 4.790 7.920 10.000 82830.000
2.422 4.826 7.939 10.000 82840.000
2.238 4.881 7.908 10.000 82850.000
2.051 4.912 7.912 10.000 82860.000
1.956 4.915 7.912 10.000 82870.000
1.903 4.903 7.920 10.000 82880.000
1.944 4.865 7.963 10.000 82890.000
1.991 4.932 7.996 10.000 82900.000
2.018 5.020 8.061 10.000 82910.000
2.001 5.123 8.118 10.000 82920.000
1.972 5.171 8.161 10.000 82930.000
1.953 5.169 8.145 10.000 82940.000
1.956 5.145 8.097 10.000 82950.000
1.965 5.092 8.061 10.000 82960.000
1.987 5.094 8.039 10.000 82970.000
1.989 5.044 8.022 10.000 82980.000
2.006 4.972 7.996 10.000 82990.000
2.015 4.929 7.958 10.000 83000.000
2.042 4.905 7.931 10.000 83010.000
2.073 4.903 7.934 10.000 83020.000
2.149 4.934 7.908 10.000 83030.000
2.164 4.975 7.927 10.000 83040.000
2.161 4.996 7.934 10.000 83050.000
2.193 5.044 7.948 10.000 83060.000
2.164 5.080 8.001 10.000 83070.000
2.003 5.185 8.046 10.000 83080.000
1.908 5.224 7.963 10.000 83090.000
1.778 5.236 7.872 10.000 83100.000
1.656 5.204 7.896 10.000 83110.000
1.778 5.082 7.876 10.000 83120.000
1.836 5.027 7.987 10.000 83130.000
1.891 4.979 8.046 12.000 83142.000
1.972 4.917 7.975 11.000 83153.000
2.003 4.867 7.908 6.000 83159.000
2.092 4.642 7.831 10.000 83169.000
2.183 4.410 7.805 10.000 83179.000
2.181 4.240 7.793 10.000 83189.000
2.178 4.070 7.781 10.000 83199.000
2.068 4.098 7.776 10.000 83209.000
1.939 4.232 7.809 11.000 83220.000
1.869 4.362 7.845 10.000 83230.000
1.881 4.587 7.960 9.000 83239.000
2.015 4.896 8.133 10.000 83249.000
2.169 5.099 8.267 10.000 83259.000
2.138 5.319 8.427 10.000 83269.000
2.025 5.444 8.508 10.000 83279.000
1.697 5.396 8.547 10.000 83289.000
1.328 5.288 8.585 10.000 83299.000
1.144 5.164 8.597 10.000 83309.000
0.962 5.049 8.647 10.000 83319.000
0.924 4.999 8.686 11.000 83330.000
1.079 4.996 8.664 9.000 83339.000
1.498 4.975 8.386 10.000 83349.000
1.915 4.944 8.070 10.000 83359.000
2.463 4.845 7.627 11.000 83370.000
2.707 4.680 7.359 10.000 83380.000
2.688 4.534 7.347 10.000 83390.000
2.535 4.515 7.395 10.000 83400.000
2.250 4.563 7.570 10.000 83410.000
2.142 4.702 7.589 10.000 83420.000
2.056 4.805 7.625 10.000 83430.000
2.104 4.781 7.601 10.000 83440.000
2.252 4.783 7.577 10.000 83450.000
2.375 4.774 7.594 10.000 83460.000
2.499 4.802 7.654 10.000 83470.000
2.626 4.867 7.762 10.000 83480.000
2.652 4.905 7.869 10.000 83490.000
2.674 4.953 7.994 10.000 83500.000
2.676 5.018 8.018 10.000 83510.000
2.676 5.046 7.994 10.000 83520.000
2.645 5.078 7.953 10.000 83530.000
2.619 5.099 7.896 10.000 83540.000
2.566 5.023 7.922 10.000 83550.000
2.537 4.872 7.924 9.000 83559.000
2.540 4.718 7.943 10.000 83569.000
2.602 4.539 7.898 11.000 83580.000
2.686 4.438 7.809 9.000 83589.000
2.738 4.402 7.726 10.000 83599.000
2.722 4.364 7.668 10.000 83609.000
2.645 4.352 7.675 11.000 83620.000
2.530 4.369 7.709 9.000 83629.000
2.382 4.405 7.778 10.000 83639.000
