# Accelerometer Data File
# 
#
#
# sensor Vendor: Bosch
# sensor Name: BMA254
# sensor Resolution: 0.009576807m/sec^2; Max Range: 39.2; Min Delay: 10000 microseconds
# The sensor's attributes are the result hardware and the Android capabilities.
# It means that the Android may not utilize all features provided by the hardware.
#
# Some devices and Android versions save battery too much so the device may go to sleep.
# It just happens after couple of minutes from turning off the scree and it is easy to find it out.
#
# The following file provides the data from accelerometer in the m/s^2 format.
# The diff value is just a time delta between the samples
#
#
# data format:
# so we have 4 columns with values separated by the " "
# X Y Z time_from_previous_sample(ms)

# sensor speed set to:FASTEST
# units set to: m/sec^2
# gravity NOT filtered out
# Accuracy: HIGH
-10.081 -4.299 2.185 11.000 65490.000
-9.959 -4.137 2.116 9.000 65499.000
-9.730 -4.039 1.900 13.000 65512.000
-9.581 -3.940 1.721 8.000 65520.000
-9.411 -3.885 1.424 9.000 65529.000
-9.323 -3.916 1.163 13.000 65542.000
-9.244 -3.919 1.029 7.000 65549.000
-9.165 -3.921 0.895 10.000 65559.000
-9.100 -3.816 0.861 13.000 65572.000
-8.983 -3.646 0.811 7.000 65579.000
-8.923 -3.517 0.778 10.000 65589.000
-8.789 -3.349 0.735 14.000 65603.000
-8.652 -3.294 0.770 6.000 65609.000
-8.568 -3.303 0.823 11.000 65620.000
-8.537 -3.234 0.955 9.000 65629.000
-8.580 -3.203 1.096 10.000 65639.000
-8.664 -3.023 1.233 11.000 65650.000
-8.829 -2.877 1.398 13.000 65663.000
-8.942 -2.810 1.484 7.000 65670.000
-9.165 -2.758 1.589 9.000 65679.000
-9.454 -2.765 1.647 15.000 65694.000
-9.662 -2.738 1.675 5.000 65699.000
-9.945 -2.657 1.666 10.000 65709.000
-10.117 -2.561 1.637 14.000 65723.000
-10.235 -2.391 1.659 6.000 65729.000
-10.395 -2.104 1.742 11.000 65740.000
-10.481 -1.872 1.865 13.000 65753.000
-10.615 -1.522 1.953 6.000 65759.000
-10.706 -1.288 1.982 11.000 65770.000
-10.817 -1.125 1.860 9.000 65779.000
-10.884 -1.003 1.697 10.000 65789.000
-10.903 -0.998 1.568 12.000 65801.000
-10.862 -0.984 1.446 8.000 65809.000
-10.759 -1.015 1.412 11.000 65820.000
-10.663 -0.893 1.508 12.000 65832.000
-10.515 -0.622 1.800 8.000 65840.000
-10.426 -0.361 2.085 9.000 65849.000
-10.357 -0.105 2.492 10.000 65859.000
-10.433 -0.074 2.806 10.000 65869.000
-10.563 -0.191 2.923 10.000 65879.000
-10.745 -0.476 3.052 10.000 65889.000
-10.907 -0.756 3.059 10.000 65899.000
-11.046 -1.022 3.124 10.000 65909.000
-11.173 -1.345 3.292 12.000 65921.000
-11.247 -1.501 3.447 8.000 65929.000
-11.271 -1.867 3.646 10.000 65939.000
-11.171 -2.219 3.876 13.000 65952.000
-11.082 -2.513 4.003 7.000 65959.000
-10.963 -1.829 4.015 11.000 65970.000
-10.893 -0.933 3.983 9.000 65979.000
-10.884 -0.102 3.995 10.000 65989.000
-10.910 0.553 4.249 10.000 65999.000
-10.967 0.229 4.618 10.000 66009.000
-10.903 -0.014 5.097 11.000 66020.000
-10.817 -0.110 5.449 9.000 66029.000
-10.505 0.181 5.621 11.000 66040.000
-10.081 0.646 5.865 9.000 66049.000
-9.780 1.031 5.999 12.000 66061.000
-9.425 1.386 6.124 8.000 66069.000
-9.260 1.527 6.186 10.000 66079.000
-8.844 1.616 6.131 14.000 66093.000
-8.353 1.742 6.153 6.000 66099.000
-7.915 1.900 6.184 10.000 66109.000
-7.582 2.171 6.411 15.000 66124.000
-7.453 2.710 6.813 5.000 66129.000
-7.398 3.210 7.139 11.000 66140.000
-7.173 4.048 7.457 13.000 66153.000
-6.842 4.774 7.580 6.000 66159.000
-6.536 4.874 7.587 10.000 66169.000
-6.200 4.912 7.625 10.000 66179.000
-6.035 4.613 7.671 10.000 66189.000
-5.755 4.575 7.905 11.000 66200.000
-5.612 4.774 8.125 9.000 66209.000
-5.700 5.140 8.566 11.000 66220.000
-5.916 5.561 8.899 10.000 66230.000
-6.246 5.722 9.042 13.000 66243.000
-6.241 5.906 8.935 6.000 66249.000
-5.820 5.904 8.513 10.000 66259.000
-5.272 5.846 8.200 13.000 66272.000
-5.068 5.645 7.536 8.000 66280.000
-5.200 5.420 7.125 10.000 66290.000
-5.758 5.001 6.517 9.000 66299.000
-5.999 4.558 5.714 21.000 66320.000
-5.600 4.283 4.924 9.000 66329.000
-5.200 4.007 4.134 10.000 66339.000
-4.268 3.971 3.421 10.000 66349.000
-3.272 3.964 2.772 13.000 66362.000
-2.573 3.933 2.461 8.000 66370.000
-1.726 3.871 2.176 10.000 66380.000
-1.249 3.833 1.980 10.000 66390.000
-1.154 3.790 1.912 13.000 66403.000
-1.003 3.658 1.829 6.000 66409.000
-1.000 3.557 1.719 11.000 66420.000
-0.780 3.406 1.726 14.000 66434.000
-0.536 3.167 1.723 5.000 66439.000
-0.347 3.016 1.738 12.000 66451.000
-0.081 2.868 1.936 19.000 66470.000
0.134 2.875 2.300 12.000 66482.000
0.433 3.023 2.722 8.000 66490.000
0.732 3.172 3.143 9.000 66499.000
1.146 3.318 3.545 15.000 66514.000
1.537 3.390 3.828 6.000 66520.000
1.819 3.409 4.062 10.000 66530.000
2.355 3.481 4.187 10.000 66540.000
2.700 3.552 4.146 9.000 66549.000
3.488 3.663 3.931 12.000 66561.000
4.541 3.813 3.713 9.000 66570.000
5.341 3.912 3.605 9.000 66579.000
5.978 3.766 3.387 14.000 66593.000
6.081 3.562 3.275 6.000 66599.000
5.992 3.124 3.354 11.000 66610.000
5.815 2.533 3.387 10.000 66620.000
5.801 2.185 3.531 10.000 66630.000
5.765 1.747 3.691 9.000 66639.000
5.906 1.486 3.835 13.000 66652.000
6.136 1.379 4.024 8.000 66660.000
6.416 1.194 4.790 14.000 66674.000
6.718 1.101 5.540 5.000 66679.000
6.727 0.924 5.992 11.000 66690.000
6.196 0.490 7.036 24.000 66714.000
5.147 -0.325 8.532 6.000 66720.000
4.098 -1.142 10.029 10.000 66730.000
2.782 -1.321 11.724 11.000 66741.000
1.953 -0.584 12.607 11.000 66752.000
1.592 0.612 12.461 7.000 66759.000
1.108 1.790 12.050 11.000 66770.000
0.933 2.432 11.563 10.000 66780.000
1.120 2.221 10.982 13.000 66793.000
1.479 1.862 10.565 7.000 66800.000
1.960 1.522 10.414 9.000 66809.000
2.238 1.048 10.263 12.000 66821.000
2.003 0.849 10.273 8.000 66829.000
1.596 0.799 10.117 11.000 66840.000
1.046 0.699 9.756 9.000 66849.000
0.634 0.577 9.390 14.000 66863.000
0.426 0.371 9.179 7.000 66870.000
0.239 0.246 8.757 9.000 66879.000
0.196 0.172 8.542 13.000 66892.000
0.337 0.445 8.063 12.000 66904.000
0.478 0.718 7.584 5.000 66909.000
0.689 0.936 7.419 11.000 66920.000
0.770 1.572 7.395 12.000 66932.000
0.732 2.018 7.639 11.000 66943.000
0.454 2.674 7.472 6.000 66949.000
0.079 3.083 7.343 10.000 66959.000
-0.167 3.074 7.072 11.000 66970.000
-0.974 2.130 7.323 13.000 66983.000
-1.541 0.976 7.987 6.000 66989.000
-2.767 -0.809 9.081 11.000 67000.000
-4.328 -1.663 10.156 9.000 67009.000
-5.329 -1.584 10.709 11.000 67020.000
-6.399 -1.271 11.291 9.000 67029.000
-6.804 -0.105 11.300 11.000 67040.000
-6.751 -0.277 11.221 9.000 67049.000
-6.141 -0.720 11.116 10.000 67059.000
-5.461 -1.398 10.982 11.000 67070.000
-4.232 -2.003 10.927 9.000 67079.000
-2.896 -1.872 10.963 12.000 67091.000
-2.118 -1.470 11.025 11.000 67102.000
-1.137 -0.931 11.077 7.000 67109.000
-0.703 -0.464 11.051 11.000 67120.000
-0.363 -0.538 11.097 9.000 67129.000
0.052 -0.823 11.087 13.000 67142.000
0.265 -1.244 11.087 7.000 67149.000
0.442 -1.814 11.075 10.000 67159.000
0.483 -2.173 11.008 10.000 67169.000
0.914 -2.202 10.637 12.000 67181.000
1.537 -2.044 10.170 8.000 67189.000
2.195 -1.738 9.715 10.000 67199.000
2.839 -1.144 9.176 10.000 67209.000
2.959 -0.495 9.203 12.000 67221.000
2.887 -0.033 9.325 8.000 67229.000
2.688 0.737 9.629 11.000 67240.000
2.504 1.221 10.017 9.000 67249.000
2.154 1.762 10.275 12.000 67261.000
1.520 2.592 10.819 8.000 67269.000
1.012 3.114 11.180 10.000 67279.000
0.514 3.766 11.676 11.000 67290.000
-0.014 4.359 11.992 23.000 67313.000
0.112 4.936 12.035 7.000 67320.000
0.239 5.513 12.078 9.000 67329.000
0.656 5.870 11.753 10.000 67339.000
1.326 6.052 11.530 10.000 67349.000
1.252 5.659 11.032 10.000 67359.000
0.962 5.123 10.302 14.000 67373.000
0.373 4.678 9.806 6.000 67379.000
-0.122 4.333 9.215 10.000 67389.000
-0.512 4.345 9.014 14.000 67403.000
-0.687 4.501 9.045 6.000 67409.000
-0.962 4.745 9.198 11.000 67420.000
-1.357 4.932 9.504 14.000 67434.000
-1.484 5.063 9.684 5.000 67439.000
-1.572 5.202 9.744 10.000 67449.000
-1.561 5.252 9.682 14.000 67463.000
-1.544 5.286 9.481 7.000 67470.000
-1.527 5.319 9.279 9.000 67479.000
-1.592 5.482 9.119 15.000 67494.000
-1.692 5.774 8.959 5.000 67499.000
-1.771 6.040 8.880 10.000 67509.000
-1.877 6.418 8.664 15.000 67524.000
-1.968 6.730 8.540 5.000 67529.000
-2.023 6.912 8.415 11.000 67540.000
-2.176 7.082 8.348 9.000 67549.000
-2.303 7.139 8.418 10.000 67559.000
-2.430 7.216 8.463 11.000 67570.000
-2.511 7.352 8.619 10.000 67580.000
-2.494 7.501 8.717 9.000 67589.000
-2.387 7.611 8.815 12.000 67601.000
-2.250 7.632 8.925 8.000 67609.000
-2.068 7.539 8.801 11.000 67620.000
-1.996 7.465 8.659 9.000 67629.000
-2.015 7.429 8.518 10.000 67639.000
-2.164 7.465 8.413 10.000 67649.000
-2.427 7.608 8.528 11.000 67660.000
-2.580 7.733 8.659 10.000 67670.000
-2.703 7.898 8.851 9.000 67679.000
-2.638 8.054 8.959 12.000 67691.000
-2.549 8.157 8.971 8.000 67699.000
-2.470 8.286 8.889 10.000 67709.000
-2.422 8.374 8.748 11.000 67720.000
-2.518 8.377 8.609 9.000 67729.000
-2.614 8.379 8.470 10.000 67739.000
-2.722 8.298 8.384 12.000 67751.000
-2.770 8.161 8.245 9.000 67760.000
-2.731 8.049 8.152 10.000 67770.000
-2.662 7.912 8.018 9.000 67779.000
-2.528 7.781 7.886 15.000 67794.000
-2.454 7.704 7.807 5.000 67799.000
-2.339 7.601 7.711 10.000 67809.000
-2.214 7.498 7.575 14.000 67823.000
-2.133 7.448 7.477 6.000 67829.000
-2.011 7.374 7.278 10.000 67839.000
-1.929 7.326 7.096 14.000 67853.000
-1.898 7.271 6.907 6.000 67859.000
-1.867 7.216 6.718 11.000 67870.000
-1.908 7.132 6.667 9.000 67879.000
-1.924 7.058 6.694 10.000 67889.000
-1.932 7.015 6.809 10.000 67899.000
-1.905 6.988 6.971 10.000 67909.000
-1.833 6.995 7.041 15.000 67924.000
-1.786 6.993 7.034 5.000 67929.000
-1.675 6.991 7.000 10.000 67939.000
-1.599 6.971 6.919 10.000 67949.000
-1.505 7.000 6.845 10.000 67959.000
-1.350 7.005 6.732 11.000 67970.000
-1.256 7.010 6.646 10.000 67980.000
-1.019 7.000 6.497 13.000 67993.000
-0.814 6.962 6.397 6.000 67999.000
-0.478 6.971 6.162 10.000 68009.000
-0.093 7.010 5.889 11.000 68020.000
0.148 7.062 5.679 10.000 68030.000
0.373 7.089 5.470 9.000 68039.000
0.368 7.077 5.374 10.000 68049.000
0.313 7.036 5.317 10.000 68059.000
0.339 7.036 5.106 13.000 68072.000
0.509 7.101 4.572 11.000 68083.000
0.718 7.180 4.098 7.000 68090.000
0.988 7.264 3.315 9.000 68099.000
1.177 7.307 2.686 11.000 68110.000
1.244 7.362 2.149 11.000 68121.000
1.209 7.410 1.412 13.000 68134.000
1.110 7.453 0.984 5.000 68139.000
0.847 7.433 0.507 11.000 68150.000
0.579 7.364 0.258 9.000 68159.000
0.158 7.261 0.167 11.000 68170.000
-0.490 7.105 0.112 10.000 68180.000
-0.974 7.012 0.105 9.000 68189.000
-1.541 6.909 0.131 11.000 68200.000
-1.853 6.847 0.201 9.000 68209.000
-1.841 6.835 0.304 11.000 68220.000
-1.623 6.849 0.462 10.000 68230.000
-1.321 6.873 0.586 10.000 68240.000
-1.170 6.775 0.701 9.000 68249.000
-1.115 6.679 0.746 14.000 68263.000
-1.960 6.430 0.955 7.000 68270.000
-3.258 6.042 1.462 10.000 68280.000
-4.405 5.777 1.980 11.000 68291.000
-5.521 5.334 2.590 8.000 68299.000
-5.942 5.018 2.983 10.000 68309.000
-5.123 4.922 3.009 11.000 68320.000
-3.466 5.035 2.861 9.000 68329.000
-1.841 5.324 2.619 10.000 68339.000
0.361 5.722 2.267 10.000 68349.000
2.264 6.026 1.980 11.000 68360.000
3.330 6.121 1.867 10.000 68370.000
4.627 6.153 2.197 9.000 68379.000
5.348 6.076 2.638 11.000 68390.000
5.439 5.899 3.148 9.000 68399.000
5.367 5.549 3.845 10.000 68409.000
5.063 5.264 4.098 11.000 68420.000
4.589 4.697 4.764 9.000 68429.000
4.256 4.242 5.363 10.000 68439.000
3.507 3.730 6.110 10.000 68449.000
2.382 3.150 7.038 10.000 68459.000
1.426 2.853 7.556 11.000 68470.000
0.383 2.456 8.293 9.000 68479.000
0.090 2.250 8.664 11.000 68490.000
0.174 2.111 8.853 11.000 68501.000
0.732 2.018 9.074 12.000 68513.000
1.379 2.025 9.074 11.000 68524.000
1.946 2.166 9.119 5.000 68529.000
2.250 2.188 9.404 10.000 68539.000
2.080 2.164 9.658 10.000 68549.000
2.205 2.221 9.904 10.000 68559.000
2.236 2.183 10.137 11.000 68570.000
2.291 2.377 10.206 9.000 68579.000
2.061 2.592 10.113 10.000 68589.000
1.537 2.726 10.026 10.000 68599.000
1.115 2.767 9.950 10.000 68609.000
1.110 2.710 9.868 10.000 68619.000
1.391 2.631 9.950 10.000 68629.000
1.731 2.849 9.737 10.000 68639.000
1.968 3.160 9.514 10.000 68649.000
1.991 3.493 9.165 10.000 68659.000
2.317 3.696 8.657 10.000 68669.000
2.583 3.603 8.444 10.000 68679.000
2.999 3.229 8.020 10.000 68689.000
3.452 2.820 7.651 10.000 68699.000
3.327 2.774 7.462 10.000 68709.000
3.078 2.671 7.295 11.000 68720.000
2.679 2.849 7.338 9.000 68729.000
2.305 2.995 7.481 10.000 68739.000
2.161 2.920 7.735 10.000 68749.000
2.142 2.904 7.967 10.000 68759.000
2.272 2.930 8.240 10.000 68769.000
2.375 2.987 8.413 10.000 68779.000
2.590 2.942 8.458 11.000 68790.000
2.719 2.794 8.640 10.000 68800.000
2.700 2.602 8.781 9.000 68809.000
2.604 2.439 9.057 11.000 68820.000
2.442 2.365 9.327 10.000 68830.000
2.205 2.387 9.504 10.000 68840.000
2.006 2.281 9.672 10.000 68850.000
1.884 2.147 9.706 10.000 68860.000
2.039 1.956 9.746 10.000 68870.000
2.568 1.656 9.818 10.000 68880.000
3.059 1.484 9.900 10.000 68890.000
3.469 1.261 10.129 10.000 68900.000
3.600 1.096 10.352 10.000 68910.000
3.579 1.127 10.618 10.000 68920.000
3.581 1.182 11.075 10.000 68930.000
3.665 1.288 11.384 10.000 68940.000
3.610 1.283 11.935 10.000 68950.000
3.495 1.197 12.368 10.000 68960.000
3.402 1.003 12.615 10.000 68970.000
3.509 0.928 12.555 10.000 68980.000
3.756 0.964 12.253 10.000 68990.000
4.094 1.180 11.779 10.000 69000.000
4.527 1.726 11.070 10.000 69010.000
4.759 2.152 10.668 10.000 69020.000
4.929 2.856 10.098 10.000 69030.000
5.008 3.380 9.701 10.000 69040.000
4.635 3.924 9.603 10.000 69050.000
3.993 4.678 9.696 10.000 69060.000
3.414 5.154 9.957 10.000 69070.000
2.657 5.719 10.570 10.000 69080.000
2.212 6.019 11.113 10.000 69090.000
1.960 6.311 11.475 10.000 69100.000
1.795 6.883 11.743 10.000 69110.000
1.807 7.366 11.659 10.000 69120.000
1.740 7.924 11.314 10.000 69130.000
1.965 8.382 10.812 10.000 69140.000
2.104 8.559 10.402 10.000 69150.000
2.513 8.932 9.655 10.000 69160.000
3.002 9.232 9.169 10.000 69170.000
3.181 9.593 8.686 10.000 69180.000
3.349 9.998 8.051 10.000 69190.000
3.246 10.206 7.754 10.000 69200.000
3.110 10.479 7.331 10.000 69210.000
3.064 10.587 7.053 10.000 69220.000
2.961 10.697 6.835 10.000 69230.000
2.837 10.625 6.476 10.000 69240.000
2.746 10.488 6.244 10.000 69250.000
2.612 10.254 5.872 10.000 69260.000
2.504 9.964 5.461 10.000 69270.000
2.418 9.856 5.190 10.000 69280.000
2.365 9.698 4.848 10.000 69290.000
2.355 9.639 4.644 10.000 69300.000
2.482 9.643 4.541 10.000 69310.000
2.731 9.847 4.453 10.000 69320.000
2.947 10.101 4.436 10.000 69330.000
3.148 10.469 4.537 10.000 69340.000
3.256 10.783 4.668 10.000 69350.000
3.363 10.951 5.023 10.000 69360.000
3.371 11.128 5.559 10.000 69370.000
3.392 11.190 5.978 10.000 69380.000
3.318 11.283 6.399 10.000 69390.000
3.122 11.324 6.584 10.000 69400.000
2.971 11.149 6.557 10.000 69410.000
2.782 10.450 6.533 10.000 69420.000
2.688 9.720 6.507 10.000 69430.000
2.573 9.615 6.490 10.000 69440.000
2.533 9.957 6.433 10.000 69450.000
2.530 10.824 6.373 10.000 69460.000
2.466 11.058 5.841 10.000 69470.000
2.422 10.668 5.300 10.000 69480.000
2.547 9.837 4.424 10.000 69490.000
2.782 9.042 2.978 10.000 69500.000
3.078 8.880 2.003 10.000 69510.000
3.210 8.585 0.797 10.000 69520.000
3.155 8.489 -0.004 10.000 69530.000
2.722 7.912 -0.459 10.000 69540.000
2.133 7.058 -1.249 10.000 69550.000
1.709 6.335 -1.807 10.000 69560.000
1.144 5.544 -2.372 10.000 69570.000
0.711 5.018 -2.741 10.000 69580.000
0.433 4.769 -2.774 10.000 69590.000
0.146 4.383 -2.552 10.000 69600.000
0.000 4.065 -2.322 10.000 69610.000
0.205 3.960 -2.288 10.000 69620.000
-0.361 3.392 -2.454 10.000 69630.000
-0.919 2.961 -2.875 10.000 69640.000
-1.498 2.396 -2.803 10.000 69650.000
-2.293 1.800 -2.509 10.000 69660.000
-1.810 1.824 -1.704 10.000 69670.000
-1.268 1.666 -0.835 10.000 69680.000
-0.706 1.642 -0.459 10.000 69690.000
-0.198 1.450 -0.117 10.000 69700.000
-0.090 1.204 0.035 10.000 69710.000
-0.040 1.139 0.124 10.000 69720.000
0.277 1.223 0.526 10.000 69730.000
0.651 1.474 0.962 10.000 69740.000
1.118 1.625 1.553 10.000 69750.000
1.731 1.766 2.240 10.000 69760.000
2.075 1.759 2.614 10.000 69770.000
2.566 1.810 3.009 10.000 69780.000
2.858 1.857 3.126 10.000 69790.000
3.224 1.991 3.598 10.000 69800.000
3.749 2.269 4.467 10.000 69810.000
4.127 2.489 5.315 10.000 69820.000
4.527 2.798 6.533 10.000 69830.000
4.750 2.865 7.632 10.000 69840.000
4.814 2.789 8.334 10.000 69850.000
5.039 2.688 9.035 10.000 69860.000
5.243 2.499 9.366 10.000 69870.000
5.396 2.540 9.081 10.000 69880.000
5.511 2.523 10.218 10.000 69890.000
5.465 2.530 11.355 10.000 69900.000
4.690 2.583 11.875 10.000 69910.000
3.921 2.571 12.679 10.000 69920.000
2.212 2.535 11.923 10.000 69930.000
0.713 2.703 11.281 10.000 69940.000
-0.055 2.825 11.257 10.000 69950.000
-0.304 2.973 10.800 10.000 69960.000
0.720 2.932 10.079 10.000 69970.000
1.534 2.688 9.244 10.000 69980.000
2.327 2.420 8.252 10.000 69990.000
2.600 2.126 7.694 10.000 70000.000
2.643 2.262 7.453 10.000 70010.000
2.470 2.288 7.254 10.000 70020.000
2.319 2.339 7.211 10.000 70030.000
1.666 2.475 7.326 10.000 70040.000
0.948 2.451 7.527 10.000 70050.000
0.167 2.545 7.795 11.000 70061.000
-0.837 2.533 8.343 9.000 70070.000
-1.340 2.434 8.734 9.000 70079.000
-1.953 2.559 9.294 10.000 70089.000
-2.288 2.676 9.744 10.000 70099.000
-2.418 3.055 9.811 10.000 70109.000
-2.473 3.076 9.991 11.000 70120.000
-2.418 2.875 10.000 9.000 70129.000
-2.501 2.528 10.110 10.000 70139.000
-2.743 2.197 10.323 10.000 70149.000
-3.059 2.224 10.424 10.000 70159.000
-3.260 2.219 10.417 10.000 70169.000
-3.323 2.360 10.309 10.000 70179.000
-2.978 2.284 10.074 10.000 70189.000
-2.451 2.238 9.811 10.000 70199.000
-2.039 2.224 9.655 10.000 70209.000
-1.601 2.169 9.490 11.000 70220.000
-1.393 2.159 9.452 9.000 70229.000
-1.482 1.989 9.516 10.000 70239.000
-1.625 1.668 9.634 10.000 70249.000
-1.795 1.388 9.761 10.000 70259.000
-1.891 1.065 9.943 12.000 70271.000
-1.738 0.912 10.091 9.000 70280.000
-1.529 0.909 10.187 10.000 70290.000
-1.462 0.864 10.309 10.000 70300.000
-1.470 0.861 10.376 10.000 70310.000
-1.774 0.852 10.402 10.000 70320.000
-2.183 0.711 10.529 10.000 70330.000
-2.451 0.612 10.630 10.000 70340.000
-2.533 0.445 10.596 10.000 70350.000
-2.451 0.244 10.563 10.000 70360.000
-2.013 0.411 10.376 10.000 70370.000
-1.537 0.658 9.969 10.000 70380.000
-1.247 0.974 9.696 10.000 70390.000
-0.919 1.192 9.172 10.000 70400.000
-0.658 0.991 8.382 10.000 70410.000
-0.435 0.711 7.812 10.000 70420.000
-0.169 0.339 7.084 10.000 70430.000
0.057 0.067 6.607 10.000 70440.000
-0.179 -0.069 6.658 10.000 70450.000
-0.964 -0.201 7.170 10.000 70460.000
-1.793 -0.241 7.841 10.000 70470.000
-3.462 -0.201 8.746 10.000 70480.000
-4.850 -0.114 9.442 10.000 70490.000
-6.512 0.229 9.560 9.000 70499.000
-8.070 0.538 9.540 10.000 70509.000
-8.789 0.766 9.287 11.000 70520.000
-8.923 0.797 8.999 9.000 70529.000
-8.051 0.799 8.815 10.000 70539.000
-7.283 0.837 8.767 10.000 70549.000
-6.438 1.101 8.573 10.000 70559.000
-6.177 1.561 8.413 11.000 70570.000
-5.856 1.889 7.991 9.000 70579.000
-5.583 2.439 7.551 10.000 70589.000
-5.386 2.765 7.256 10.000 70599.000
-5.882 3.203 7.134 10.000 70609.000
-6.622 3.538 7.287 11.000 70620.000
-7.991 3.574 7.668 9.000 70629.000
-9.686 3.615 8.073 11.000 70640.000
-10.690 3.543 8.305 10.000 70650.000
-11.432 3.806 8.312 10.000 70660.000
-11.343 4.367 8.159 10.000 70670.000
-10.929 4.922 7.982 9.000 70679.000
-10.611 5.528 8.066 11.000 70690.000
-10.553 5.798 8.374 10.000 70700.000
-10.481 5.827 8.832 10.000 70710.000
-10.359 5.901 9.078 10.000 70720.000
-10.141 5.925 9.064 10.000 70730.000
-10.093 5.940 8.901 10.000 70740.000
-10.213 5.975 8.542 10.000 70750.000
-10.431 6.107 8.312 10.000 70760.000
-10.575 6.289 8.030 10.000 70770.000
-10.548 6.481 7.896 10.000 70780.000
-10.357 6.612 7.733 10.000 70790.000
-9.854 6.660 7.687 10.000 70800.000
-9.425 6.658 7.694 10.000 70810.000
-8.810 6.701 7.778 10.000 70820.000
-8.360 6.804 7.891 10.000 70830.000
-8.169 7.012 8.147 10.000 70840.000
-7.912 7.390 8.473 10.000 70850.000
-7.843 7.723 8.722 10.000 70860.000
-7.508 8.183 8.949 10.000 70870.000
-7.177 8.480 8.997 10.000 70880.000
-6.634 8.592 8.889 10.000 70890.000
-6.138 8.796 8.983 10.000 70900.000
-5.908 8.872 9.097 10.000 70910.000
-5.748 9.088 9.483 10.000 70920.000
-5.700 9.361 10.046 10.000 70930.000
-5.604 9.543 10.407 10.000 70940.000
-5.300 9.600 10.716 10.000 70950.000
-4.927 9.519 10.754 10.000 70960.000
-4.491 9.366 10.558 10.000 70970.000
-3.881 9.129 10.283 10.000 70980.000
-3.478 9.016 10.060 10.000 70990.000
-2.777 8.810 9.739 10.000 71000.000
-2.303 8.633 9.562 10.000 71010.000
-1.584 8.171 9.313 10.000 71020.000
-0.545 7.867 9.028 10.000 71030.000
0.193 7.656 8.841 10.000 71040.000
1.029 8.621 8.894 10.000 71050.000
1.199 9.241 8.947 10.000 71060.000
1.048 9.703 9.035 10.000 71070.000
1.043 9.947 8.777 10.000 71080.000
0.943 9.016 8.279 10.000 71090.000
1.278 8.518 7.553 10.000 71100.000
1.829 8.006 6.612 10.000 71110.000
2.233 7.711 6.019 10.000 71120.000
2.559 6.622 5.451 10.000 71130.000
2.695 5.813 5.262 10.000 71140.000
2.540 5.200 5.066 10.000 71150.000
2.288 4.831 4.759 10.000 71160.000
2.116 5.257 4.426 10.000 71170.000
1.915 5.798 4.019 10.000 71180.000
1.790 6.157 3.835 10.000 71190.000
2.020 6.689 3.742 10.000 71200.000
2.023 7.280 3.366 10.000 71210.000
2.054 7.757 3.064 10.000 71220.000
2.171 7.340 2.722 10.000 71230.000
2.087 6.129 2.133 10.000 71240.000
2.231 4.857 1.826 10.000 71250.000
2.451 3.344 1.137 10.000 71260.000
2.585 2.724 0.488 10.000 71270.000
2.585 2.528 0.208 10.000 71280.000
2.585 2.573 -0.079 10.000 71290.000
2.509 2.861 0.016 10.000 71300.000
2.236 3.107 0.146 10.000 71310.000
2.039 3.308 0.172 10.000 71320.000
2.023 3.148 0.174 10.000 71330.000
2.300 2.928 0.014 10.000 71340.000
2.774 2.748 -0.179 10.000 71350.000
3.256 2.482 -0.550 9.000 71359.000
3.684 2.138 -0.713 11.000 71370.000
3.818 1.853 -0.713 10.000 71380.000
4.199 1.513 -0.600 10.000 71390.000
4.572 1.259 -0.311 10.000 71400.000
4.951 1.120 -0.131 10.000 71410.000
5.664 0.976 -0.062 10.000 71420.000
6.131 0.888 -0.105 10.000 71430.000
6.557 0.586 -0.330 10.000 71440.000
6.852 0.368 -0.622 10.000 71450.000
6.452 -0.126 -0.237 10.000 71460.000
5.956 -0.679 0.471 10.000 71470.000
5.501 -1.019 1.362 10.000 71480.000
5.080 -1.465 2.585 10.000 71490.000
5.331 -1.663 3.584 10.000 71500.000
5.679 -1.805 4.259 10.000 71510.000
6.282 -1.908 4.697 10.000 71520.000
6.852 -1.905 4.802 10.000 71530.000
6.964 -1.965 5.133 10.000 71540.000
6.785 -2.178 5.997 10.000 71550.000
6.349 -2.430 7.098 10.000 71560.000
5.554 -2.782 9.047 10.000 71570.000
4.903 -3.035 10.429 10.000 71580.000
4.053 -2.966 11.662 10.000 71590.000
3.265 -2.408 12.389 10.000 71600.000
2.837 -1.750 12.270 10.000 71610.000
2.298 -0.921 11.772 10.000 71620.000
2.248 -0.313 10.256 10.000 71630.000
2.135 -0.193 9.246 10.000 71640.000
2.396 -0.160 7.943 10.000 71650.000
2.767 -0.296 7.019 10.000 71660.000
3.485 -0.435 6.325 10.000 71670.000
3.998 -0.550 6.021 10.000 71680.000
4.137 -0.579 6.009 10.000 71690.000
3.768 -0.617 6.339 10.000 71700.000
3.055 -0.603 7.072 10.000 71710.000
1.889 -1.024 7.675 10.000 71720.000
0.651 -1.632 8.604 10.000 71730.000
-0.079 -2.231 9.191 10.000 71740.000
-0.699 -2.458 9.588 10.000 71750.000
-0.914 -1.932 9.744 10.000 71760.000
-1.058 -1.218 9.574 10.000 71770.000
-1.690 -0.818 9.627 10.000 71780.000
-2.432 -0.790 9.868 10.000 71790.000
-2.964 -1.209 9.938 10.000 71800.000
-3.394 -1.647 9.971 9.000 71809.000
-3.337 -1.771 9.782 11.000 71820.000
-3.227 -1.862 9.466 10.000 71830.000
-3.074 -1.848 9.303 10.000 71840.000
-2.817 -1.728 9.200 10.000 71850.000
-2.430 -1.450 9.210 10.000 71860.000
-2.094 -1.206 9.346 10.000 71870.000
-1.934 -1.046 9.651 10.000 71880.000
-2.262 -1.043 9.995 10.000 71890.000
-2.722 -1.199 10.228 10.000 71900.000
-3.473 -1.436 10.508 10.000 71910.000
-4.050 -1.589 10.620 10.000 71920.000
-4.223 -1.630 10.826 10.000 71930.000
-4.520 -1.750 10.982 10.000 71940.000
-4.525 -1.788 11.089 10.000 71950.000
-4.685 -1.877 11.123 10.000 71960.000
-4.965 -2.006 10.998 10.000 71970.000
-4.893 -1.826 10.955 10.000 71980.000
-4.319 -1.527 10.776 10.000 71990.000
-3.588 -1.177 10.670 9.000 71999.000
-2.765 -0.972 10.498 10.000 72009.000
-2.202 -1.187 10.208 11.000 72020.000
-2.142 -1.522 10.055 9.000 72029.000
-2.032 -1.862 9.818 11.000 72040.000
-2.015 -2.059 9.648 9.000 72049.000
-1.989 -2.082 9.572 11.000 72060.000
-2.226 -2.205 9.572 10.000 72070.000
-2.513 -2.322 9.655 9.000 72079.000
-3.090 -2.408 9.854 11.000 72090.000
-3.643 -2.475 10.046 10.000 72100.000
-4.134 -2.456 10.067 10.000 72110.000
-4.817 -2.640 9.864 10.000 72120.000
-5.209 -2.856 9.545 10.000 72130.000
-5.772 -3.126 9.196 10.000 72140.000
-6.133 -3.385 8.939 10.000 72150.000
-6.382 -3.454 8.767 10.000 72160.000
-6.799 -3.493 8.367 10.000 72170.000
-7.046 -3.476 7.999 10.000 72180.000
-7.776 -3.464 7.429 10.000 72190.000
-8.801 -3.210 7.225 10.000 72200.000
-9.658 -2.987 7.249 10.000 72210.000
-10.764 -2.375 7.757 10.000 72220.000
-11.386 -1.757 8.465 10.000 72230.000
-11.484 -1.173 9.172 10.000 72240.000
-11.281 -0.569 9.753 10.000 72250.000
-10.828 -0.356 9.852 10.000 72260.000
-10.151 -0.136 9.895 10.000 72270.000
-9.624 -0.110 9.715 10.000 72280.000
-9.323 -0.244 9.722 10.000 72290.000
-8.985 -0.469 9.459 10.000 72300.000
-8.872 -0.701 9.251 10.000 72310.000
-8.705 -1.010 8.717 10.000 72320.000
-8.698 -1.168 8.080 10.000 72330.000
-8.726 -1.235 7.714 10.000 72340.000
-8.992 -1.158 7.398 9.000 72349.000
-9.313 -1.005 7.407 10.000 72359.000
-9.497 -0.739 7.532 11.000 72370.000
-9.483 -0.399 7.589 10.000 72380.000
-9.232 -0.203 7.596 9.000 72389.000
-8.805 0.162 7.501 10.000 72399.000
-8.374 0.548 7.311 14.000 72413.000
-8.142 0.859 7.189 7.000 72420.000
-7.817 1.247 7.070 9.000 72429.000
-7.666 1.465 7.053 10.000 72439.000
-7.510 1.630 7.115 10.000 72449.000
-7.225 1.764 7.134 10.000 72459.000
-7.034 1.821 7.151 11.000 72470.000
-6.607 1.850 7.067 9.000 72479.000
-6.244 1.790 6.924 11.000 72490.000
-5.947 1.824 6.670 9.000 72499.000
-5.724 1.889 6.368 10.000 72509.000
-5.760 1.934 6.184 20.000 72529.000
-5.796 1.980 5.999 10.000 72539.000
-5.961 1.956 6.066 11.000 72550.000
-6.143 1.874 6.332 9.000 72559.000
-6.301 1.841 6.581 11.000 72570.000
-6.552 1.819 6.904 9.000 72579.000
-6.828 1.793 7.089 10.000 72589.000
-7.012 1.793 7.122 15.000 72604.000
-7.120 1.807 7.062 5.000 72609.000
-7.134 1.810 6.928 11.000 72620.000
-6.998 1.776 6.914 11.000 72631.000
-7.015 1.721 7.067 8.000 72639.000
-7.108 1.651 7.314 11.000 72650.000
-7.326 1.584 7.728 9.000 72659.000
-7.603 1.565 8.063 11.000 72670.000
-7.793 1.460 8.377 12.000 72682.000
-7.924 1.376 8.638 8.000 72690.000
-7.931 1.290 8.731 9.000 72699.000
-8.054 1.534 8.781 10.000 72709.000
-8.398 1.680 8.736 11.000 72720.000
-8.801 1.805 8.743 13.000 72733.000
-9.433 1.965 8.841 6.000 72739.000
-9.950 1.795 8.983 10.000 72749.000
-10.192 1.991 9.131 10.000 72759.000
-10.393 2.485 9.291 11.000 72770.000
-10.364 2.942 9.361 9.000 72779.000
-10.278 3.622 9.248 20.000 72799.000
-9.983 4.180 8.848 10.000 72809.000
-9.574 4.489 8.121 10.000 72819.000
-9.165 4.797 7.393 10.000 72829.000
-8.698 5.008 6.557 10.000 72839.000
-8.382 5.439 5.901 10.000 72849.000
-8.221 5.822 5.561 10.000 72859.000
-8.106 6.227 5.185 10.000 72869.000
-8.106 6.507 5.099 10.000 72879.000
-8.188 6.528 4.905 10.000 72889.000
-8.195 6.593 4.522 10.000 72899.000
-8.157 6.636 4.175 12.000 72911.000
-7.917 6.619 3.648 8.000 72919.000
-7.642 6.603 3.280 10.000 72929.000
-7.254 6.433 3.066 10.000 72939.000
-6.761 6.083 2.750 10.000 72949.000
-6.469 5.793 2.614 10.000 72959.000
-5.973 5.439 2.171 10.000 72969.000
-5.374 5.351 1.716 11.000 72980.000
-4.881 5.442 1.364 9.000 72989.000
-3.799 5.770 1.328 10.000 72999.000
-2.920 6.162 1.599 12.000 73011.000
-2.396 6.265 2.104 8.000 73019.000
-2.331 6.057 2.616 10.000 73029.000
-2.856 5.612 2.813 10.000 73039.000
-3.562 5.068 2.770 10.000 73049.000
-4.204 4.659 2.537 10.000 73059.000
-4.273 4.663 1.939 10.000 73069.000
-3.548 4.800 1.194 10.000 73079.000
-2.640 5.035 0.689 10.000 73089.000
-0.940 5.566 0.095 10.000 73099.000
0.646 5.995 -0.138 10.000 73109.000
1.424 6.505 -0.328 10.000 73119.000
1.857 7.129 -0.519 11.000 73130.000
1.498 7.457 -0.622 10.000 73140.000
1.359 8.049 -0.651 9.000 73149.000
1.529 8.655 -0.572 10.000 73159.000
2.044 9.145 -0.490 10.000 73169.000
2.559 9.674 -0.418 10.000 73179.000
2.853 9.940 -0.421 10.000 73189.000
2.990 9.598 -0.469 11.000 73200.000
3.167 9.346 -0.363 9.000 73209.000
3.344 9.057 -0.248 11.000 73220.000
4.062 9.222 0.079 10.000 73230.000
4.644 9.768 0.445 10.000 73240.000
4.577 10.187 1.017 9.000 73249.000
3.421 10.508 1.687 10.000 73259.000
1.723 10.374 2.145 11.000 73270.000
-0.181 10.223 2.695 10.000 73280.000
-1.659 9.423 3.110 10.000 73290.000
-2.047 8.722 3.426 9.000 73299.000
-2.202 7.173 3.651 11.000 73310.000
-2.149 5.640 3.782 10.000 73320.000
-1.419 4.431 3.608 9.000 73329.000
0.378 3.488 3.430 11.000 73340.000
1.944 3.392 3.344 10.000 73350.000
3.002 3.648 3.773 10.000 73360.000
3.562 4.266 4.285 10.000 73370.000
3.023 4.702 4.965 10.000 73380.000
2.209 4.759 5.683 10.000 73390.000
1.903 4.465 5.887 10.000 73400.000
1.750 4.220 6.100 10.000 73410.000
2.078 3.971 6.124 10.000 73420.000
2.681 4.101 6.110 10.000 73430.000
3.505 4.189 5.935 10.000 73440.000
4.175 4.228 5.750 9.000 73449.000
4.302 3.976 5.501 12.000 73461.000
3.993 3.605 5.386 9.000 73470.000
3.464 3.275 5.432 10.000 73480.000
2.662 3.007 5.525 9.000 73489.000
1.953 2.949 5.707 10.000 73499.000
1.331 3.050 6.119 10.000 73509.000
0.639 3.023 6.509 11.000 73520.000
0.220 2.935 6.852 9.000 73529.000
-0.143 2.700 7.242 10.000 73539.000
-0.031 2.777 7.290 11.000 73550.000
0.150 2.980 7.359 9.000 73559.000
0.325 3.406 7.515 10.000 73569.000
0.445 3.979 7.623 10.000 73579.000
0.509 4.228 7.778 10.000 73589.000
0.548 4.268 7.999 10.000 73599.000
0.593 4.086 8.133 10.000 73609.000
0.490 3.900 8.473 10.000 73619.000
0.316 3.687 8.743 10.000 73629.000
0.090 3.794 9.009 10.000 73639.000
-0.083 3.971 9.255 11.000 73650.000
-0.110 4.153 9.296 9.000 73659.000
0.057 4.335 9.440 10.000 73669.000
0.426 4.378 9.382 10.000 73679.000
0.744 4.352 9.344 10.000 73689.000
1.307 4.319 9.253 10.000 73699.000
1.675 4.285 9.059 10.000 73709.000
1.891 4.237 9.184 11.000 73720.000
2.032 4.118 9.270 9.000 73729.000
1.929 4.005 9.409 10.000 73739.000
1.996 3.943 9.684 10.000 73749.000
2.092 3.921 9.782 10.000 73759.000
2.286 3.957 10.072 11.000 73770.000
2.221 3.888 10.515 9.000 73779.000
1.987 3.768 10.821 12.000 73791.000
1.484 3.643 11.312 9.000 73800.000
1.031 3.505 11.508 10.000 73810.000
0.837 3.471 11.552 10.000 73820.000
0.811 3.660 11.563 10.000 73830.000
1.053 3.854 11.391 10.000 73840.000
1.118 3.349 11.518 10.000 73850.000
1.355 3.038 11.767 10.000 73860.000
1.424 2.504 12.047 10.000 73870.000
1.455 1.833 12.184 10.000 73880.000
1.589 1.891 12.162 10.000 73890.000
1.438 1.565 12.042 10.000 73900.000
0.897 1.101 12.061 13.000 73913.000
0.395 0.773 12.224 7.000 73920.000
-0.366 0.442 12.665 10.000 73930.000
-1.276 0.213 13.479 10.000 73940.000
-1.795 0.122 14.154 10.000 73950.000
-2.516 0.028 14.894 10.000 73960.000
-2.978 -0.062 15.356 10.000 73970.000
-3.280 -0.009 15.382 10.000 73980.000
-3.653 0.098 15.116 10.000 73990.000
-3.825 0.208 14.786 10.000 74000.000
-4.074 0.320 14.185 10.000 74010.000
-4.223 0.378 13.623 10.000 74020.000
-4.479 0.359 13.376 10.000 74030.000
-4.848 0.342 13.457 10.000 74040.000
-5.140 0.323 13.809 10.000 74050.000
-5.470 0.296 14.087 10.000 74060.000
-5.516 0.263 14.099 10.000 74070.000
-5.449 0.227 13.783 10.000 74080.000
-5.489 0.047 13.453 10.000 74090.000
-5.674 -0.098 13.419 16.000 74106.000
-5.963 -0.215 13.627 3.000 74109.000
-6.246 -0.174 14.008 11.000 74120.000
-6.421 0.009 14.403 9.000 74129.000
-6.315 0.268 15.023 10.000 74139.000
-6.210 0.526 15.643 12.000 74151.000
-5.619 0.725 16.225 11.000 74162.000
-4.381 1.146 16.294 8.000 74170.000
-3.241 1.467 15.916 10.000 74180.000
-1.891 2.303 15.102 14.000 74194.000
-1.034 3.040 14.154 5.000 74199.000
-0.711 3.883 13.706 10.000 74209.000
-0.371 4.838 13.158 11.000 74220.000
-0.241 5.279 13.046 9.000 74229.000
-0.227 5.786 12.737 14.000 74243.000
-0.196 5.829 12.129 6.000 74249.000
-0.181 5.760 11.621 11.000 74260.000
0.208 5.760 10.723 10.000 74270.000
0.713 5.693 10.022 10.000 74280.000
0.928 5.705 9.409 10.000 74290.000
1.031 5.456 8.860 9.000 74299.000
0.758 5.137 8.702 13.000 74312.000
0.591 4.788 8.667 8.000 74320.000
0.584 4.496 8.853 9.000 74329.000
0.830 4.369 9.253 15.000 74344.000
0.928 3.904 9.744 5.000 74349.000
0.921 3.471 10.113 10.000 74359.000
0.909 2.949 10.582 11.000 74370.000
0.763 2.513 10.687 9.000 74379.000
0.766 2.415 10.702 13.000 74392.000
0.711 1.778 10.512 7.000 74399.000
0.660 1.230 10.223 10.000 74409.000
1.132 1.642 10.220 11.000 74420.000
1.798 2.334 10.232 9.000 74429.000
2.521 3.564 10.448 14.000 74443.000
2.777 4.850 10.635 6.000 74449.000
2.504 5.185 10.620 10.000 74459.000
1.793 4.829 10.924 13.000 74472.000
1.326 4.141 11.130 7.000 74479.000
1.326 3.399 11.365 11.000 74490.000
1.496 2.992 11.365 11.000 74501.000
1.556 3.021 10.699 12.000 74513.000
1.371 3.380 10.132 7.000 74520.000
1.197 3.050 10.134 10.000 74530.000
0.782 2.643 10.565 12.000 74542.000
0.723 2.212 11.329 7.000 74549.000
0.696 1.453 10.905 10.000 74559.000
0.660 1.383 9.911 10.000 74569.000
1.527 0.830 7.441 10.000 74579.000
2.394 0.277 4.970 10.000 74589.000
4.165 0.162 3.280 10.000 74599.000
6.294 -0.131 1.814 11.000 74610.000
6.821 -0.239 1.151 14.000 74624.000
7.347 -0.347 0.488 5.000 74629.000
5.442 -0.840 -0.162 11.000 74640.000
3.179 -1.154 -1.039 11.000 74651.000
2.305 -1.206 -0.993 13.000 74664.000
1.431 -1.259 -0.948 6.000 74670.000
2.355 -0.919 -0.248 9.000 74679.000
3.495 -0.433 0.239 13.000 74692.000
4.015 -0.169 0.287 8.000 74700.000
4.735 0.268 0.217 9.000 74709.000
5.152 0.588 -0.110 11.000 74720.000
5.403 0.756 -0.062 9.000 74729.000
5.619 0.873 0.363 10.000 74739.000
5.633 0.816 0.907 15.000 74754.000
5.664 0.878 1.750 5.000 74759.000
5.674 1.084 2.753 11.000 74770.000
5.719 1.340 3.378 12.000 74782.000
5.693 1.632 4.242 7.000 74789.000
5.650 1.805 4.807 10.000 74799.000
5.597 1.946 5.262 10.000 74809.000
5.717 2.281 5.880 11.000 74820.000
5.908 2.580 6.258 13.000 74833.000
6.256 2.930 6.758 6.000 74839.000
6.584 3.174 7.043 10.000 74849.000
6.682 2.964 7.146 10.000 74859.000
6.540 2.451 7.194 13.000 74872.000
6.244 1.889 7.120 7.000 74879.000
5.626 1.240 7.003 11.000 74890.000
4.891 0.627 7.333 9.000 74899.000
4.395 0.316 7.718 10.000 74909.000
4.029 -0.814 10.788 11.000 74920.000
3.983 -1.857 13.900 12.000 74932.000
2.226 -3.447 11.554 7.000 74939.000
2.035 -2.935 9.880 10.000 74949.000
2.106 0.059 7.841 21.000 74970.000
2.178 3.055 5.801 9.000 74979.000
3.665 7.477 7.730 10.000 74989.000
3.002 9.040 8.714 11.000 75000.000
1.946 8.939 7.381 9.000 75009.000
0.737 7.548 5.568 11.000 75020.000
0.811 5.334 5.152 10.000 75030.000
1.470 3.876 5.008 9.000 75039.000
3.215 4.211 4.510 10.000 75049.000
5.114 5.837 4.491 10.000 75059.000
6.596 8.121 3.859 10.000 75069.000
7.927 9.253 3.483 10.000 75079.000
8.171 8.592 3.462 10.000 75089.000
8.391 8.422 3.593 10.000 75099.000
8.216 7.762 4.003 10.000 75109.000
8.121 8.595 4.199 10.000 75119.000
7.467 8.927 4.479 10.000 75129.000
6.837 8.769 4.606 10.000 75139.000
5.863 8.200 4.824 10.000 75149.000
4.960 7.287 4.999 10.000 75159.000
4.673 6.818 4.757 10.000 75169.000
4.620 6.485 4.295 10.000 75179.000
4.912 6.564 3.742 10.000 75189.000
5.274 6.687 3.203 10.000 75199.000
5.501 6.835 3.169 10.000 75209.000
5.494 6.847 3.356 10.000 75219.000
5.463 6.849 3.548 10.000 75229.000
5.363 6.809 3.725 10.000 75239.000
5.327 6.770 3.665 10.000 75249.000
5.353 6.758 3.569 10.000 75259.000
5.403 6.756 3.469 12.000 75271.000
5.552 6.737 3.392 9.000 75280.000
5.712 6.746 3.380 10.000 75290.000
5.805 6.698 3.354 10.000 75300.000
5.841 6.591 3.315 10.000 75310.000
5.779 6.500 3.253 10.000 75320.000
5.791 6.490 3.196 10.000 75330.000
5.899 6.550 3.239 10.000 75340.000
6.064 6.670 3.294 10.000 75350.000
6.196 6.761 3.265 10.000 75360.000
6.253 6.770 3.232 10.000 75370.000
6.138 6.710 3.112 10.000 75380.000
5.959 6.607 3.122 10.000 75390.000
5.813 6.533 3.215 10.000 75400.000
5.767 6.557 3.313 10.000 75410.000
5.803 6.612 3.447 10.000 75420.000
5.951 6.698 3.402 10.000 75430.000
6.069 6.715 3.208 10.000 75440.000
6.086 6.634 3.009 10.000 75450.000
6.035 6.622 2.942 10.000 75460.000
5.872 6.603 2.846 10.000 75470.000
5.741 6.653 2.899 10.000 75480.000
5.580 6.651 3.002 10.000 75490.000
5.487 6.579 2.973 10.000 75500.000
5.513 6.536 2.937 10.000 75510.000
5.585 6.414 2.815 10.000 75520.000
5.686 6.344 2.643 10.000 75530.000
5.853 6.287 2.523 10.000 75540.000
5.966 6.220 2.489 10.000 75550.000
6.086 6.289 2.339 10.000 75560.000
6.335 6.394 2.190 10.000 75570.000
6.517 6.488 1.989 10.000 75580.000
6.619 6.739 2.748 10.000 75590.000
6.260 6.830 3.378 10.000 75600.000
5.772 6.885 4.005 10.000 75610.000
5.513 6.883 4.343 10.000 75620.000
5.334 6.722 3.720 10.000 75630.000
5.808 6.718 3.292 10.000 75640.000
6.256 6.634 2.892 20.000 75660.000
6.409 6.591 2.786 10.000 75670.000
6.562 6.548 2.681 10.000 75680.000
6.390 6.524 2.882 10.000 75690.000
6.200 6.617 3.246 10.000 75700.000
6.076 6.727 3.605 10.000 75710.000
5.722 6.710 4.209 10.000 75720.000
5.592 6.660 4.132 10.000 75730.000
5.506 6.572 3.864 10.000 75740.000
5.573 6.562 3.787 10.000 75750.000
5.870 6.679 3.466 10.000 75760.000
5.846 6.730 3.603 10.000 75770.000
5.755 6.718 3.464 10.000 75780.000
5.511 6.627 3.134 10.000 75790.000
5.228 6.550 2.681 10.000 75800.000
5.123 6.502 2.284 10.000 75810.000
5.248 6.418 2.178 10.000 75820.000
5.499 6.404 1.805 10.000 75830.000
5.789 6.375 1.553 10.000 75840.000
6.136 6.727 1.824 10.000 75850.000
5.152 6.921 3.782 10.000 75860.000
4.041 7.046 6.009 10.000 75870.000
2.025 6.507 6.591 10.000 75880.000
-0.047 5.588 6.651 10.000 75890.000
0.660 5.597 0.849 10.000 75900.000
3.031 5.185 -3.112 10.000 75910.000
6.306 5.437 -5.430 10.000 75920.000
10.158 6.636 -5.882 10.000 75930.000
12.397 7.163 -2.178 10.000 75940.000
12.658 8.602 -1.156 10.000 75950.000
11.796 9.215 -0.284 10.000 75960.000
10.357 8.880 -1.278 10.000 75970.000
7.951 8.092 -1.632 10.000 75980.000
6.038 7.084 -0.914 10.000 75990.000
5.248 6.902 -0.045 10.000 76000.000
4.934 7.084 1.072 10.000 76010.000
5.588 7.718 1.551 10.000 76020.000
5.877 8.030 1.886 10.000 76030.000
6.059 8.200 2.126 10.000 76040.000
5.765 8.006 2.116 10.000 76050.000
5.547 7.735 1.994 10.000 76060.000
5.516 7.517 1.786 10.000 76070.000
5.676 7.524 1.563 10.000 76080.000
5.911 7.565 1.244 10.000 76090.000
6.069 7.682 1.039 10.000 76100.000
6.253 7.814 0.756 10.000 76110.000
6.272 7.697 0.608 10.000 76120.000
6.217 7.546 0.555 10.000 76130.000
5.985 7.321 0.711 10.000 76140.000
5.726 7.082 0.943 10.000 76150.000
5.485 6.880 1.393 10.000 76160.000
5.475 6.734 1.810 10.000 76170.000
5.643 6.663 2.018 10.000 76180.000
5.748 6.804 2.023 10.000 76190.000
5.918 7.072 1.786 10.000 76200.000
5.817 7.153 1.874 10.000 76210.000
5.738 7.311 2.085 10.000 76220.000
5.722 7.256 2.499 10.000 76230.000
5.659 7.307 2.741 10.000 76240.000
5.635 7.489 2.691 10.000 76250.000
5.633 7.486 2.506 10.000 76260.000
5.674 7.426 2.267 10.000 76270.000
5.760 7.261 2.200 10.000 76280.000
5.908 7.060 2.126 10.000 76290.000
6.030 6.995 1.800 20.000 76310.000
6.162 7.007 1.276 10.000 76320.000
6.294 7.019 0.751 10.000 76330.000
6.505 6.952 0.184 10.000 76340.000
6.675 6.926 -0.035 10.000 76350.000
6.792 6.880 -0.002 10.000 76360.000
6.782 6.842 0.186 10.000 76370.000
6.631 6.919 0.426 10.000 76380.000
6.438 6.976 0.773 10.000 76390.000
6.272 7.031 1.074 10.000 76400.000
6.234 7.079 1.221 10.000 76410.000
6.198 7.194 1.314 10.000 76420.000
6.241 7.235 1.177 10.000 76430.000
6.256 7.278 1.086 10.000 76440.000
6.308 7.213 1.031 10.000 76450.000
6.358 7.082 1.029 10.000 76460.000
6.414 7.010 1.019 10.000 76470.000
6.440 6.897 0.976 10.000 76480.000
6.428 6.892 0.897 10.000 76490.000
6.397 6.897 0.770 10.000 76500.000
6.349 6.866 0.689 10.000 76510.000
6.313 6.890 0.629 10.000 76520.000
6.291 6.900 0.620 10.000 76530.000
6.289 6.900 0.658 10.000 76540.000
6.311 6.900 0.656 10.000 76550.000
6.306 6.909 0.778 10.000 76560.000
6.287 6.933 0.849 10.000 76570.000
6.241 6.974 0.641 10.000 76580.000
6.172 7.015 0.474 10.000 76590.000
6.473 7.026 0.079 10.000 76600.000
6.600 6.746 -0.225 10.000 76610.000
6.754 6.449 -0.248 10.000 76620.000
6.804 6.315 -0.174 10.000 76630.000
6.526 6.186 0.014 10.000 76640.000
6.449 6.490 0.330 10.000 76650.000
6.493 6.871 0.766 16.000 76666.000
6.639 7.089 1.103 3.000 76669.000
6.655 7.264 1.388 11.000 76680.000
6.634 7.242 1.177 10.000 76690.000
6.493 7.144 0.847 9.000 76699.000
6.447 6.813 0.545 11.000 76710.000
6.531 6.526 0.296 10.000 76720.000
6.579 6.318 0.464 9.000 76729.000
6.445 6.186 0.825 14.000 76743.000
6.215 6.287 1.158 6.000 76749.000
5.928 6.591 1.678 10.000 76759.000
5.688 6.871 2.059 11.000 76770.000
5.518 7.177 2.681 9.000 76779.000
5.401 7.501 3.172 10.000 76789.000
5.341 7.620 3.476 10.000 76799.000
5.279 7.728 3.371 10.000 76809.000
5.571 7.788 2.068 10.000 76819.000
5.810 7.831 0.897 10.000 76829.000
6.167 7.647 -0.272 12.000 76841.000
6.526 7.474 -1.034 8.000 76849.000
6.782 7.129 -1.218 10.000 76859.000
7.184 6.610 -1.486 11.000 76870.000
7.469 6.318 -1.754 9.000 76879.000
7.601 6.064 -1.731 11.000 76890.000
7.594 5.928 -1.522 9.000 76899.000
7.249 6.279 -1.115 11.000 76910.000
6.892 6.586 -0.411 10.000 76920.000
6.689 6.854 0.000 9.000 76929.000
6.459 7.043 0.500 10.000 76939.000
6.287 6.959 0.852 10.000 76949.000
6.126 6.921 0.907 12.000 76961.000
5.990 6.880 1.000 9.000 76970.000
5.880 6.919 1.005 9.000 76979.000
5.959 6.912 0.960 10.000 76989.000
6.069 6.933 0.988 10.000 76999.000
6.155 6.957 0.979 10.000 77009.000
6.303 6.928 0.869 10.000 77019.000
6.397 6.904 0.842 10.000 77029.000
6.488 6.854 0.670 11.000 77040.000
6.519 6.868 0.531 9.000 77049.000
6.488 6.936 0.493 11.000 77060.000
6.452 7.019 0.502 10.000 77070.000
6.387 7.101 0.584 9.000 77079.000
6.435 7.134 0.588 11.000 77090.000
6.469 7.122 0.581 9.000 77099.000
6.507 7.094 0.526 11.000 77110.000
6.524 7.036 0.557 10.000 77120.000
6.452 7.043 0.730 9.000 77129.000
6.394 7.096 0.914 11.000 77140.000
6.279 7.247 1.098 10.000 77150.000
6.186 7.426 1.197 10.000 77160.000
6.076 7.443 1.175 10.000 77170.000
6.014 7.369 0.940 10.000 77180.000
6.009 7.196 0.706 10.000 77190.000
6.035 7.065 0.581 10.000 77200.000
6.114 7.015 0.478 9.000 77209.000
6.196 7.050 0.739 11.000 77220.000
6.318 7.120 0.816 10.000 77230.000
6.409 7.149 0.782 10.000 77240.000
6.445 7.149 0.646 10.000 77250.000
6.430 7.125 0.397 10.000 77260.000
6.375 7.067 0.332 10.000 77270.000
6.335 7.022 0.272 10.000 77280.000
6.349 7.005 0.316 10.000 77290.000
6.320 7.010 0.344 10.000 77300.000
6.308 7.036 0.404 10.000 77310.000
6.282 7.050 0.459 10.000 77320.000
6.287 7.041 0.509 10.000 77330.000
6.335 7.038 0.536 10.000 77340.000
6.351 7.031 0.454 10.000 77350.000
6.368 7.000 0.514 10.000 77360.000
6.354 6.993 0.579 10.000 77370.000
6.339 7.029 0.548 10.000 77380.000
6.299 7.065 0.608 10.000 77390.000
6.258 7.125 0.526 10.000 77400.000
6.232 7.165 0.538 10.000 77410.000
6.205 7.163 0.646 10.000 77420.000
6.279 7.163 0.715 10.000 77430.000
6.311 7.180 0.677 10.000 77440.000
6.327 7.216 0.545 10.000 77450.000
6.327 7.180 0.433 10.000 77460.000
6.268 7.125 0.344 10.000 77470.000
6.260 7.058 0.363 10.000 77480.000
6.275 6.957 0.471 10.000 77490.000
6.306 6.928 0.560 10.000 77500.000
6.344 6.950 0.656 10.000 77510.000
6.370 6.981 0.701 10.000 77520.000
6.375 7.046 0.658 10.000 77530.000
6.339 7.065 0.565 10.000 77540.000
6.296 7.034 0.464 10.000 77550.000
6.241 7.007 0.538 10.000 77560.000
6.208 7.038 0.538 10.000 77570.000
6.215 7.115 0.588 10.000 77580.000
6.198 7.189 0.708 10.000 77590.000
6.196 7.244 0.703 10.000 77600.000
6.153 7.201 0.586 10.000 77610.000
6.270 7.220 0.536 10.000 77620.000
6.411 7.242 0.416 10.000 77630.000
6.548 7.144 0.239 10.000 77640.000
6.617 7.082 0.301 10.000 77650.000
6.526 6.957 0.296 10.000 77660.000
6.426 6.883 0.014 10.000 77670.000
6.330 6.928 -0.210 10.000 77680.000
6.430 7.048 -0.512 10.000 77690.000
6.560 6.928 -0.905 10.000 77700.000
6.698 6.758 -1.019 10.000 77710.000
6.797 6.519 -1.096 10.000 77720.000
6.785 6.210 -1.149 10.000 77730.000
6.505 6.253 -0.481 9.000 77739.000
6.335 6.617 0.519 10.000 77749.000
6.023 7.165 1.309 21.000 77770.000
5.767 7.747 2.104 10.000 77780.000
5.750 8.216 2.269 9.000 77789.000
5.592 8.202 2.284 11.000 77800.000
5.616 8.073 2.470 9.000 77809.000
5.549 7.735 2.647 11.000 77820.000
5.487 7.433 2.707 10.000 77830.000
5.456 7.295 2.585 10.000 77840.000
5.295 7.041 2.609 9.000 77849.000
5.171 6.962 2.638 10.000 77859.000
5.161 7.125 2.774 11.000 77870.000
5.090 7.364 2.631 9.000 77879.000
5.147 7.718 2.341 11.000 77890.000
5.339 7.951 1.264 9.000 77899.000
5.410 7.905 0.196 10.000 77909.000
5.839 7.534 -0.675 11.000 77920.000
6.722 7.343 -1.522 9.000 77929.000
7.472 7.273 -1.582 10.000 77939.000
8.121 6.912 -2.037 10.000 77949.000
7.690 6.854 -1.642 10.000 77959.000
6.804 6.617 -1.271 11.000 77970.000
5.968 6.605 -0.770 9.000 77979.000
5.233 6.885 0.124 11.000 77990.000
5.530 7.271 0.375 10.000 78000.000
5.702 7.536 0.718 9.000 78009.000
5.825 7.577 0.931 12.000 78021.000
5.789 7.582 1.132 9.000 78030.000
5.506 7.426 1.211 9.000 78039.000
5.530 7.225 1.084 10.000 78049.000
5.734 7.173 1.072 10.000 78059.000
6.095 7.156 1.072 11.000 78070.000
6.382 7.189 0.974 9.000 78079.000
6.447 7.256 0.955 11.000 78090.000
6.332 7.175 0.821 9.000 78099.000
6.270 7.134 0.711 10.000 78109.000
6.282 7.043 0.699 11.000 78120.000
6.337 7.182 0.636 9.000 78129.000
6.337 7.314 0.603 11.000 78140.000
6.284 7.405 0.545 9.000 78149.000
6.196 7.438 0.545 11.000 78160.000
6.105 7.374 0.632 10.000 78170.000
6.074 7.290 0.737 9.000 78179.000
