# Accelerometer Data File
# 
#
#
# sensor Vendor: Bosch
# sensor Name: BMA254
# sensor Resolution: 0.009576807m/sec^2; Max Range: 39.2; Min Delay: 10000 microseconds
# The sensor's attributes are the result hardware and the Android capabilities.
# It means that the Android may not utilize all features provided by the hardware.
#
# Some devices and Android versions save battery too much so the device may go to sleep.
# It just happens after couple of minutes from turning off the scree and it is easy to find it out.
#
# The following file provides the data from accelerometer in the m/s^2 format.
# The diff value is just a time delta between the samples
#
#
# data format:
# so we have 4 columns with values separated by the " "
# X Y Z time_from_previous_sample(ms)

# sensor speed set to:FASTEST
# units set to: m/sec^2
# gravity NOT filtered out
# Accuracy: HIGH
5.497 -10.285 2.372 10.000 69490.000
6.938 -11.394 2.305 13.000 69503.000
7.924 -12.382 1.900 10.000 69513.000
9.770 -13.278 -0.112 7.000 69520.000
11.410 -13.651 -2.432 10.000 69530.000
11.856 -13.175 -4.572 10.000 69540.000
11.604 -12.457 -6.344 10.000 69550.000
10.493 -11.832 -6.507 10.000 69560.000
8.856 -11.006 -6.385 10.000 69570.000
7.632 -10.563 -5.731 10.000 69580.000
6.926 -10.110 -5.329 10.000 69590.000
6.215 -9.102 -4.668 10.000 69600.000
6.030 -8.295 -4.292 10.000 69610.000
5.446 -7.058 -3.691 10.000 69620.000
4.850 -5.772 -2.952 10.000 69630.000
4.259 -5.042 -2.470 10.000 69640.000
3.514 -4.000 -1.613 10.000 69650.000
3.169 -3.390 -0.981 10.000 69660.000
3.038 -2.808 0.198 10.000 69670.000
2.815 -2.044 2.250 10.000 69680.000
2.746 -1.592 3.926 10.000 69690.000
2.492 -1.177 6.083 10.000 69700.000
2.217 -1.034 7.436 10.000 69710.000
2.236 -1.467 8.056 12.000 69722.000
2.918 -2.272 8.307 8.000 69730.000
3.785 -3.038 8.078 10.000 69740.000
5.528 -3.780 7.082 10.000 69750.000
7.711 -3.933 5.420 9.000 69759.000
9.232 -3.715 4.127 11.000 69770.000
11.133 -3.282 2.952 9.000 69779.000
12.157 -2.873 2.542 11.000 69790.000
12.385 -2.590 3.043 10.000 69800.000
11.937 -2.518 3.299 10.000 69810.000
11.109 -2.662 3.438 10.000 69820.000
9.998 -2.772 3.450 10.000 69830.000
9.040 -2.949 3.078 9.000 69839.000
8.633 -2.602 3.172 11.000 69850.000
8.049 -1.944 3.749 9.000 69859.000
7.747 -1.319 4.453 11.000 69870.000
7.266 -0.447 5.501 9.000 69879.000
6.756 0.280 6.507 11.000 69890.000
6.423 0.696 7.029 9.000 69899.000
5.767 1.120 7.419 11.000 69910.000
5.291 1.297 7.465 10.000 69920.000
4.529 1.156 7.541 10.000 69930.000
3.536 0.794 7.869 9.000 69939.000
2.865 0.426 8.329 10.000 69949.000
2.231 0.009 9.251 10.000 69959.000
2.035 -0.258 9.964 11.000 69970.000
2.209 -0.708 10.735 9.000 69979.000
3.081 -0.483 10.477 11.000 69990.000
3.916 -0.210 9.756 9.000 69999.000
3.224 0.153 9.560 10.000 70009.000
2.284 0.816 9.504 11.000 70020.000
0.646 0.804 10.479 9.000 70029.000
-0.864 0.464 12.009 10.000 70039.000
-0.847 0.033 13.014 11.000 70050.000
0.390 0.325 12.076 9.000 70059.000
1.280 0.402 10.941 11.000 70070.000
2.044 0.806 9.251 9.000 70079.000
1.819 0.816 7.812 11.000 70090.000
0.483 0.205 7.867 10.000 70100.000
-0.356 0.112 8.434 9.000 70109.000
-0.873 0.196 9.050 11.000 70120.000
-0.402 0.675 9.414 9.000 70129.000
0.050 1.043 9.634 11.000 70140.000
0.933 1.369 9.588 10.000 70150.000
1.493 1.517 9.495 10.000 70160.000
1.989 1.438 9.004 10.000 70170.000
2.504 1.470 8.657 10.000 70180.000
2.882 1.333 8.037 10.000 70190.000
4.062 1.482 7.168 11.000 70201.000
5.307 1.857 6.696 9.000 70210.000
5.295 1.400 6.210 10.000 70220.000
4.841 0.852 5.947 10.000 70230.000
3.351 -0.356 6.856 10.000 70240.000
2.846 -1.278 8.331 10.000 70250.000
3.598 -1.367 9.821 10.000 70260.000
3.524 -1.189 10.742 10.000 70270.000
3.414 -0.074 10.718 10.000 70280.000
2.319 0.754 10.129 10.000 70290.000
1.458 1.450 9.720 12.000 70302.000
1.422 1.881 9.878 8.000 70310.000
1.450 1.302 9.998 10.000 70320.000
1.802 0.150 9.955 10.000 70330.000
1.922 -0.869 9.732 10.000 70340.000
0.945 -1.137 9.648 10.000 70350.000
0.172 -0.957 9.624 10.000 70360.000
-0.584 0.617 9.706 10.000 70370.000
-1.587 2.310 9.888 10.000 70380.000
-1.493 3.251 9.931 11.000 70391.000
-1.441 4.022 9.983 9.000 70400.000
-1.520 3.435 10.089 10.000 70410.000
-1.352 2.731 10.093 10.000 70420.000
-1.240 1.704 10.081 10.000 70430.000
-1.086 0.847 10.060 10.000 70440.000
-1.113 0.502 10.096 10.000 70450.000
-0.768 0.208 10.038 10.000 70460.000
-0.368 0.237 9.998 10.000 70470.000
0.035 0.177 9.971 10.000 70480.000
0.411 0.138 9.892 10.000 70490.000
0.234 -0.136 9.947 10.000 70500.000
0.169 -0.493 9.919 10.000 70510.000
0.100 -0.761 9.876 10.000 70520.000
0.076 -1.086 9.832 10.000 70530.000
0.234 -1.225 9.749 10.000 70540.000
0.167 -1.297 9.713 10.000 70550.000
-0.011 -1.343 9.674 10.000 70560.000
-0.237 -1.331 9.636 11.000 70571.000
-0.497 -1.218 9.605 9.000 70580.000
-0.802 -1.051 9.660 10.000 70590.000
-0.993 -0.909 9.718 10.000 70600.000
-1.278 -0.873 9.911 11.000 70611.000
-1.527 -0.938 10.098 9.000 70620.000
-1.477 -1.077 10.204 10.000 70630.000
-1.273 -1.233 10.216 10.000 70640.000
-0.976 -1.283 10.091 10.000 70650.000
-0.481 -1.357 9.926 12.000 70662.000
-0.129 -1.398 9.792 12.000 70674.000
0.131 -1.539 9.794 6.000 70680.000
0.217 -1.960 9.842 10.000 70690.000
0.105 -2.358 9.931 11.000 70701.000
0.000 -2.999 10.026 13.000 70714.000
-0.184 -3.737 10.098 6.000 70720.000
-0.193 -4.194 10.125 10.000 70730.000
-0.306 -4.865 10.165 10.000 70740.000
-0.426 -5.291 10.199 10.000 70750.000
-0.608 -5.635 10.206 10.000 70760.000
-0.828 -6.047 10.196 10.000 70770.000
-0.945 -6.246 10.172 10.000 70780.000
-1.120 -6.507 10.084 10.000 70790.000
-1.216 -6.636 10.002 10.000 70800.000
-1.276 -6.734 9.895 10.000 70810.000
-1.304 -6.837 9.787 10.000 70820.000
-1.276 -6.878 9.744 10.000 70830.000
-1.211 -6.931 9.744 11.000 70841.000
-1.276 -7.012 9.823 9.000 70850.000
-1.371 -7.089 9.902 10.000 70860.000
-1.608 -7.170 9.959 10.000 70870.000
-1.881 -7.240 9.974 10.000 70880.000
-2.296 -7.259 9.995 10.000 70890.000
-2.856 -7.280 9.916 14.000 70904.000
-3.275 -7.297 9.859 6.000 70910.000
-3.708 -7.323 9.792 10.000 70920.000
-3.861 -7.316 9.727 12.000 70932.000
-3.869 -7.307 9.763 12.000 70944.000
-4.034 -7.192 9.902 6.000 70950.000
-4.185 -7.067 10.050 10.000 70960.000
-4.589 -6.689 10.328 10.000 70970.000
-5.178 -6.064 10.630 12.000 70982.000
-5.609 -5.544 10.828 12.000 70994.000
-6.323 -4.975 11.202 6.000 71000.000
-6.789 -4.678 11.401 10.000 71010.000
-7.225 -4.637 11.470 10.000 71020.000
-7.807 -4.575 11.348 10.000 71030.000
-8.106 -4.563 11.051 10.000 71040.000
-8.592 -4.462 10.685 10.000 71050.000
-8.925 -4.352 10.424 10.000 71060.000
-9.275 -4.201 10.364 13.000 71073.000
-9.727 -3.895 10.208 7.000 71080.000
-9.993 -3.677 10.122 10.000 71090.000
-10.424 -3.303 10.053 10.000 71100.000
-10.589 -2.954 9.897 11.000 71111.000
-10.651 -2.760 9.837 9.000 71120.000
-10.280 -2.513 9.742 10.000 71130.000
-9.744 -2.422 9.629 10.000 71140.000
-9.052 -2.425 9.452 10.000 71150.000
-8.195 -2.518 9.057 10.000 71160.000
-7.771 -2.664 8.698 10.000 71170.000
-7.345 -2.880 8.379 10.000 71180.000
-7.177 -3.040 8.202 10.000 71190.000
-7.204 -3.105 8.248 10.000 71200.000
-7.173 -3.055 8.334 10.000 71210.000
-7.144 -2.935 8.379 10.000 71220.000
-7.007 -2.533 8.427 10.000 71230.000
-6.761 -1.860 8.343 10.000 71240.000
-6.572 -1.302 8.219 10.000 71250.000
-6.193 -0.584 7.934 10.000 71260.000
-5.923 -0.148 7.647 10.000 71270.000
-5.559 0.074 7.323 10.000 71280.000
-5.123 0.687 7.158 10.000 71290.000
-4.876 1.139 7.153 10.000 71300.000
-4.833 2.061 7.515 10.000 71310.000
-4.965 2.920 8.039 10.000 71320.000
-5.147 3.761 8.628 10.000 71330.000
-5.288 4.783 9.200 10.000 71340.000
-5.226 5.336 9.406 10.000 71350.000
-5.116 5.853 9.557 10.000 71360.000
-5.137 6.026 9.521 10.000 71370.000
-5.200 6.016 9.502 10.000 71380.000
-5.272 5.853 9.579 10.000 71390.000
-5.391 5.726 9.710 10.000 71400.000
-5.274 5.525 9.842 10.000 71410.000
-5.082 5.317 10.012 10.000 71420.000
-4.881 5.262 10.086 10.000 71430.000
-4.860 4.850 10.141 10.000 71440.000
-4.965 4.486 10.160 10.000 71450.000
-5.003 3.933 10.342 10.000 71460.000
-4.680 3.531 10.508 10.000 71470.000
-4.177 3.485 10.692 10.000 71480.000
-3.653 3.004 10.977 10.000 71490.000
-3.270 2.719 11.061 10.000 71500.000
-3.351 2.097 11.077 10.000 71510.000
-3.110 1.412 11.185 10.000 71520.000
-2.552 1.027 11.032 14.000 71534.000
-1.994 0.641 10.879 6.000 71540.000
-1.043 0.337 10.546 10.000 71550.000
-0.416 0.095 10.122 10.000 71560.000
0.095 0.083 9.526 10.000 71570.000
0.608 0.071 8.930 10.000 71580.000
1.036 0.045 8.310 10.000 71590.000
1.711 0.196 7.699 10.000 71600.000
2.164 0.253 7.422 10.000 71610.000
2.501 0.512 7.194 13.000 71623.000
2.437 0.806 7.110 8.000 71631.000
2.126 0.924 7.017 9.000 71640.000
1.695 1.007 6.804 10.000 71650.000
1.379 0.890 6.540 10.000 71660.000
1.106 1.036 6.291 14.000 71674.000
0.646 1.240 5.951 6.000 71680.000
0.306 1.477 5.731 10.000 71690.000
-0.088 1.553 5.224 10.000 71700.000
-0.083 1.362 4.620 13.000 71713.000
0.107 1.113 4.108 7.000 71720.000
0.562 0.823 3.543 10.000 71730.000
1.072 0.694 3.265 10.000 71740.000
1.098 0.565 3.122 11.000 71751.000
1.125 0.435 2.978 12.000 71763.000
1.039 0.519 2.978 7.000 71770.000
0.936 0.639 2.942 10.000 71780.000
1.070 0.847 2.997 10.000 71790.000
1.300 0.936 3.126 10.000 71800.000
1.505 0.701 3.375 9.000 71809.000
1.728 0.430 3.660 11.000 71820.000
1.958 -0.040 4.043 9.000 71829.000
2.092 -0.392 4.352 12.000 71841.000
2.068 -0.828 4.431 9.000 71850.000
2.087 -1.455 4.398 10.000 71860.000
2.099 -1.881 4.266 10.000 71870.000
2.185 -2.418 4.005 10.000 71880.000
2.355 -2.729 3.825 13.000 71893.000
2.482 -2.849 3.758 7.000 71900.000
2.427 -2.964 3.837 10.000 71910.000
2.298 -2.968 4.046 10.000 71920.000
1.594 -3.102 5.781 10.000 71930.000
0.174 -3.236 7.431 10.000 71940.000
-1.063 -3.375 8.935 10.000 71950.000
-2.205 -3.220 9.643 10.000 71960.000
-2.825 -2.925 8.762 10.000 71970.000
-2.236 -2.305 8.492 12.000 71982.000
-2.193 -1.582 8.348 8.000 71990.000
-2.245 -1.154 8.999 10.000 72000.000
-2.566 -0.438 10.347 10.000 72010.000
-3.380 -0.047 11.171 10.000 72020.000
-3.452 0.888 11.781 10.000 72030.000
-3.732 2.054 12.093 10.000 72040.000
-3.744 2.932 11.707 10.000 72050.000
-4.012 3.737 11.631 10.000 72060.000
-4.268 3.598 11.666 10.000 72070.000
-4.316 3.229 12.002 10.000 72080.000
-4.491 2.659 12.464 10.000 72090.000
-4.410 2.164 12.617 10.000 72100.000
-4.062 2.142 12.289 10.000 72110.000
-3.734 1.838 11.710 10.000 72120.000
-3.280 1.735 11.003 10.000 72130.000
-3.280 1.015 11.054 10.000 72140.000
-3.754 0.114 11.559 10.000 72150.000
-4.273 -0.289 12.308 10.000 72160.000
-4.680 0.028 13.084 10.000 72170.000
-4.632 0.964 13.103 10.000 72180.000
-4.656 1.958 13.115 10.000 72190.000
-4.517 2.688 13.235 10.000 72200.000
-4.491 2.695 13.328 10.000 72210.000
-4.410 2.667 13.374 10.000 72220.000
-4.256 2.580 13.426 10.000 72230.000
-4.165 2.624 13.215 10.000 72240.000
-4.082 2.856 12.952 10.000 72250.000
-4.053 3.124 12.737 10.000 72260.000
-4.041 3.545 12.464 10.000 72270.000
-4.065 3.888 12.354 10.000 72280.000
-4.055 4.283 12.437 10.000 72290.000
-4.050 4.888 12.588 10.000 72300.000
-4.029 5.341 12.797 10.000 72310.000
-3.969 5.872 12.935 10.000 72320.000
-3.936 6.162 12.933 10.000 72330.000
-3.780 6.294 12.665 10.000 72340.000
-3.495 6.430 12.351 10.000 72350.000
-3.248 6.488 12.107 10.000 72360.000
-2.736 6.710 11.834 10.000 72370.000
-2.236 6.916 11.700 10.000 72380.000
-1.865 7.117 11.611 10.000 72390.000
-1.359 7.769 11.267 10.000 72400.000
-1.120 8.255 10.951 10.000 72410.000
-1.118 8.504 10.797 10.000 72420.000
-0.964 8.743 10.338 10.000 72430.000
-0.945 8.532 10.134 10.000 72440.000
-0.952 8.027 9.672 10.000 72450.000
-0.828 7.723 9.107 10.000 72460.000
-0.699 7.058 8.676 10.000 72470.000
-0.794 6.198 8.082 10.000 72480.000
-0.864 5.633 7.747 10.000 72490.000
-0.955 4.924 7.055 10.000 72500.000
-1.086 4.527 6.083 10.000 72510.000
-0.993 4.323 5.274 10.000 72520.000
-0.782 4.043 4.149 10.000 72530.000
-0.550 3.907 3.380 10.000 72540.000
-0.378 3.823 2.930 10.000 72550.000
-0.184 3.890 2.449 10.000 72560.000
-0.107 4.034 2.284 10.000 72570.000
-0.019 4.386 2.135 10.000 72580.000
0.014 4.745 2.121 10.000 72590.000
0.126 5.114 2.157 10.000 72600.000
0.320 5.480 2.312 10.000 72610.000
0.502 5.638 2.451 10.000 72620.000
0.720 5.753 2.817 10.000 72630.000
0.768 5.731 3.354 10.000 72640.000
0.735 5.712 3.770 10.000 72650.000
0.591 5.767 4.232 10.000 72660.000
0.411 5.865 4.467 10.000 72670.000
0.553 6.102 4.496 10.000 72680.000
0.945 6.452 4.467 12.000 72692.000
1.448 6.727 4.393 8.000 72700.000
1.948 6.959 4.371 9.000 72709.000
2.197 7.029 4.367 11.000 72720.000
2.061 6.837 4.505 9.000 72729.000
1.941 6.610 4.707 11.000 72740.000
1.824 6.426 4.855 9.000 72749.000
1.898 6.387 4.958 11.000 72760.000
2.097 6.610 4.848 10.000 72770.000
2.279 6.868 4.675 9.000 72779.000
2.566 7.252 4.627 11.000 72790.000
2.662 7.489 4.625 10.000 72800.000
2.597 7.656 4.924 10.000 72810.000
2.540 7.891 5.279 10.000 72820.000
2.377 8.001 5.509 9.000 72829.000
2.236 8.094 6.002 11.000 72840.000
2.264 8.145 6.320 10.000 72850.000
2.360 7.843 6.438 9.000 72859.000
2.305 7.316 6.428 11.000 72870.000
2.229 6.806 6.155 9.000 72879.000
2.044 6.284 6.208 12.000 72891.000
1.678 6.162 6.452 11.000 72902.000
1.462 6.265 6.823 8.000 72910.000
1.146 6.284 7.196 10.000 72920.000
0.938 6.315 7.244 10.000 72930.000
0.749 6.121 7.297 10.000 72940.000
0.632 6.026 7.141 10.000 72950.000
0.615 6.014 6.983 10.000 72960.000
0.555 5.944 6.672 10.000 72970.000
0.584 5.985 6.311 10.000 72980.000
0.521 5.657 6.110 10.000 72990.000
0.509 5.171 5.901 10.000 73000.000
0.541 4.742 5.846 10.000 73010.000
0.593 4.249 5.825 10.000 73020.000
0.569 3.876 5.872 10.000 73030.000
0.495 3.660 5.928 10.000 73040.000
0.354 3.289 6.074 10.000 73050.000
0.191 2.983 6.186 10.000 73060.000
-0.021 2.640 6.426 10.000 73070.000
-0.490 2.037 6.787 10.000 73080.000
-0.893 1.589 7.058 10.000 73090.000
-1.130 0.952 7.058 10.000 73100.000
-1.221 0.502 6.909 10.000 73110.000
-0.689 0.165 7.309 10.000 73120.000
-0.775 -0.483 7.881 10.000 73130.000
-1.027 -0.943 8.724 10.000 73140.000
-1.422 -1.204 9.318 10.000 73150.000
-1.659 -1.213 8.722 10.000 73160.000
-1.278 -0.912 7.953 10.000 73170.000
-0.543 -0.555 7.520 10.000 73180.000
0.335 -0.397 7.335 10.000 73190.000
0.373 -0.620 7.929 10.000 73200.000
0.201 -0.914 8.894 10.000 73210.000
-0.325 -1.264 9.524 10.000 73220.000
-1.283 -1.525 10.180 10.000 73230.000
-1.924 -1.508 10.577 10.000 73240.000
-2.217 -1.474 10.433 10.000 73250.000
-2.363 -1.565 10.596 10.000 73260.000
-2.078 -1.745 10.733 10.000 73270.000
-2.061 -1.771 10.220 10.000 73280.000
-2.183 -1.742 9.878 10.000 73290.000
-2.070 -1.948 9.009 10.000 73300.000
-1.841 -2.133 8.303 10.000 73310.000
-1.343 -2.470 8.245 10.000 73320.000
-1.252 -2.545 8.207 10.000 73330.000
-1.865 -2.525 8.401 14.000 73344.000
-2.595 -2.528 8.432 6.000 73350.000
-3.497 -2.918 8.810 10.000 73360.000
-4.237 -3.562 9.200 20.000 73380.000
-4.611 -3.864 9.612 20.000 73400.000
-4.833 -3.878 9.971 10.000 73410.000
-4.884 -3.505 9.983 10.000 73420.000
-4.718 -3.112 9.964 10.000 73430.000
-4.630 -2.940 10.029 10.000 73440.000
-4.692 -3.055 10.146 11.000 73451.000
-4.924 -3.141 10.304 9.000 73460.000
-5.221 -3.208 10.426 10.000 73470.000
-5.485 -3.131 10.431 11.000 73481.000
-5.894 -3.102 10.584 9.000 73490.000
-6.133 -3.102 10.697 10.000 73500.000
-6.373 -3.095 10.867 10.000 73510.000
-6.751 -3.119 10.977 10.000 73520.000
-6.983 -3.095 10.939 10.000 73530.000
-7.309 -2.971 11.049 10.000 73540.000
-7.541 -2.901 11.137 10.000 73550.000
-7.841 -2.734 11.336 10.000 73560.000
-8.224 -2.604 11.611 10.000 73570.000
-8.513 -2.576 11.738 10.000 73580.000
-8.767 -2.482 11.882 10.000 73590.000
-8.580 -2.145 12.083 20.000 73610.000
-8.003 -1.426 12.172 10.000 73620.000
-7.426 -0.708 12.260 10.000 73630.000
-6.732 0.110 12.184 10.000 73640.000
-6.066 0.718 11.753 10.000 73650.000
-5.707 0.984 11.358 10.000 73660.000
-5.391 1.309 10.838 10.000 73670.000
-5.228 1.470 10.467 10.000 73680.000
-5.439 1.838 10.235 10.000 73690.000
-5.736 2.286 9.962 10.000 73700.000
-5.990 2.674 9.813 10.000 73710.000
-6.246 3.102 9.749 10.000 73720.000
-6.402 3.301 9.792 10.000 73730.000
-6.471 3.421 9.876 10.000 73740.000
-6.531 3.744 9.897 13.000 73753.000
-6.588 4.027 9.835 7.000 73760.000
-6.584 4.513 9.631 10.000 73770.000
-6.641 5.149 9.385 10.000 73780.000
-6.708 5.583 9.200 10.000 73790.000
-6.655 6.198 8.889 14.000 73804.000
-6.598 6.531 8.719 6.000 73810.000
-6.438 6.892 8.317 10.000 73820.000
-6.457 7.410 7.680 10.000 73830.000
-6.596 7.745 7.170 10.000 73840.000
-6.768 8.128 6.689 10.000 73850.000
-6.955 8.437 6.382 10.000 73860.000
-6.962 8.590 6.311 10.000 73870.000
-6.892 8.875 6.033 11.000 73881.000
-6.789 9.112 5.726 9.000 73890.000
-6.636 9.284 5.494 10.000 73900.000
-6.641 9.528 5.245 10.000 73910.000
-6.722 9.641 5.202 10.000 73920.000
-6.701 9.837 5.135 11.000 73931.000
-6.756 9.993 5.094 9.000 73940.000
-6.524 10.141 5.073 10.000 73950.000
-6.198 10.247 5.054 10.000 73960.000
-5.975 10.268 5.058 10.000 73970.000
-5.511 10.125 4.994 10.000 73980.000
-5.070 9.665 4.766 14.000 73994.000
-4.723 9.248 4.537 6.000 74000.000
-3.940 8.870 4.062 10.000 74010.000
-3.399 8.657 3.658 10.000 74020.000
-2.777 8.389 3.275 10.000 74030.000
-2.126 8.142 2.820 10.000 74040.000
-1.910 7.857 2.609 10.000 74050.000
-1.836 8.116 2.121 10.000 74060.000
-1.948 8.681 1.771 10.000 74070.000
-1.764 8.942 1.549 10.000 74080.000
-1.357 8.647 1.249 10.000 74090.000
-0.809 7.809 1.228 10.000 74100.000
-0.227 6.773 1.108 10.000 74110.000
-0.112 6.002 0.818 13.000 74123.000
-0.220 5.786 0.605 7.000 74130.000
-0.481 5.533 0.567 10.000 74140.000
-0.775 5.477 0.627 10.000 74150.000
-1.017 5.463 0.825 12.000 74162.000
-1.367 5.319 1.194 8.000 74170.000
-1.563 5.214 1.388 10.000 74180.000
-1.879 4.967 1.817 10.000 74190.000
-2.106 4.697 2.221 10.000 74200.000
-2.193 4.498 2.710 10.000 74210.000
-2.341 4.388 3.394 10.000 74220.000
-2.370 4.419 3.845 10.000 74230.000
-2.418 4.556 4.237 10.000 74240.000
-2.499 4.750 4.376 10.000 74250.000
-2.075 4.829 4.359 10.000 74260.000
-1.501 4.651 4.120 10.000 74270.000
-0.907 4.369 3.938 10.000 74280.000
-0.205 3.912 3.591 10.000 74290.000
0.442 3.502 3.593 13.000 74303.000
0.940 3.349 3.818 7.000 74310.000
1.177 3.016 4.139 10.000 74320.000
1.307 2.858 4.625 10.000 74330.000
1.072 2.482 5.276 10.000 74340.000
1.058 2.003 5.521 10.000 74350.000
1.304 1.704 5.669 10.000 74360.000
1.802 1.278 5.719 10.000 74370.000
2.274 1.048 5.214 10.000 74380.000
3.265 0.881 5.145 10.000 74390.000
4.333 0.682 5.621 10.000 74400.000
5.149 0.610 6.196 10.000 74410.000
5.602 0.588 6.986 10.000 74420.000
5.025 0.749 8.094 10.000 74430.000
4.371 0.940 8.657 10.000 74440.000
3.660 1.225 9.272 10.000 74450.000
3.313 1.460 9.672 10.000 74460.000
3.478 1.618 9.435 12.000 74472.000
3.976 1.690 8.585 8.000 74480.000
4.532 1.668 7.682 10.000 74490.000
5.475 1.651 6.691 10.000 74500.000
6.196 1.570 5.990 10.000 74510.000
6.555 1.493 5.889 10.000 74520.000
6.816 1.197 5.580 10.000 74530.000
6.689 0.895 5.360 10.000 74540.000
6.797 -0.122 5.233 10.000 74550.000
6.040 -2.061 5.298 10.000 74560.000
5.382 -3.780 5.571 10.000 74570.000
4.884 -5.305 5.628 10.000 74580.000
4.151 -6.114 5.592 10.000 74590.000
4.469 -5.537 5.549 10.000 74600.000
5.011 -4.941 5.592 10.000 74610.000
5.391 -4.539 5.851 10.000 74620.000
6.026 -3.940 6.042 10.000 74630.000
6.502 -3.725 6.062 10.000 74640.000
6.600 -3.265 5.674 10.000 74650.000
6.828 -3.100 5.202 14.000 74664.000
6.801 -3.131 4.797 6.000 74670.000
6.078 -3.629 4.060 10.000 74680.000
5.379 -5.063 3.782 10.000 74690.000
4.551 -6.203 3.588 12.000 74702.000
3.368 -7.659 3.746 12.000 74714.000
2.882 -8.647 4.237 6.000 74720.000
2.616 -8.722 5.125 10.000 74730.000
2.542 -8.647 5.580 10.000 74740.000
2.822 -8.257 5.683 13.000 74753.000
3.081 -8.140 6.083 7.000 74760.000
3.251 -8.264 5.947 10.000 74770.000
2.109 -8.791 6.323 10.000 74780.000
0.308 -9.129 6.574 10.000 74790.000
-1.470 -9.193 6.528 14.000 74804.000
-3.435 -8.817 6.548 6.000 74810.000
-4.481 -7.735 6.311 10.000 74820.000
-4.869 -6.842 6.198 11.000 74831.000
-6.026 -5.834 6.327 9.000 74840.000
-6.995 -5.267 6.392 10.000 74850.000
-8.480 -5.068 6.466 10.000 74860.000
-11.786 -4.271 6.926 10.000 74870.000
-14.324 -3.588 7.144 14.000 74884.000
-16.950 -2.944 7.716 6.000 74890.000
-18.861 -2.384 8.456 10.000 74900.000
-18.662 -2.284 9.323 10.000 74910.000
-18.550 -2.382 10.333 10.000 74920.000
-18.349 -2.442 10.989 10.000 74930.000
-18.229 -2.841 12.107 10.000 74940.000
-18.397 -3.380 12.713 9.000 74949.000
-17.563 -3.021 13.287 10.000 74959.000
-16.160 -2.159 13.632 11.000 74970.000
-14.384 -1.046 13.565 13.000 74983.000
-12.607 0.067 13.498 6.000 74989.000
-10.975 0.847 12.746 11.000 75000.000
-9.911 1.125 12.224 9.000 75009.000
-8.954 2.128 11.159 11.000 75020.000
-7.996 3.131 10.093 9.000 75029.000
-7.680 3.960 9.222 14.000 75043.000
-7.733 4.469 8.530 6.000 75049.000
-7.972 4.343 8.331 10.000 75059.000
-7.946 4.170 8.066 11.000 75070.000
-8.049 3.806 8.178 9.000 75079.000
-7.927 3.711 8.212 11.000 75090.000
-7.939 3.632 7.922 10.000 75100.000
-8.216 3.598 7.699 10.000 75110.000
-8.638 3.634 7.400 10.000 75120.000
-8.667 3.904 6.847 10.000 75130.000
-8.561 4.158 6.617 10.000 75140.000
-8.437 4.486 6.279 10.000 75150.000
-8.169 4.745 6.019 10.000 75160.000
-8.154 4.695 5.856 10.000 75170.000
-8.094 4.558 5.645 10.000 75180.000
-8.054 4.347 5.542 10.000 75190.000
-8.092 4.177 5.293 10.000 75200.000
-8.133 4.278 4.936 10.000 75210.000
-8.219 4.465 4.627 10.000 75220.000
-8.207 4.786 4.307 10.000 75230.000
-8.116 5.066 4.132 10.000 75240.000
-8.032 5.257 4.161 10.000 75250.000
-7.850 5.473 4.295 10.000 75260.000
-7.766 5.554 4.441 10.000 75270.000
-7.661 5.535 4.769 10.000 75280.000
-7.541 5.458 5.056 10.000 75290.000
-7.558 5.293 5.312 10.000 75300.000
-7.493 5.228 5.729 10.000 75310.000
-7.450 5.264 5.963 10.000 75320.000
-7.247 5.501 6.287 10.000 75330.000
-7.005 5.803 6.536 10.000 75340.000
-6.730 6.016 6.624 10.000 75350.000
-6.402 6.157 6.648 10.000 75360.000
-6.234 6.098 6.584 10.000 75370.000
-5.896 6.019 6.526 10.000 75380.000
-5.351 5.916 6.524 10.000 75390.000
-4.857 5.884 6.586 10.000 75400.000
-4.101 5.777 6.746 10.000 75410.000
-3.514 5.688 6.900 10.000 75420.000
-3.136 5.477 7.015 10.000 75430.000
-2.568 5.142 7.139 10.000 75440.000
-2.264 4.884 7.165 10.000 75450.000
-1.704 4.601 7.292 10.000 75460.000
-1.259 4.453 7.402 10.000 75470.000
-0.926 4.462 7.697 10.000 75480.000
-0.373 4.472 7.927 10.000 75490.000
-0.076 4.505 8.056 10.000 75500.000
0.663 4.630 8.157 10.000 75510.000
1.752 5.018 8.092 10.000 75520.000
2.621 5.406 8.092 10.000 75530.000
3.572 5.734 8.353 10.000 75540.000
4.079 5.971 8.643 10.000 75550.000
3.976 5.298 9.030 10.000 75560.000
3.861 4.285 9.581 10.000 75570.000
3.665 3.332 9.871 10.000 75580.000
3.646 2.473 10.067 10.000 75590.000
3.811 2.226 10.137 10.000 75600.000
3.780 2.200 9.813 11.000 75611.000
3.548 2.094 9.248 9.000 75620.000
3.138 1.896 8.777 10.000 75630.000
2.446 1.762 8.212 10.000 75640.000
1.644 1.754 8.090 10.000 75650.000
1.043 1.826 8.209 10.000 75660.000
0.203 1.745 8.647 10.000 75670.000
-0.354 1.599 9.179 10.000 75680.000
-0.811 1.223 9.519 10.000 75690.000
-1.498 0.881 9.871 10.000 75700.000
-1.946 0.691 9.904 11.000 75711.000
-2.418 0.687 9.725 9.000 75720.000
-2.671 0.905 9.524 10.000 75730.000
-2.578 1.376 9.157 10.000 75740.000
-2.293 2.336 8.504 10.000 75750.000
-1.984 3.112 8.063 10.000 75760.000
-1.522 4.256 7.489 10.000 75770.000
-1.379 5.106 7.350 10.000 75780.000
-1.426 5.468 7.498 10.000 75790.000
-1.163 5.669 7.395 10.000 75800.000
-1.053 5.501 7.426 10.000 75810.000
-0.237 5.252 6.612 10.000 75820.000
1.053 5.008 5.331 10.000 75830.000
2.032 4.924 4.302 10.000 75840.000
3.193 4.843 2.980 10.000 75850.000
3.849 4.850 2.221 10.000 75860.000
4.046 4.888 2.001 10.000 75870.000
4.067 4.771 1.910 10.000 75880.000
3.907 4.651 2.111 10.000 75890.000
3.632 4.345 2.334 10.000 75900.000
3.347 3.761 2.475 10.000 75910.000
3.236 3.332 2.487 10.000 75920.000
3.299 2.832 2.348 10.000 75930.000
3.476 2.518 2.188 10.000 75940.000
3.696 2.346 1.865 10.000 75950.000
3.931 1.922 1.395 10.000 75960.000
3.993 1.570 1.077 10.000 75970.000
4.266 0.902 0.974 10.000 75980.000
4.491 0.335 1.043 10.000 75990.000
4.793 -0.258 1.098 10.000 76000.000
5.145 -0.964 1.577 10.000 76010.000
5.286 -1.355 1.841 10.000 76020.000
4.967 -1.831 4.091 10.000 76030.000
4.558 -2.030 6.502 10.000 76040.000
3.327 -2.145 8.937 10.000 76050.000
1.498 -1.872 11.580 10.000 76060.000
0.129 -1.513 12.236 10.000 76070.000
-0.962 -0.471 12.131 10.000 76080.000
-1.596 0.330 10.998 10.000 76090.000
-1.632 0.744 9.658 10.000 76100.000
-1.663 0.378 8.497 10.000 76110.000
-1.972 -0.670 8.097 10.000 76120.000
-1.841 -1.333 8.418 10.000 76130.000
-2.245 -1.458 8.892 10.000 76140.000
-2.655 -0.802 9.186 10.000 76150.000
-3.294 0.193 9.651 10.000 76160.000
-4.060 1.072 9.974 10.000 76170.000
-4.180 1.070 10.266 10.000 76180.000
-3.981 0.572 10.790 10.000 76190.000
-3.552 -0.265 11.145 10.000 76200.000
-3.282 -1.225 11.032 10.000 76210.000
-2.597 -1.675 10.261 10.000 76220.000
-2.231 -1.630 9.258 10.000 76230.000
-2.616 -2.643 8.930 10.000 76240.000
-2.844 -3.533 9.069 10.000 76250.000
-3.737 -3.442 10.201 10.000 76260.000
-4.747 -3.330 11.549 10.000 76270.000
-5.006 -2.159 12.222 10.000 76280.000
-5.121 -1.333 12.509 10.000 76290.000
-5.094 -1.656 12.339 13.000 76303.000
-4.529 -2.066 11.911 7.000 76310.000
-4.058 -2.226 11.525 10.000 76320.000
-3.730 -2.042 11.525 10.000 76330.000
-3.445 -1.618 11.714 10.000 76340.000
-3.739 -1.254 12.057 10.000 76350.000
-3.940 -1.139 12.356 10.000 76360.000
-4.146 -1.060 12.708 10.000 76370.000
-4.309 -1.221 12.871 10.000 76380.000
-4.276 -1.132 13.019 10.000 76390.000
-4.039 -0.888 13.146 10.000 76400.000
-3.797 -0.608 13.220 10.000 76410.000
-3.366 -0.308 13.213 10.000 76420.000
-2.973 -0.134 13.110 10.000 76430.000
-2.659 -0.090 12.971 10.000 76440.000
-2.319 -0.239 12.744 10.000 76450.000
-2.169 -0.407 12.598 10.000 76460.000
-1.869 -0.746 12.310 10.000 76470.000
-1.618 -1.151 11.980 13.000 76483.000
-1.393 -1.364 11.738 7.000 76490.000
-1.142 -1.599 11.453 10.000 76500.000
-1.039 -1.661 11.310 10.000 76510.000
-0.921 -1.697 11.180 10.000 76520.000
-0.706 -1.723 11.027 10.000 76530.000
-0.517 -1.728 10.917 10.000 76540.000
-0.344 -1.723 10.819 10.000 76550.000
-0.263 -1.704 10.807 10.000 76560.000
-0.232 -1.561 10.754 10.000 76570.000
-0.213 -1.256 10.623 10.000 76580.000
-0.177 -0.962 10.479 10.000 76590.000
-0.083 -0.562 10.256 10.000 76600.000
-0.021 -0.289 10.122 10.000 76610.000
0.052 -0.177 10.067 10.000 76620.000
0.105 0.002 10.002 10.000 76630.000
0.100 0.076 10.017 10.000 76640.000
0.090 0.215 10.036 10.000 76650.000
-0.043 0.469 10.091 10.000 76660.000
-0.155 0.656 10.156 10.000 76670.000
-0.517 0.907 10.338 10.000 76680.000
-1.012 1.108 10.553 11.000 76691.000
-1.383 1.194 10.733 9.000 76700.000
-1.735 1.326 10.817 10.000 76710.000
-1.838 1.393 10.783 10.000 76720.000
-1.838 1.582 10.647 10.000 76730.000
-1.963 1.951 10.577 10.000 76740.000
-2.106 2.274 10.603 10.000 76750.000
-2.375 2.643 10.709 10.000 76760.000
-2.624 2.868 10.855 10.000 76770.000
-2.717 2.853 11.039 10.000 76780.000
-2.806 2.786 11.109 10.000 76790.000
-2.770 2.674 11.099 10.000 76800.000
-2.750 2.559 10.929 10.000 76810.000
-2.846 2.497 10.575 22.000 76832.000
-2.942 2.489 10.369 8.000 76840.000
-3.038 2.482 10.163 10.000 76850.000
-3.028 2.506 10.093 10.000 76860.000
-2.844 2.683 10.022 10.000 76870.000
-2.664 2.858 9.916 13.000 76883.000
-2.274 3.141 9.679 7.000 76890.000
-1.972 3.394 9.466 10.000 76900.000
-1.575 3.552 9.277 10.000 76910.000
-0.928 3.751 9.026 11.000 76921.000
-0.493 3.842 8.906 9.000 76930.000
0.086 3.969 8.710 10.000 76940.000
0.478 4.046 8.571 10.000 76950.000
0.600 4.074 8.554 20.000 76970.000
0.723 4.103 8.537 14.000 76984.000
0.557 4.077 8.619 6.000 76990.000
0.418 4.118 8.755 10.000 77000.000
0.301 4.165 8.832 10.000 77010.000
0.320 4.268 8.949 10.000 77020.000
0.483 4.390 9.045 10.000 77030.000
0.663 4.386 8.980 10.000 77040.000
0.869 4.347 8.863 10.000 77050.000
0.938 4.254 8.705 10.000 77060.000
0.871 4.036 8.530 10.000 77070.000
0.761 3.878 8.461 10.000 77080.000
0.600 3.766 8.497 10.000 77090.000
0.440 3.653 8.552 10.000 77100.000
0.416 3.665 8.623 10.000 77110.000
0.411 3.646 8.743 10.000 77120.000
0.430 3.615 8.810 10.000 77130.000
0.531 3.548 8.932 10.000 77140.000
0.658 3.421 9.059 10.000 77150.000
0.766 3.325 9.138 10.000 77160.000
1.017 3.294 9.176 10.000 77170.000
1.228 3.383 9.054 10.000 77180.000
1.412 3.531 8.927 10.000 77190.000
1.565 3.617 8.676 10.000 77200.000
1.575 3.639 8.465 10.000 77210.000
1.599 3.473 8.300 10.000 77220.000
1.814 3.301 8.054 10.000 77230.000
2.061 3.191 7.931 10.000 77240.000
2.298 3.007 7.852 10.000 77250.000
2.480 2.925 7.814 10.000 77260.000
2.461 2.609 7.924 10.000 77270.000
2.521 2.114 8.046 10.000 77280.000
2.590 1.692 8.125 12.000 77292.000
2.729 1.132 8.097 8.000 77300.000
2.990 0.782 7.826 10.000 77310.000
3.172 0.612 7.544 10.000 77320.000
3.318 0.529 7.043 10.000 77330.000
3.394 0.584 6.651 10.000 77340.000
3.208 0.691 6.308 10.000 77350.000
3.014 0.845 5.956 10.000 77360.000
2.856 0.912 5.822 10.000 77370.000
2.731 1.110 5.662 10.000 77380.000
2.758 1.288 5.626 10.000 77390.000
2.750 1.508 5.621 10.000 77400.000
2.717 1.702 5.590 10.000 77410.000
2.650 1.764 5.585 10.000 77420.000
2.540 1.675 5.552 10.000 77430.000
2.382 1.383 5.743 10.000 77440.000
2.250 1.118 5.961 10.000 77450.000
2.135 0.806 6.145 10.000 77460.000
2.063 0.646 6.358 10.000 77470.000
2.406 0.476 6.466 10.000 77480.000
2.408 0.253 7.089 10.000 77490.000
2.394 0.076 7.745 10.000 77500.000
2.231 -0.100 8.451 10.000 77510.000
1.742 -0.153 9.016 10.000 77520.000
1.714 -0.081 9.004 10.000 77530.000
1.628 0.107 8.963 10.000 77540.000
1.690 0.296 8.872 10.000 77550.000
1.848 0.505 8.810 10.000 77560.000
1.869 0.541 8.999 10.000 77570.000
1.948 0.459 9.217 10.000 77580.000
1.944 0.337 9.737 10.000 77590.000
1.843 0.196 10.228 10.000 77600.000
1.661 0.057 10.455 13.000 77613.000
1.414 -0.332 10.838 7.000 77620.000
1.252 -0.682 10.919 10.000 77630.000
0.845 -0.943 11.176 10.000 77640.000
0.536 -1.106 11.506 10.000 77650.000
0.158 -0.859 11.951 10.000 77660.000
-0.062 -0.656 12.413 10.000 77670.000
-0.038 -0.541 12.701 10.000 77680.000
0.349 -0.289 12.887 10.000 77690.000
0.984 0.033 12.746 12.000 77702.000
1.460 0.399 12.588 8.000 77710.000
1.786 1.029 12.138 10.000 77720.000
1.747 1.522 11.789 10.000 77730.000
1.491 1.929 11.403 10.000 77740.000
1.252 2.422 11.171 9.000 77749.000
1.163 2.652 11.231 10.000 77759.000
1.005 3.023 11.353 11.000 77770.000
0.952 3.251 11.568 9.000 77779.000
0.873 3.605 11.590 10.000 77789.000
0.744 4.141 11.372 10.000 77799.000
0.684 4.537 11.092 10.000 77809.000
0.557 4.944 10.594 11.000 77820.000
0.730 5.068 10.309 9.000 77829.000
0.952 5.011 10.263 10.000 77839.000
1.642 5.147 10.493 10.000 77849.000
2.398 5.272 10.941 10.000 77859.000
3.009 5.621 10.975 11.000 77870.000
3.627 5.880 10.812 13.000 77883.000
3.778 5.944 10.374 7.000 77890.000
4.096 5.937 9.751 9.000 77899.000
4.271 5.774 9.370 10.000 77909.000
4.477 5.731 8.963 12.000 77921.000
4.833 5.863 8.406 9.000 77930.000
5.023 6.066 8.032 10.000 77940.000
5.252 6.440 7.627 10.000 77950.000
5.219 6.907 7.570 10.000 77960.000
5.035 7.199 7.663 10.000 77970.000
4.522 7.627 7.833 10.000 77980.000
3.969 7.886 8.034 10.000 77990.000
3.450 8.080 8.219 10.000 78000.000
2.918 8.259 8.269 10.000 78010.000
2.715 8.303 8.243 10.000 78020.000
2.592 8.169 7.934 10.000 78030.000
2.662 7.977 7.517 10.000 78040.000
2.719 7.620 6.916 10.000 78050.000
2.664 7.072 6.349 10.000 78060.000
2.528 6.701 6.064 10.000 78070.000
2.372 6.174 5.870 10.000 78080.000
2.422 5.827 5.925 10.000 78090.000
2.585 5.671 5.947 10.000 78100.000
2.789 5.427 5.837 14.000 78114.000
3.011 5.339 5.635 6.000 78120.000
3.169 5.224 5.327 10.000 78130.000
3.426 5.058 4.781 10.000 78140.000
3.641 4.982 4.367 10.000 78150.000
3.866 4.829 3.799 10.000 78160.000
3.974 4.702 3.409 10.000 78170.000
3.974 4.548 3.179 10.000 78180.000
3.991 4.410 2.853 10.000 78190.000
3.998 4.347 2.681 10.000 78200.000
3.948 4.189 2.375 10.000 78210.000
3.907 4.108 2.145 10.000 78220.000
3.797 3.730 2.006 10.000 78230.000
3.725 3.232 2.286 10.000 78240.000
3.711 2.829 2.700 10.000 78250.000
3.672 1.515 3.981 10.000 78260.000
3.239 -0.802 5.492 10.000 78270.000
2.767 -2.999 6.584 10.000 78280.000
3.593 -4.656 6.464 12.000 78292.000
4.182 -3.909 5.509 10.000 78302.000
5.219 -1.877 4.328 8.000 78310.000
5.243 1.089 3.423 10.000 78320.000
3.969 3.514 3.730 10.000 78330.000
2.731 4.513 4.467 10.000 78340.000
1.493 5.511 5.204 10.000 78350.000
1.719 5.954 5.961 10.000 78360.000
2.798 6.452 6.924 10.000 78370.000
4.103 6.885 7.424 10.000 78380.000
6.169 7.374 7.184 10.000 78390.000
7.450 7.601 5.839 10.000 78400.000
7.876 7.773 4.288 10.000 78410.000
7.750 7.663 3.593 10.000 78420.000
6.861 7.498 3.639 10.000 78430.000
5.963 6.878 4.819 10.000 78440.000
5.216 6.251 5.614 10.000 78450.000
5.023 5.906 5.552 10.000 78460.000
5.073 5.635 5.489 10.000 78470.000
5.468 5.702 5.104 10.000 78480.000
5.722 5.700 5.073 10.000 78490.000
5.980 5.683 5.157 10.000 78500.000
5.995 5.592 5.240 10.000 78510.000
6.361 5.679 5.025 10.000 78520.000
6.349 5.772 4.812 10.000 78530.000
6.332 5.880 4.484 10.000 78540.000
6.143 6.030 4.288 10.000 78550.000
5.602 6.004 4.390 10.000 78560.000
5.413 6.100 4.388 10.000 78570.000
5.274 6.150 4.479 10.000 78580.000
5.307 6.157 4.438 10.000 78590.000
5.442 6.145 4.290 10.000 78600.000
5.592 6.081 4.276 10.000 78610.000
5.784 6.074 4.000 10.000 78620.000
5.987 6.007 3.912 10.000 78630.000
6.090 5.959 3.931 10.000 78640.000
6.215 5.971 3.892 10.000 78650.000
6.212 6.016 3.979 10.000 78660.000
6.198 6.121 3.878 10.000 78670.000
6.217 6.143 3.823 10.000 78680.000
6.215 6.105 3.825 10.000 78690.000
6.258 6.007 3.775 10.000 78700.000
6.313 6.040 3.703 10.000 78710.000
6.335 6.157 3.586 10.000 78720.000
6.303 6.239 3.497 10.000 78730.000
6.263 6.335 3.505 10.000 78740.000
6.210 6.272 3.615 10.000 78750.000
6.208 6.244 3.588 10.000 78760.000
6.258 6.251 3.533 10.000 78770.000
6.306 6.253 3.471 10.000 78780.000
6.361 6.244 3.332 10.000 78790.000
6.366 6.200 3.330 10.000 78800.000
6.387 6.141 3.330 10.000 78810.000
6.411 6.086 3.337 10.000 78820.000
6.414 6.117 3.373 10.000 78830.000
6.418 6.203 3.392 10.000 78840.000
6.406 6.306 3.409 10.000 78850.000
6.402 6.332 3.392 10.000 78860.000
6.411 6.311 3.342 10.000 78870.000
6.442 6.205 3.258 10.000 78880.000
6.428 6.040 3.134 10.000 78890.000
6.406 5.951 3.043 10.000 78900.000
6.512 5.889 2.928 10.000 78910.000
6.282 6.308 3.076 10.000 78920.000
6.098 6.787 3.265 10.000 78930.000
5.882 6.919 3.557 10.000 78940.000
5.540 7.024 3.873 10.000 78950.000
5.849 6.500 3.481 10.000 78960.000
6.110 6.133 3.263 10.000 78970.000
6.402 6.114 2.942 10.000 78980.000
6.483 6.217 2.786 10.000 78990.000
6.224 6.497 3.126 10.000 79000.000
6.160 6.528 3.232 10.000 79010.000
6.121 6.485 3.282 10.000 79020.000
6.294 6.320 3.167 10.000 79030.000
6.392 6.284 3.148 10.000 79040.000
6.342 6.392 3.301 10.000 79050.000
6.265 6.574 3.509 10.000 79060.000
6.191 6.622 3.660 10.000 79070.000
6.191 6.540 3.715 10.000 79080.000
6.265 6.344 3.418 10.000 79090.000
6.373 6.167 3.236 10.000 79100.000
6.478 6.124 3.112 10.000 79110.000
6.469 6.078 3.071 10.000 79120.000
6.387 6.095 3.270 10.000 79130.000
6.323 6.193 3.282 10.000 79140.000
6.141 6.282 3.287 10.000 79150.000
6.074 6.373 3.208 10.000 79160.000
6.057 6.461 3.162 10.000 79170.000
5.992 6.397 3.186 10.000 79180.000
6.045 6.342 3.217 10.000 79190.000
6.119 6.330 3.280 10.000 79200.000
6.143 6.320 3.308 10.000 79210.000
6.160 6.296 3.205 10.000 79220.000
6.110 6.363 3.153 10.000 79230.000
6.038 6.387 3.069 10.000 79240.000
5.928 6.433 3.050 10.000 79250.000
5.822 6.545 3.165 10.000 79260.000
5.908 6.574 3.241 10.000 79270.000
5.985 6.500 3.256 10.000 79280.000
6.100 6.404 3.205 10.000 79290.000
6.191 6.315 3.095 10.000 79300.000
6.110 6.277 3.138 10.000 79310.000
6.038 6.342 3.244 10.000 79320.000
6.009 6.476 3.368 10.000 79330.000
6.004 6.603 3.552 10.000 79340.000
6.033 6.593 3.521 10.000 79350.000
6.004 6.579 3.385 10.000 79360.000
5.932 6.495 3.229 10.000 79370.000
5.875 6.481 3.222 10.000 79380.000
5.832 6.545 3.265 10.000 79390.000
5.904 6.557 3.318 10.000 79400.000
5.999 6.564 3.421 10.000 79410.000
6.081 6.502 3.375 10.000 79420.000
6.052 6.461 3.313 10.000 79430.000
5.966 6.478 3.347 10.000 79440.000
5.849 6.596 3.351 10.000 79450.000
5.762 6.710 3.418 10.000 79460.000
5.786 6.804 3.502 10.000 79470.000
5.777 6.825 3.505 10.000 79480.000
5.805 6.730 3.442 10.000 79490.000
5.803 6.636 3.318 10.000 79500.000
5.789 6.584 3.210 10.000 79510.000
5.808 6.603 3.184 10.000 79520.000
5.810 6.682 3.284 10.000 79530.000
5.839 6.749 3.404 10.000 79540.000
5.880 6.775 3.507 10.000 79550.000
5.877 6.792 3.502 10.000 79560.000
5.861 6.770 3.414 10.000 79570.000
5.808 6.749 3.359 10.000 79580.000
5.762 6.696 3.308 10.000 79590.000
5.760 6.653 3.366 10.000 79600.000
5.872 6.545 3.272 10.000 79610.000
5.973 6.440 3.514 10.000 79620.000
6.066 6.366 3.751 10.000 79630.000
6.102 6.327 3.790 10.000 79640.000
6.023 6.354 3.979 10.000 79650.000
5.887 6.459 3.576 10.000 79660.000
5.604 6.787 3.622 10.000 79670.000
5.379 7.079 3.866 10.000 79680.000
5.157 7.247 3.916 10.000 79690.000
5.013 7.345 4.170 10.000 79700.000
5.245 7.082 3.878 9.000 79709.000
5.480 6.766 3.552 10.000 79719.000
5.712 6.574 3.421 10.000 79729.000
5.887 6.416 3.306 11.000 79740.000
5.978 6.342 3.102 9.000 79749.000
6.066 6.320 2.932 10.000 79759.000
6.189 6.277 2.959 11.000 79770.000
6.368 6.200 2.968 9.000 79779.000
6.157 6.301 3.191 11.000 79790.000
5.853 6.485 3.356 10.000 79800.000
5.516 6.691 3.325 9.000 79809.000
5.226 6.706 3.277 11.000 79820.000
5.181 6.598 3.203 9.000 79829.000
5.633 6.679 3.110 10.000 79839.000
5.985 6.545 2.899 10.000 79849.000
6.289 6.603 2.705 10.000 79859.000
6.545 6.593 2.408 11.000 79870.000
6.337 6.138 2.360 9.000 79879.000
6.229 5.899 2.430 11.000 79890.000
6.193 6.184 2.770 9.000 79899.000
6.205 6.536 3.213 11.000 79910.000
6.174 7.070 3.521 10.000 79920.000
5.961 7.405 3.787 10.000 79930.000
5.676 7.216 3.782 10.000 79940.000
5.442 7.053 3.667 10.000 79950.000
5.310 6.880 3.514 10.000 79960.000
5.339 6.957 3.485 10.000 79970.000
5.339 6.981 3.529 10.000 79980.000
5.288 6.979 3.682 10.000 79990.000
5.386 6.962 3.615 10.000 80000.000
5.499 6.892 3.399 9.000 80009.000
5.640 6.876 3.112 11.000 80020.000
5.669 6.842 2.985 10.000 80030.000
5.549 6.823 3.078 10.000 80040.000
5.533 6.696 3.112 10.000 80050.000
5.612 6.617 3.189 10.000 80060.000
5.803 6.555 3.105 10.000 80070.000
5.911 6.507 3.169 9.000 80079.000
5.923 6.569 3.361 10.000 80089.000
5.743 6.698 3.512 10.000 80099.000
5.564 6.804 3.675 10.000 80109.000
5.468 6.895 3.689 11.000 80120.000
5.461 6.971 3.538 10.000 80130.000
5.523 6.983 3.493 10.000 80140.000
5.585 7.019 3.435 10.000 80150.000
5.631 6.981 3.521 10.000 80160.000
5.588 6.957 3.773 10.000 80170.000
5.626 6.926 3.687 9.000 80179.000
5.621 6.739 3.591 11.000 80190.000
5.633 6.627 3.351 11.000 80201.000
5.702 6.742 3.265 8.000 80209.000
5.717 6.813 3.409 11.000 80220.000
5.700 6.880 3.495 10.000 80230.000
5.853 6.758 3.531 9.000 80239.000
5.949 6.409 3.414 11.000 80250.000
5.987 6.387 3.224 9.000 80259.000
5.750 6.569 3.402 11.000 80270.000
5.343 6.940 3.629 9.000 80279.000
5.130 7.228 3.737 11.000 80290.000
4.975 7.187 3.916 9.000 80299.000
5.279 7.127 3.682 10.000 80309.000
5.463 6.988 3.509 11.000 80320.000
5.453 6.933 3.457 9.000 80329.000
5.504 6.861 3.361 11.000 80340.000
5.444 6.766 3.380 10.000 80350.000
5.537 6.763 3.318 10.000 80360.000
5.607 6.773 3.339 10.000 80370.000
5.616 6.799 3.404 10.000 80380.000
5.643 6.825 3.366 10.000 80390.000
5.635 6.837 3.347 10.000 80400.000
5.631 6.794 3.313 10.000 80410.000
5.638 6.761 3.282 10.000 80420.000
5.628 6.727 3.354 10.000 80430.000
5.621 6.744 3.411 10.000 80440.000
5.626 6.773 3.469 10.000 80450.000
5.619 6.792 3.524 10.000 80460.000
5.619 6.789 3.509 10.000 80470.000
5.616 6.737 3.509 10.000 80480.000
5.616 6.725 3.394 10.000 80490.000
5.592 6.758 3.404 10.000 80500.000
5.561 6.813 3.483 10.000 80510.000
5.592 6.849 3.505 10.000 80520.000
5.631 6.876 3.572 10.000 80530.000
5.688 6.758 3.445 10.000 80540.000
5.731 6.703 3.414 10.000 80550.000
5.712 6.667 3.440 10.000 80560.000
5.691 6.670 3.428 10.000 80570.000
5.667 6.703 3.421 10.000 80580.000
5.657 6.675 3.318 10.000 80590.000
5.693 6.677 3.251 10.000 80600.000
5.731 6.641 3.222 10.000 80610.000
5.738 6.672 3.315 10.000 80620.000
5.741 6.720 3.404 10.000 80630.000
5.698 6.737 3.457 10.000 80640.000
5.674 6.737 3.447 10.000 80650.000
5.688 6.737 3.380 10.000 80660.000
5.686 6.737 3.366 10.000 80670.000
5.683 6.775 3.368 10.000 80680.000
5.662 6.830 3.433 10.000 80690.000
5.640 6.849 3.445 11.000 80701.000
5.674 6.816 3.418 9.000 80710.000
5.707 6.744 3.375 10.000 80720.000
5.736 6.679 3.268 10.000 80730.000
5.765 6.651 3.213 10.000 80740.000
5.734 6.663 3.191 10.000 80750.000
5.686 6.732 3.198 10.000 80760.000
5.643 6.794 3.270 10.000 80770.000
5.590 6.811 3.368 10.000 80780.000
5.564 6.823 3.423 10.000 80790.000
5.583 6.804 3.438 10.000 80800.000
5.535 6.720 3.418 10.000 80810.000
5.497 6.682 3.373 10.000 80820.000
5.499 6.749 3.383 10.000 80830.000
5.492 6.751 3.399 10.000 80840.000
5.552 6.818 3.450 10.000 80850.000
5.597 6.861 3.550 10.000 80860.000
5.602 6.799 3.596 10.000 80870.000
5.628 6.801 3.569 10.000 80880.000
5.631 6.789 3.579 10.000 80890.000
5.647 6.801 3.538 10.000 80900.000
5.676 6.789 3.426 10.000 80910.000
5.657 6.797 3.459 10.000 80920.000
5.662 6.818 3.457 10.000 80930.000
5.588 6.864 3.526 10.000 80940.000
5.501 6.933 3.667 10.000 80950.000
5.432 6.959 3.653 10.000 80960.000
5.339 6.969 3.603 10.000 80970.000
5.324 6.955 3.481 10.000 80980.000
5.315 6.928 3.387 10.000 80990.000
5.295 6.900 3.380 10.000 81000.000
5.329 6.921 3.433 10.000 81010.000
5.372 6.928 3.483 10.000 81020.000
5.410 6.947 3.505 10.000 81030.000
5.444 6.947 3.493 10.000 81040.000
5.449 6.914 3.457 10.000 81050.000
5.444 6.897 3.442 10.000 81060.000
5.444 6.885 3.452 10.000 81070.000
5.449 6.892 3.495 10.000 81080.000
5.458 6.907 3.464 10.000 81090.000
5.451 6.921 3.471 10.000 81100.000
5.439 6.931 3.454 10.000 81110.000
5.446 6.916 3.375 10.000 81120.000
5.449 6.895 3.371 10.000 81130.000
5.521 6.816 3.287 10.000 81140.000
5.537 6.861 3.289 10.000 81150.000
5.535 6.931 3.354 10.000 81160.000
5.461 7.017 3.495 10.000 81170.000
5.334 7.158 3.658 10.000 81180.000
5.295 7.192 3.679 10.000 81190.000
5.286 7.189 3.775 10.000 81200.000
5.348 7.170 3.794 10.000 81210.000
5.398 7.127 3.785 10.000 81220.000
5.437 7.129 3.909 10.000 81230.000
5.446 7.168 3.960 10.000 81240.000
5.442 7.113 3.655 10.000 81250.000
5.449 7.082 3.380 10.000 81260.000
5.549 6.943 3.138 11.000 81271.000
5.832 6.555 2.722 9.000 81280.000
6.129 6.260 2.659 10.000 81290.000
6.406 6.023 2.698 10.000 81300.000
6.569 5.832 2.624 10.000 81310.000
6.490 5.995 2.695 10.000 81320.000
6.181 6.263 2.935 10.000 81330.000
5.892 6.473 3.074 10.000 81340.000
5.549 6.756 3.284 10.000 81350.000
5.353 6.924 3.529 10.000 81360.000
5.386 6.986 3.605 10.000 81370.000
5.453 7.036 3.665 10.000 81380.000
5.573 7.015 3.653 10.000 81390.000
5.686 6.859 3.435 10.000 81400.000
5.791 6.672 3.246 10.000 81410.000
5.863 6.497 3.074 10.000 81420.000
5.930 6.442 2.956 10.000 81430.000
5.791 6.725 3.299 11.000 81441.000
5.659 7.038 3.612 9.000 81450.000
5.497 7.311 3.902 10.000 81460.000
5.339 7.465 4.137 10.000 81470.000
5.468 7.261 3.658 10.000 81480.000
5.592 7.019 3.284 10.000 81490.000
5.748 6.818 2.935 10.000 81500.000
6.004 6.471 2.458 10.000 81510.000
6.100 6.287 2.437 10.000 81520.000
6.447 6.268 2.336 10.000 81530.000
6.421 6.390 2.561 11.000 81541.000
6.294 6.658 2.913 8.000 81549.000
6.016 6.964 3.351 11.000 81560.000
5.492 7.144 3.763 10.000 81570.000
5.248 7.184 4.005 9.000 81579.000
5.035 7.151 4.110 11.000 81590.000
4.972 7.079 4.129 10.000 81600.000
5.068 6.943 3.864 10.000 81610.000
5.257 6.804 3.442 10.000 81620.000
5.453 6.782 3.258 9.000 81629.000
5.592 6.785 3.090 10.000 81639.000
5.573 6.852 3.208 10.000 81649.000
