# Accelerometer Data File
# 
#
#
# sensor Vendor: Bosch
# sensor Name: BMA254
# sensor Resolution: 0.009576807m/sec^2; Max Range: 39.2; Min Delay: 10000 microseconds
# The sensor's attributes are the result hardware and the Android capabilities.
# It means that the Android may not utilize all features provided by the hardware.
#
# Some devices and Android versions save battery too much so the device may go to sleep.
# It just happens after couple of minutes from turning off the scree and it is easy to find it out.
#
# The following file provides the data from accelerometer in the m/s^2 format.
# The diff value is just a time delta between the samples
#
#
# data format:
# so we have 4 columns with values separated by the " "
# X Y Z time_from_previous_sample(ms)

# sensor speed set to:FASTEST
# units set to: m/sec^2
# gravity NOT filtered out
# Accuracy: HIGH
0.672 -1.592 6.026 11.000 66990.000
1.163 -0.957 5.027 9.000 66999.000
1.240 -0.407 4.723 10.000 67009.000
1.300 0.191 4.429 10.000 67019.000
1.352 0.435 4.584 11.000 67030.000
1.206 0.486 4.560 9.000 67039.000
0.991 0.339 4.390 10.000 67049.000
0.596 -0.090 3.801 10.000 67059.000
0.110 -0.632 3.057 10.000 67069.000
-0.177 -0.979 2.492 10.000 67079.000
-0.447 -1.379 1.968 10.000 67089.000
-0.521 -1.541 1.853 10.000 67099.000
-0.383 -1.709 1.742 10.000 67109.000
0.035 -2.090 1.680 12.000 67121.000
0.438 -2.418 1.577 9.000 67130.000
1.256 -2.992 1.709 9.000 67139.000
2.439 -3.490 1.996 11.000 67150.000
3.342 -3.775 2.236 10.000 67160.000
4.515 -3.861 2.473 10.000 67170.000
5.272 -3.701 2.475 10.000 67180.000
5.444 -3.519 2.614 10.000 67190.000
5.403 -3.689 3.531 10.000 67200.000
5.092 -4.058 4.450 10.000 67210.000
4.493 -4.730 5.925 9.000 67219.000
3.993 -5.386 7.259 10.000 67229.000
4.043 -5.748 7.970 10.000 67239.000
4.611 -6.126 8.216 10.000 67249.000
5.465 -6.200 7.908 10.000 67259.000
6.521 -6.514 7.426 10.000 67269.000
7.268 -6.976 6.509 10.000 67279.000
7.498 -7.422 6.057 10.000 67289.000
7.754 -7.955 5.255 10.000 67299.000
7.809 -8.250 4.625 10.000 67309.000
7.639 -8.398 4.252 30.000 67339.000
7.302 -8.300 4.005 10.000 67349.000
6.938 -8.113 4.108 10.000 67359.000
6.323 -7.738 4.259 10.000 67369.000
5.561 -7.137 4.261 10.000 67379.000
4.967 -6.782 4.137 11.000 67390.000
4.185 -6.184 3.727 9.000 67399.000
3.699 -5.298 3.809 11.000 67410.000
3.555 -4.577 4.062 9.000 67419.000
3.292 -3.414 5.185 10.000 67429.000
3.217 -2.494 6.593 10.000 67439.000
2.940 -1.975 8.269 10.000 67449.000
3.117 -2.178 9.174 30.000 67479.000
3.414 -2.825 9.210 10.000 67489.000
5.104 -2.851 10.048 10.000 67499.000
4.939 -3.421 9.921 10.000 67509.000
4.319 -3.268 10.565 11.000 67520.000
4.000 -2.516 12.938 9.000 67529.000
2.288 -2.384 14.508 10.000 67539.000
1.960 -1.264 16.043 10.000 67549.000
0.239 0.093 16.924 10.000 67559.000
-1.783 0.852 16.077 10.000 67569.000
-2.595 1.982 13.742 10.000 67579.000
-1.561 2.717 11.238 11.000 67590.000
0.866 3.215 9.387 9.000 67599.000
3.004 3.742 7.539 10.000 67609.000
3.931 3.897 7.177 10.000 67619.000
3.732 4.024 7.381 11.000 67630.000
2.501 3.809 7.690 10.000 67640.000
1.561 3.564 7.996 9.000 67649.000
0.615 4.244 8.303 10.000 67659.000
-0.421 4.826 8.408 10.000 67669.000
-0.351 5.444 8.525 10.000 67679.000
-0.043 5.784 8.714 10.000 67689.000
0.270 5.200 8.904 10.000 67699.000
0.644 4.881 8.916 10.000 67709.000
0.876 4.915 8.690 10.000 67719.000
0.869 5.226 8.394 10.000 67729.000
0.876 5.841 8.092 10.000 67739.000
0.823 6.191 7.967 10.000 67749.000
0.612 5.743 8.307 10.000 67759.000
0.093 4.778 8.836 10.000 67769.000
-0.440 3.509 9.370 10.000 67779.000
-0.914 2.894 9.722 11.000 67790.000
-1.163 3.031 9.730 10.000 67800.000
-1.000 4.141 9.342 10.000 67810.000
-0.699 4.948 8.954 10.000 67820.000
-0.457 5.102 8.748 10.000 67830.000
0.033 4.848 8.621 10.000 67840.000
0.385 4.074 8.690 10.000 67850.000
0.598 3.605 8.760 10.000 67860.000
0.617 3.397 8.832 10.000 67870.000
0.387 3.596 8.825 10.000 67880.000
0.064 3.983 8.920 10.000 67890.000
-0.371 4.316 9.167 10.000 67900.000
-0.612 4.388 9.411 9.000 67909.000
-0.926 4.627 9.945 11.000 67920.000
-1.110 4.740 10.386 10.000 67930.000
-1.278 5.209 10.781 9.000 67939.000
-1.292 5.396 11.231 11.000 67950.000
-1.235 5.415 11.391 10.000 67960.000
-1.048 5.367 11.621 10.000 67970.000
-0.761 5.135 11.657 10.000 67980.000
-0.627 5.185 11.638 10.000 67990.000
-0.459 5.166 11.571 10.000 68000.000
-0.421 5.214 11.434 10.000 68010.000
-0.330 4.910 11.324 9.000 68019.000
-0.205 4.498 11.173 11.000 68030.000
-0.114 4.156 11.070 11.000 68041.000
-0.071 3.840 10.893 8.000 68049.000
-0.086 3.758 10.778 10.000 68059.000
-0.107 3.754 10.764 10.000 68069.000
-0.002 3.754 10.833 10.000 68079.000
0.150 3.727 10.977 10.000 68089.000
0.423 3.790 11.176 10.000 68099.000
0.588 3.881 11.398 10.000 68109.000
0.627 3.967 11.537 10.000 68119.000
0.905 4.194 11.631 10.000 68129.000
1.063 4.333 11.669 10.000 68139.000
1.668 4.525 11.516 10.000 68149.000
2.351 4.582 11.257 10.000 68159.000
2.794 4.498 11.044 10.000 68169.000
3.179 4.424 10.737 11.000 68180.000
3.198 4.299 10.539 10.000 68190.000
3.251 4.326 10.287 9.000 68199.000
3.062 4.218 9.988 10.000 68209.000
2.930 4.101 9.782 10.000 68219.000
2.492 3.775 9.595 10.000 68229.000
1.747 3.222 9.581 10.000 68239.000
1.244 2.803 9.615 10.000 68249.000
0.548 2.205 9.636 10.000 68259.000
0.158 1.814 9.639 10.000 68269.000
-0.311 1.491 9.512 10.000 68279.000
-0.890 1.347 9.392 10.000 68289.000
-1.276 1.383 9.284 10.000 68299.000
-1.671 1.632 9.346 10.000 68309.000
-1.790 2.025 9.524 10.000 68319.000
-1.668 2.082 9.744 10.000 68329.000
-1.302 1.666 9.919 10.000 68339.000
-0.926 1.036 9.923 10.000 68349.000
-0.524 0.488 9.780 10.000 68359.000
-0.433 0.402 9.540 10.000 68369.000
-0.586 0.790 9.346 10.000 68379.000
-0.730 1.146 9.193 11.000 68390.000
-0.900 1.422 9.188 10.000 68400.000
-0.711 1.110 9.124 10.000 68410.000
-0.505 0.490 9.011 20.000 68430.000
-0.486 -0.241 8.985 10.000 68440.000
-0.466 -0.974 8.959 10.000 68450.000
-0.723 -1.438 9.117 10.000 68460.000
-0.921 -1.544 9.265 10.000 68470.000
-0.943 -1.505 9.287 10.000 68480.000
-0.782 -1.474 9.217 10.000 68490.000
-0.433 -1.541 9.004 20.000 68510.000
0.045 -1.742 8.762 10.000 68520.000
0.524 -1.944 8.520 10.000 68530.000
1.065 -2.195 8.310 10.000 68540.000
1.632 -2.363 8.159 10.000 68550.000
1.996 -2.446 8.094 10.000 68560.000
2.506 -2.530 8.087 9.000 68569.000
2.772 -2.557 8.140 11.000 68580.000
3.019 -2.710 8.281 10.000 68590.000
3.337 -2.861 8.391 10.000 68600.000
3.509 -3.011 8.444 10.000 68610.000
3.792 -3.100 8.398 9.000 68619.000
3.974 -3.035 8.269 11.000 68630.000
4.209 -2.942 8.044 10.000 68640.000
4.515 -2.822 7.752 10.000 68650.000
4.711 -2.765 7.558 10.000 68660.000
4.999 -2.652 7.400 20.000 68680.000
5.161 -2.571 7.369 10.000 68690.000
5.169 -2.482 7.493 10.000 68700.000
5.176 -2.394 7.618 9.000 68709.000
4.989 -2.312 7.771 11.000 68720.000
4.721 -2.159 7.987 10.000 68730.000
4.537 -2.039 8.113 9.000 68739.000
4.299 -1.817 8.353 11.000 68750.000
4.165 -1.642 8.528 10.000 68760.000
4.153 -1.570 8.724 9.000 68769.000
4.086 -1.491 8.882 11.000 68780.000
4.072 -1.515 8.927 10.000 68790.000
3.505 -1.510 8.839 10.000 68800.000
2.885 -1.443 8.829 10.000 68810.000
2.319 -1.383 8.858 10.000 68820.000
2.013 -1.407 9.212 10.000 68830.000
2.260 -1.460 9.701 10.000 68840.000
2.363 -1.462 10.125 10.000 68850.000
2.317 -1.381 10.666 10.000 68860.000
2.013 -1.216 10.881 10.000 68870.000
1.932 -0.883 10.943 10.000 68880.000
2.006 -0.632 10.907 10.000 68890.000
2.497 -0.234 10.314 10.000 68900.000
2.985 0.193 9.404 9.000 68909.000
3.251 0.454 8.647 11.000 68920.000
3.512 0.634 7.750 10.000 68930.000
3.629 0.476 7.340 10.000 68940.000
3.749 0.287 7.247 10.000 68950.000
3.943 0.227 7.194 10.000 68960.000
4.141 0.248 7.283 10.000 68970.000
3.462 0.402 7.706 10.000 68980.000
2.906 0.541 8.506 10.000 68990.000
2.276 0.550 9.265 10.000 69000.000
2.233 0.699 9.572 10.000 69010.000
2.944 0.823 9.495 10.000 69020.000
3.466 1.142 8.868 10.000 69030.000
4.098 1.429 8.470 10.000 69040.000
4.144 1.577 8.525 10.000 69050.000
4.110 1.735 8.686 10.000 69060.000
0.605 1.508 8.535 10.000 69070.000
-3.009 1.312 8.154 10.000 69080.000
-1.637 2.123 7.340 10.000 69090.000
-0.186 2.925 6.421 10.000 69100.000
6.090 3.624 6.399 10.000 69110.000
10.907 3.897 7.031 10.000 69120.000
10.737 3.162 8.097 10.000 69130.000
9.203 3.019 8.726 10.000 69140.000
6.378 3.184 8.944 10.000 69150.000
5.614 3.986 8.082 10.000 69160.000
5.470 4.460 6.859 10.000 69170.000
6.691 4.343 6.071 10.000 69180.000
8.966 4.333 5.008 10.000 69190.000
9.069 3.653 4.465 10.000 69200.000
8.552 3.301 4.283 10.000 69210.000
6.272 3.256 4.625 9.000 69219.000
2.940 3.102 5.243 11.000 69230.000
0.368 3.818 6.461 10.000 69240.000
-2.236 4.369 8.396 10.000 69250.000
-3.078 4.613 9.806 10.000 69260.000
-3.940 4.656 11.573 10.000 69270.000
-3.993 4.290 12.646 10.000 69280.000
-3.960 4.072 13.022 10.000 69290.000
-3.749 4.041 13.374 10.000 69300.000
-3.519 4.211 13.369 10.000 69310.000
-3.114 4.328 13.091 10.000 69320.000
-2.695 4.534 12.473 10.000 69330.000
-2.454 4.553 11.880 10.000 69340.000
-1.889 4.697 11.070 10.000 69350.000
-1.498 4.893 10.534 10.000 69360.000
-0.816 4.769 10.141 10.000 69370.000
-0.055 4.575 9.627 10.000 69380.000
0.383 4.256 9.327 10.000 69390.000
0.845 3.813 9.059 10.000 69400.000
0.948 3.620 8.968 10.000 69410.000
0.964 3.557 9.023 10.000 69420.000
0.981 3.730 8.987 10.000 69430.000
0.974 4.027 8.920 10.000 69440.000
0.950 4.469 9.085 10.000 69450.000
0.957 5.046 9.224 10.000 69460.000
0.964 5.389 9.454 10.000 69470.000
1.034 5.813 9.667 10.000 69480.000
1.120 6.090 9.648 10.000 69490.000
1.120 6.117 9.555 10.000 69500.000
1.034 6.148 9.375 10.000 69510.000
0.885 6.098 9.212 10.000 69520.000
0.715 6.105 9.054 10.000 69530.000
0.608 6.167 8.973 10.000 69540.000
0.557 6.260 9.028 10.000 69550.000
0.442 6.440 9.200 10.000 69560.000
0.349 6.562 9.368 10.000 69570.000
0.201 6.895 9.619 10.000 69580.000
-0.035 7.448 9.840 10.000 69590.000
-0.208 7.915 9.943 10.000 69600.000
-0.471 8.427 10.038 10.000 69610.000
-0.679 8.729 10.050 10.000 69620.000
-0.790 8.607 10.074 10.000 69630.000
-0.976 8.324 10.180 10.000 69640.000
-1.072 7.996 10.292 10.000 69650.000
-1.197 7.625 10.309 10.000 69660.000
-1.302 7.422 10.295 10.000 69670.000
-1.130 7.309 9.940 10.000 69680.000
-0.723 7.120 9.179 10.000 69690.000
-0.287 6.974 8.513 10.000 69700.000
0.466 6.811 7.513 10.000 69710.000
1.019 6.718 6.770 10.000 69720.000
1.491 6.710 6.296 10.000 69730.000
2.032 6.588 5.870 10.000 69740.000
2.255 6.483 5.779 10.000 69750.000
2.607 6.268 5.590 10.000 69760.000
2.896 5.980 5.463 10.000 69770.000
3.117 5.808 5.288 10.000 69780.000
3.315 5.554 5.075 20.000 69800.000
3.387 5.322 4.920 10.000 69810.000
3.344 5.087 4.826 10.000 69820.000
3.301 4.853 4.733 10.000 69830.000
3.241 4.642 4.675 10.000 69840.000
3.179 4.520 4.659 10.000 69850.000
3.208 4.477 4.599 10.000 69860.000
3.313 4.441 4.412 10.000 69870.000
3.457 4.462 4.228 10.000 69880.000
3.684 4.450 3.904 10.000 69890.000
3.804 4.460 3.687 10.000 69900.000
3.847 4.462 3.596 10.000 69910.000
3.895 4.577 3.505 10.000 69920.000
3.859 4.726 3.552 10.000 69930.000
3.993 5.066 3.464 10.000 69940.000
4.230 5.635 3.311 20.000 69960.000
4.479 6.174 3.184 9.000 69969.000
4.728 6.713 3.057 11.000 69980.000
5.001 7.038 2.995 10.000 69990.000
4.884 7.407 2.947 9.000 69999.000
4.750 7.694 2.873 11.000 70010.000
4.613 8.310 2.810 9.000 70019.000
4.359 9.093 2.839 11.000 70030.000
4.393 9.603 2.918 10.000 70040.000
4.412 10.091 3.090 10.000 70050.000
4.434 10.251 3.251 10.000 70060.000
4.359 10.098 3.272 10.000 70070.000
4.261 9.811 3.093 10.000 70080.000
4.177 9.545 2.820 10.000 70090.000
4.019 9.138 2.504 10.000 70100.000
3.921 8.863 2.260 10.000 70110.000
3.541 8.523 1.936 10.000 70120.000
3.179 7.908 1.740 10.000 70130.000
2.892 7.433 1.587 10.000 70140.000
2.458 6.617 1.321 10.000 70150.000
2.145 5.655 1.154 10.000 70160.000
1.812 4.967 0.859 9.000 70169.000
1.460 4.060 0.469 11.000 70180.000
1.254 3.495 0.191 10.000 70190.000
1.180 3.160 0.337 10.000 70200.000
0.967 2.794 0.825 10.000 70210.000
0.773 2.647 1.410 10.000 70220.000
0.500 2.425 2.142 10.000 70230.000
0.282 2.317 2.633 10.000 70240.000
0.158 2.042 2.724 10.000 70250.000
0.105 1.637 2.834 10.000 70260.000
0.131 1.309 2.796 10.000 70270.000
0.205 1.074 2.985 10.000 70280.000
0.311 1.278 3.320 10.000 70290.000
0.344 1.611 3.636 10.000 70300.000
0.397 2.039 4.125 10.000 70310.000
0.402 2.375 4.386 10.000 70320.000
0.435 2.619 5.219 10.000 70330.000
0.457 3.476 5.777 9.000 70339.000
0.459 4.237 6.162 11.000 70350.000
0.158 4.728 6.588 10.000 70360.000
-0.158 5.070 6.354 10.000 70370.000
-0.878 4.489 6.416 10.000 70380.000
-0.945 4.175 6.428 10.000 70390.000
-0.708 4.132 6.399 10.000 70400.000
-0.217 4.213 6.584 10.000 70410.000
-0.035 4.872 6.782 10.000 70420.000
-0.507 5.262 7.031 10.000 70430.000
-1.168 5.841 7.417 10.000 70440.000
-2.082 6.296 7.589 10.000 70450.000
-1.403 6.787 7.333 10.000 70460.000
-1.122 6.737 7.546 10.000 70470.000
-0.653 6.497 7.623 10.000 70480.000
-0.117 6.303 7.752 10.000 70490.000
-0.450 5.808 8.274 10.000 70500.000
-0.502 5.959 8.463 10.000 70510.000
-0.560 6.251 8.796 10.000 70520.000
-0.684 6.497 9.076 10.000 70530.000
-0.778 6.768 9.258 10.000 70540.000
-0.703 6.971 9.294 10.000 70550.000
-0.624 7.034 9.186 9.000 70559.000
-0.416 6.986 9.038 11.000 70570.000
-0.239 6.914 8.987 10.000 70580.000
-0.050 6.612 8.815 10.000 70590.000
0.119 6.545 8.655 10.000 70600.000
0.160 6.588 8.535 10.000 70610.000
0.169 6.555 8.470 9.000 70619.000
0.119 6.713 8.537 11.000 70630.000
0.019 6.562 8.714 10.000 70640.000
-0.213 6.351 8.872 10.000 70650.000
-0.414 6.217 8.975 10.000 70660.000
-0.646 5.817 9.054 10.000 70670.000
-0.761 5.221 9.088 10.000 70680.000
-0.744 4.685 9.141 10.000 70690.000
-0.746 4.005 9.267 10.000 70700.000
-0.718 3.591 9.418 10.000 70710.000
-0.818 3.361 9.651 10.000 70720.000
-0.952 3.136 10.012 10.000 70730.000
-1.067 3.055 10.299 10.000 70740.000
-1.211 2.822 10.666 10.000 70750.000
-1.273 2.676 10.874 10.000 70760.000
-1.297 2.183 11.061 11.000 70771.000
-1.319 1.470 11.396 9.000 70780.000
-1.312 0.907 11.652 10.000 70790.000
-1.256 0.184 12.095 10.000 70800.000
-1.206 -0.196 12.430 10.000 70810.000
-1.137 -0.318 12.749 10.000 70820.000
-1.077 -0.450 13.055 10.000 70830.000
-1.065 -0.421 13.175 10.000 70840.000
-1.019 -0.385 13.285 10.000 70850.000
-0.976 -0.466 13.249 10.000 70860.000
-0.924 -0.538 13.225 10.000 70870.000
-0.845 -0.787 13.213 10.000 70880.000
-0.799 -1.043 13.211 10.000 70890.000
-0.816 -1.106 13.433 10.000 70900.000
-0.854 -1.098 13.804 9.000 70909.000
-0.919 -0.914 14.164 11.000 70920.000
-0.888 -0.744 14.475 10.000 70930.000
-0.814 -0.689 14.575 10.000 70940.000
-0.600 -0.694 14.233 10.000 70950.000
-0.531 -0.665 13.785 10.000 70960.000
-0.557 -0.622 13.385 9.000 70969.000
-0.847 -0.383 13.122 11.000 70980.000
-1.369 0.007 13.218 10.000 70990.000
-1.747 0.363 13.419 10.000 71000.000
-2.097 0.926 13.469 10.000 71010.000
-2.183 1.292 13.383 10.000 71020.000
-2.322 1.726 13.263 10.000 71030.000
-3.023 2.161 13.675 10.000 71040.000
-3.754 2.391 14.238 10.000 71050.000
-4.728 2.521 14.985 10.000 71060.000
-5.535 2.422 15.701 10.000 71070.000
-5.647 2.432 15.722 10.000 71080.000
-5.623 2.549 15.449 10.000 71090.000
-5.355 2.767 14.992 10.000 71100.000
-4.771 2.918 14.372 10.000 71110.000
-4.132 2.923 13.718 10.000 71120.000
-3.629 2.820 13.359 10.000 71130.000
-3.038 2.738 12.658 10.000 71140.000
-2.762 2.724 12.119 10.000 71150.000
-2.719 2.650 11.614 10.000 71160.000
-2.640 2.415 11.190 10.000 71170.000
-2.650 2.159 11.109 10.000 71180.000
-2.286 1.759 10.979 10.000 71190.000
-1.877 1.455 11.013 10.000 71200.000
-1.259 1.300 10.917 10.000 71210.000
-0.560 1.113 10.855 10.000 71220.000
-0.234 1.070 10.840 10.000 71230.000
0.229 0.881 10.663 10.000 71240.000
0.864 0.866 10.160 10.000 71250.000
1.417 0.883 9.624 10.000 71260.000
2.130 0.818 8.827 10.000 71270.000
2.705 0.900 8.192 10.000 71280.000
2.810 0.830 8.099 10.000 71290.000
2.942 0.809 8.116 10.000 71300.000
2.913 0.869 8.394 10.000 71310.000
2.966 0.852 8.693 10.000 71320.000
3.074 0.823 8.825 10.000 71330.000
3.069 -0.002 8.894 10.000 71340.000
3.004 0.052 8.856 10.000 71350.000
2.858 0.184 8.796 10.000 71360.000
2.829 -0.064 8.621 10.000 71370.000
2.918 0.093 8.101 10.000 71380.000
3.066 -0.629 7.690 10.000 71390.000
2.628 -1.493 7.503 10.000 71400.000
2.073 -1.977 7.431 10.000 71410.000
1.628 -1.975 7.900 10.000 71420.000
1.165 -1.824 8.295 10.000 71430.000
1.290 -1.532 8.465 10.000 71440.000
1.668 -1.213 7.706 10.000 71450.000
1.905 -1.039 6.703 10.000 71460.000
2.657 -0.885 5.157 10.000 71470.000
3.596 -0.464 3.397 10.000 71480.000
4.280 -0.069 2.566 10.000 71490.000
4.893 0.641 1.529 10.000 71500.000
4.853 1.711 1.142 10.000 71510.000
4.625 2.513 0.967 10.000 71520.000
4.161 3.766 0.902 10.000 71530.000
3.768 4.702 1.043 10.000 71540.000
3.433 5.293 1.388 10.000 71550.000
3.258 5.820 1.855 10.000 71560.000
3.320 5.896 2.212 10.000 71570.000
3.708 5.786 2.547 10.000 71580.000
4.194 5.535 2.647 10.000 71590.000
4.606 4.984 2.679 10.000 71600.000
4.735 4.326 2.626 10.000 71610.000
4.539 3.854 2.595 10.000 71620.000
4.639 3.301 2.523 10.000 71630.000
4.702 2.724 2.425 10.000 71640.000
5.046 2.255 2.410 10.000 71650.000
5.365 1.491 2.796 10.000 71660.000
5.386 0.809 3.222 10.000 71670.000
5.351 0.359 3.878 10.000 71680.000
5.068 -0.507 5.142 10.000 71690.000
4.812 -1.079 6.007 10.000 71700.000
4.668 -1.640 7.139 10.000 71710.000
4.534 -2.044 8.015 10.000 71720.000
4.848 -1.587 8.157 10.000 71730.000
4.977 -0.993 8.437 10.000 71740.000
4.994 -0.411 8.449 10.000 71750.000
5.015 0.196 8.516 10.000 71760.000
4.836 0.359 8.710 10.000 71770.000
4.616 0.418 8.585 10.000 71780.000
4.055 0.280 8.746 10.000 71790.000
3.490 0.114 8.851 10.000 71800.000
2.600 0.016 9.136 10.000 71810.000
1.884 0.160 9.473 10.000 71820.000
1.508 0.502 9.526 10.000 71830.000
1.048 0.897 9.782 10.000 71840.000
0.914 1.225 9.859 10.000 71850.000
0.907 1.371 9.878 10.000 71860.000
1.003 1.637 10.012 10.000 71870.000
1.182 1.850 9.943 10.000 71880.000
1.379 1.829 9.665 10.000 71890.000
1.498 1.714 9.572 10.000 71900.000
1.374 1.671 9.411 10.000 71910.000
1.043 1.625 9.279 10.000 71920.000
0.696 1.814 9.356 10.000 71930.000
0.208 2.068 9.607 10.000 71940.000
-0.196 2.097 9.864 10.000 71950.000
-0.395 2.128 10.091 10.000 71960.000
-0.543 2.145 10.263 10.000 71970.000
-0.550 2.097 10.261 10.000 71980.000
-0.397 2.118 10.218 10.000 71990.000
-0.124 2.207 10.256 10.000 72000.000
0.098 2.310 10.350 10.000 72010.000
0.265 2.456 10.512 10.000 72020.000
0.330 2.566 10.663 10.000 72030.000
0.043 2.470 10.793 10.000 72040.000
-0.059 2.322 10.850 10.000 72050.000
-0.107 2.130 10.838 10.000 72060.000
-0.100 1.843 10.709 10.000 72070.000
0.102 1.589 10.426 10.000 72080.000
0.122 1.388 10.216 10.000 72090.000
0.086 1.074 9.940 10.000 72100.000
-0.004 0.857 9.782 10.000 72110.000
-0.196 0.533 9.564 10.000 72120.000
-0.457 -0.045 9.208 10.000 72130.000
-0.663 -0.512 8.916 10.000 72140.000
-1.063 -1.113 8.609 10.000 72150.000
-1.326 -1.503 8.456 10.000 72160.000
-1.865 -1.616 8.669 10.000 72170.000
-2.693 -1.556 8.999 10.000 72180.000
-3.327 -1.362 9.344 10.000 72190.000
-4.091 -1.094 9.646 10.000 72200.000
-4.647 -1.089 9.792 10.000 72210.000
-4.912 -1.256 9.821 10.000 72220.000
-5.255 -1.604 10.034 10.000 72230.000
-5.468 -2.025 10.290 10.000 72240.000
-5.540 -2.183 10.632 10.000 72250.000
-5.633 -2.296 11.073 10.000 72260.000
-5.650 -2.229 11.329 10.000 72270.000
-5.638 -2.200 11.609 10.000 72280.000
-5.631 -2.193 11.731 10.000 72290.000
-5.439 -2.384 11.769 10.000 72300.000
-5.018 -2.585 11.930 10.000 72310.000
-4.625 -2.748 12.066 10.000 72320.000
-4.094 -2.760 12.236 10.000 72330.000
-3.646 -2.619 12.310 10.000 72340.000
-3.428 -2.468 12.263 10.000 72350.000
-3.043 -2.406 12.155 10.000 72360.000
-2.796 -2.494 12.014 10.000 72370.000
-2.487 -2.607 11.875 10.000 72380.000
-2.085 -2.849 11.607 10.000 72390.000
-1.850 -3.002 11.398 10.000 72400.000
-1.565 -3.265 11.178 10.000 72410.000
-1.422 -3.505 11.037 10.000 72420.000
-1.405 -3.737 10.948 10.000 72430.000
-1.443 -4.137 10.812 10.000 72440.000
-1.532 -4.426 10.687 10.000 72450.000
-1.611 -4.711 10.556 10.000 72460.000
-1.628 -4.857 10.544 10.000 72470.000
-1.589 -4.836 10.579 10.000 72480.000
-1.592 -4.733 10.709 10.000 72490.000
-1.604 -4.635 10.845 10.000 72500.000
-1.659 -4.465 11.006 10.000 72510.000
-1.359 -4.062 10.998 10.000 72520.000
-1.019 -3.742 10.898 10.000 72530.000
-0.557 -3.145 10.898 10.000 72540.000
-0.081 -2.638 10.831 10.000 72550.000
-0.143 -2.152 10.991 10.000 72560.000
-0.308 -1.422 11.178 10.000 72570.000
-0.596 -0.967 11.264 10.000 72580.000
-1.019 -0.136 11.257 10.000 72590.000
-1.290 0.857 11.058 10.000 72600.000
-1.458 1.606 10.833 10.000 72610.000
-1.419 2.786 10.577 10.000 72620.000
-1.244 3.591 10.414 10.000 72630.000
-1.620 4.359 10.824 10.000 72640.000
-2.523 5.056 11.523 10.000 72650.000
-3.632 5.322 12.253 10.000 72660.000
-4.522 5.638 12.928 20.000 72680.000
-4.604 5.710 12.974 10.000 72690.000
-4.012 5.961 12.729 10.000 72700.000
-3.421 6.212 12.485 10.000 72710.000
-3.129 6.426 12.231 10.000 72720.000
-2.999 6.576 11.954 10.000 72730.000
-3.016 6.619 11.676 10.000 72740.000
-2.590 6.612 11.176 10.000 72750.000
-2.082 6.593 10.740 10.000 72760.000
-1.719 6.603 10.551 10.000 72770.000
-1.635 6.629 10.278 10.000 72780.000
-1.994 6.706 10.228 10.000 72790.000
-2.305 6.708 10.165 10.000 72800.000
-2.537 6.651 10.070 10.000 72810.000
-2.370 6.550 9.902 10.000 72820.000
-2.126 6.667 9.564 10.000 72830.000
-1.929 6.859 9.239 10.000 72840.000
-1.757 7.132 8.714 10.000 72850.000
-1.704 7.431 8.346 10.000 72860.000
-1.824 7.534 8.101 10.000 72870.000
-2.066 7.611 7.872 10.000 72880.000
-2.284 7.606 7.841 10.000 72890.000
-2.686 7.649 7.613 10.000 72900.000
-3.122 7.697 6.950 10.000 72910.000
-3.435 7.771 6.272 10.000 72920.000
-3.627 8.104 4.975 10.000 72930.000
-3.634 8.389 3.873 10.000 72940.000
-3.169 8.403 2.944 10.000 72950.000
-2.509 8.281 1.833 10.000 72960.000
-1.970 7.900 1.343 10.000 72970.000
-1.230 7.460 0.804 10.000 72980.000
-0.529 7.364 0.974 10.000 72990.000
-0.023 7.405 1.326 10.000 73000.000
0.090 7.228 1.747 10.000 73010.000
0.004 7.110 2.217 10.000 73020.000
-0.208 6.708 2.236 10.000 73030.000
-0.038 6.047 1.946 12.000 73042.000
0.521 5.604 1.587 7.000 73049.000
1.156 4.788 0.986 10.000 73059.000
1.613 4.156 0.435 10.000 73069.000
1.697 3.552 0.440 10.000 73079.000
1.261 2.624 0.794 10.000 73089.000
0.751 2.068 1.391 10.000 73099.000
0.138 1.355 2.257 10.000 73109.000
-0.483 0.871 2.877 10.000 73119.000
-0.150 0.735 3.122 10.000 73129.000
0.509 0.490 3.119 10.000 73139.000
1.273 0.404 2.846 10.000 73149.000
2.355 0.205 2.449 10.000 73159.000
3.186 -0.148 2.070 10.000 73169.000
3.689 -0.395 1.939 11.000 73180.000
4.599 -0.545 1.853 10.000 73190.000
5.190 -0.584 1.891 9.000 73199.000
5.600 -0.450 2.011 10.000 73209.000
5.825 -0.387 2.518 10.000 73219.000
5.643 -0.421 2.980 11.000 73230.000
5.631 -0.483 3.708 9.000 73239.000
5.616 -0.584 4.362 10.000 73249.000
5.899 -0.596 4.747 10.000 73259.000
5.865 -0.644 6.354 10.000 73269.000
5.662 -0.663 7.694 11.000 73280.000
5.281 -0.457 8.894 9.000 73289.000
4.599 -0.100 10.038 10.000 73299.000
4.232 0.292 9.962 10.000 73309.000
3.778 0.739 9.677 10.000 73319.000
3.500 0.962 9.533 10.000 73329.000
3.624 1.122 9.308 10.000 73339.000
4.153 1.403 8.839 10.000 73349.000
4.771 1.628 8.578 10.000 73359.000
4.982 1.537 8.111 10.000 73369.000
4.979 1.340 7.661 11.000 73380.000
3.931 0.842 7.848 10.000 73390.000
2.434 0.392 8.295 10.000 73400.000
1.345 0.258 8.949 10.000 73410.000
0.225 0.445 9.512 10.000 73420.000
0.086 1.034 9.722 10.000 73430.000
0.395 1.575 9.672 10.000 73440.000
0.802 2.114 9.710 10.000 73450.000
1.240 2.331 9.840 10.000 73460.000
1.209 1.908 9.969 10.000 73470.000
1.522 1.991 9.923 10.000 73480.000
1.738 2.078 9.789 10.000 73490.000
1.711 2.207 9.710 10.000 73500.000
1.814 2.758 9.591 10.000 73510.000
1.304 2.564 9.660 10.000 73520.000
0.684 2.370 9.849 10.000 73530.000
0.306 2.133 9.983 10.000 73540.000
-0.059 1.999 10.151 10.000 73550.000
-0.179 2.195 10.323 10.000 73560.000
-0.189 2.391 10.376 10.000 73570.000
-0.234 2.525 10.443 10.000 73580.000
-0.292 2.557 10.477 10.000 73590.000
-0.428 2.422 10.582 10.000 73600.000
-0.598 2.303 10.730 10.000 73610.000
-0.732 2.245 10.864 10.000 73620.000
-0.916 2.164 10.991 10.000 73630.000
-1.000 2.154 11.027 10.000 73640.000
-1.120 2.118 11.006 10.000 73650.000
-1.292 2.027 10.998 10.000 73660.000
-1.414 1.960 10.998 10.000 73670.000
-1.575 1.886 11.015 10.000 73680.000
-1.769 1.764 11.080 10.000 73690.000
-1.910 1.697 11.130 10.000 73700.000
-2.097 1.510 11.140 10.000 73710.000
-2.245 1.331 11.133 10.000 73720.000
-2.291 1.161 11.063 10.000 73730.000
-2.372 1.043 10.998 10.000 73740.000
-2.408 1.046 10.975 10.000 73750.000
-2.389 1.108 10.943 10.000 73760.000
-2.370 1.221 10.941 10.000 73770.000
-2.296 1.268 10.975 10.000 73780.000
-2.293 1.273 11.056 10.000 73790.000
-2.346 1.218 11.145 10.000 73800.000
-2.449 1.142 11.279 10.000 73810.000
-2.602 0.998 11.370 10.000 73820.000
-2.683 0.897 11.413 10.000 73830.000
-2.767 0.684 11.470 10.000 73840.000
-2.801 0.493 11.482 10.000 73850.000
-2.822 0.227 11.473 10.000 73860.000
-2.820 -0.141 11.427 10.000 73870.000
-2.815 -0.397 11.367 10.000 73880.000
-2.777 -0.689 11.238 10.000 73890.000
-2.719 -0.828 11.133 10.000 73900.000
-2.717 -0.905 11.022 10.000 73910.000
-2.774 -1.012 10.900 10.000 73920.000
-2.865 -1.084 10.848 10.000 73930.000
-2.918 -1.108 10.838 10.000 73940.000
-2.901 -1.043 10.891 10.000 73950.000
-2.825 -0.948 10.955 10.000 73960.000
-2.676 -0.823 11.001 10.000 73970.000
-2.566 -0.746 11.003 10.000 73980.000
-2.398 -0.739 10.939 10.000 73990.000
-2.145 -0.787 10.857 10.000 74000.000
-1.963 -0.864 10.795 10.000 74010.000
-1.699 -0.940 10.644 10.000 74020.000
-1.532 -0.995 10.539 10.000 74030.000
-1.383 -0.933 10.338 10.000 74040.000
-1.209 -0.864 10.048 10.000 74050.000
-1.115 -0.794 9.847 10.000 74060.000
-1.120 -0.665 9.777 10.000 74070.000
-1.383 -0.543 9.995 10.000 74080.000
-1.673 -0.428 10.302 10.000 74090.000
-1.889 -0.225 10.666 10.000 74100.000
-2.006 -0.081 10.898 9.000 74109.000
-1.651 -0.035 10.718 11.000 74120.000
-1.285 0.095 10.433 10.000 74130.000
-0.993 0.138 10.091 10.000 74140.000
-1.048 0.268 9.801 10.000 74150.000
-1.383 0.440 9.749 10.000 74160.000
-1.788 0.579 9.921 10.000 74170.000
-2.178 0.857 10.156 10.000 74180.000
-2.221 1.048 10.338 10.000 74190.000
-2.458 1.355 10.654 10.000 74200.000
-2.638 1.608 10.850 10.000 74210.000
-2.822 1.838 11.092 10.000 74220.000
-2.961 2.205 11.255 10.000 74230.000
-2.906 2.456 11.283 10.000 74240.000
-2.829 2.853 11.238 10.000 74250.000
-2.693 3.325 11.106 10.000 74260.000
-2.602 3.660 11.054 10.000 74270.000
-2.473 4.173 10.984 10.000 74280.000
-2.365 4.539 10.989 10.000 74290.000
-2.346 4.817 10.917 10.000 74300.000
-2.482 5.171 10.773 20.000 74320.000
-2.820 5.398 10.500 10.000 74330.000
-3.157 5.626 10.228 10.000 74340.000
-3.605 5.839 9.864 10.000 74350.000
-4.079 6.145 9.545 10.000 74360.000
-4.390 6.402 9.373 10.000 74370.000
-4.855 6.691 9.169 10.000 74380.000
-5.183 6.926 8.908 10.000 74390.000
-5.329 6.991 8.674 10.000 74400.000
-5.439 6.933 8.226 10.000 74410.000
-5.396 6.842 7.809 10.000 74420.000
-5.348 6.493 7.450 10.000 74430.000
-5.322 5.987 7.017 10.000 74440.000
-5.331 5.604 6.797 10.000 74450.000
-5.204 5.102 6.493 10.000 74460.000
-5.090 4.826 6.335 10.000 74470.000
-4.690 4.623 6.303 10.000 74480.000
-4.062 4.489 6.320 10.000 74490.000
-3.572 4.474 6.421 10.000 74500.000
-3.342 4.754 6.404 9.000 74509.000
-3.428 5.114 6.263 11.000 74520.000
-3.742 5.403 6.074 10.000 74530.000
-4.072 5.669 5.908 9.000 74539.000
-4.141 5.640 5.861 11.000 74550.000
-4.127 5.650 6.028 10.000 74560.000
-4.024 5.614 6.234 9.000 74569.000
-3.904 5.602 6.416 11.000 74580.000
-3.579 5.647 6.631 10.000 74590.000
-3.284 5.659 6.703 10.000 74600.000
-3.145 5.803 6.576 10.000 74610.000
-3.107 5.944 6.244 9.000 74619.000
-3.275 6.028 5.877 11.000 74630.000
-3.272 6.114 5.420 10.000 74640.000
-3.155 6.035 5.049 10.000 74650.000
-2.937 5.959 4.884 10.000 74660.000
-2.638 5.834 4.618 10.000 74670.000
-2.509 5.707 4.443 10.000 74680.000
-2.748 5.453 4.141 10.000 74690.000
-2.825 5.171 3.859 10.000 74700.000
-2.983 4.936 3.677 10.000 74710.000
-2.906 4.762 3.469 10.000 74720.000
-2.509 4.793 3.462 10.000 74730.000
-2.224 4.946 3.457 10.000 74740.000
-1.752 5.142 3.490 10.000 74750.000
-1.515 5.279 3.550 10.000 74760.000
-1.101 5.425 3.622 10.000 74770.000
-0.493 5.702 3.825 10.000 74780.000
-0.071 5.937 3.991 10.000 74790.000
0.402 6.311 4.290 10.000 74800.000
0.699 6.675 4.577 10.000 74810.000
0.660 6.756 4.721 10.000 74820.000
0.751 6.849 4.850 10.000 74830.000
0.790 6.804 4.845 10.000 74840.000
1.134 6.940 4.886 10.000 74850.000
1.570 7.134 4.917 10.000 74860.000
1.963 7.474 5.011 10.000 74870.000
2.372 7.900 5.260 10.000 74880.000
2.475 8.145 5.463 10.000 74890.000
2.681 8.485 5.817 10.000 74900.000
2.861 8.750 6.244 10.000 74910.000
3.023 8.930 6.514 10.000 74920.000
3.122 9.248 6.797 10.000 74930.000
3.117 9.471 6.928 9.000 74939.000
3.129 9.799 6.842 11.000 74950.000
3.210 10.122 6.619 9.000 74959.000
3.356 10.307 6.385 10.000 74969.000
3.473 10.342 6.042 10.000 74979.000
3.514 10.189 5.798 11.000 74990.000
3.450 10.029 5.623 9.000 74999.000
3.265 9.832 5.334 10.000 75009.000
3.110 9.785 5.152 10.000 75019.000
2.896 9.538 4.872 10.000 75029.000
2.719 9.303 4.659 10.000 75039.000
2.597 8.966 4.527 10.000 75049.000
2.293 8.420 4.417 10.000 75059.000
2.047 8.073 4.405 10.000 75069.000
1.716 7.544 4.431 10.000 75079.000
1.331 7.024 4.534 10.000 75089.000
1.127 6.713 4.616 10.000 75099.000
0.749 6.332 4.695 10.000 75109.000
0.454 6.133 4.735 10.000 75119.000
0.191 6.062 4.826 11.000 75130.000
-0.114 5.975 4.958 9.000 75139.000
-0.246 5.959 5.092 11.000 75150.000
-0.363 5.882 5.204 10.000 75160.000
-0.392 5.808 5.224 10.000 75170.000
-0.375 5.700 5.195 10.000 75180.000
-0.380 5.564 5.169 10.000 75190.000
-0.399 5.487 5.164 10.000 75200.000
-0.402 5.370 5.224 10.000 75210.000
-0.435 5.312 5.377 10.000 75220.000
-0.447 5.284 5.528 10.000 75230.000
-0.368 5.257 5.650 10.000 75240.000
-0.306 5.272 5.707 10.000 75250.000
-0.074 5.334 5.633 10.000 75260.000
0.177 5.556 5.604 10.000 75270.000
0.337 5.777 5.604 10.000 75280.000
0.442 6.224 5.681 10.000 75290.000
0.407 6.612 5.803 10.000 75300.000
0.280 7.084 6.019 10.000 75310.000
0.059 7.764 6.337 10.000 75320.000
-0.105 8.216 6.579 10.000 75330.000
-0.313 8.841 6.864 10.000 75340.000
-0.483 9.289 6.950 10.000 75350.000
-0.560 9.528 6.933 10.000 75360.000
-0.612 9.708 6.799 10.000 75370.000
-0.622 9.715 6.622 10.000 75380.000
-0.567 9.433 6.299 10.000 75390.000
-0.545 8.985 5.877 10.000 75400.000
-0.548 8.597 5.573 10.000 75410.000
-0.617 8.121 5.228 10.000 75420.000
-0.718 7.867 5.090 10.000 75430.000
-0.828 7.728 5.116 10.000 75440.000
-1.031 7.422 5.183 10.000 75450.000
-1.168 7.204 5.291 10.000 75460.000
-1.292 6.746 5.379 10.000 75470.000
-1.209 6.100 5.312 10.000 75480.000
-1.031 5.621 5.204 10.000 75490.000
-0.591 4.994 4.903 10.000 75500.000
-0.162 4.606 4.620 10.000 75510.000
0.328 4.357 4.450 10.000 75520.000
0.830 4.015 4.350 10.000 75530.000
1.070 3.821 4.443 10.000 75540.000
1.300 3.521 4.539 10.000 75550.000
1.302 3.323 4.611 10.000 75560.000
1.333 3.112 4.635 10.000 75570.000
1.438 2.892 4.769 10.000 75580.000
1.553 2.777 4.900 10.000 75590.000
1.752 2.765 5.092 10.000 75600.000
1.936 3.167 5.106 10.000 75610.000
2.047 3.579 5.011 9.000 75619.000
1.987 4.098 4.924 11.000 75630.000
1.843 4.515 4.778 10.000 75640.000
1.587 4.491 4.843 10.000 75650.000
1.118 4.443 5.011 10.000 75660.000
0.818 4.288 5.169 10.000 75670.000
0.316 3.969 5.487 10.000 75680.000
-0.100 3.782 5.750 10.000 75690.000
-0.256 3.852 6.033 10.000 75700.000
-0.462 4.201 6.430 10.000 75710.000
-0.464 4.714 6.667 10.000 75720.000
-0.639 5.293 7.058 10.000 75730.000
-0.950 5.540 7.529 10.000 75740.000
-1.211 5.506 7.886 10.000 75750.000
-1.630 5.439 8.406 10.000 75760.000
-1.877 5.305 8.772 10.000 75770.000
-2.152 5.008 9.112 10.000 75780.000
-2.315 4.513 9.619 10.000 75790.000
-2.319 4.050 9.964 10.000 75800.000
-2.430 3.464 10.469 10.000 75810.000
-2.422 3.141 10.797 9.000 75819.000
-2.832 2.815 11.049 11.000 75830.000
-3.342 2.351 11.413 10.000 75840.000
-3.746 2.011 11.616 10.000 75850.000
-4.187 1.556 11.884 10.000 75860.000
-4.355 1.182 12.093 10.000 75870.000
-4.422 0.948 12.188 10.000 75880.000
-4.498 0.562 12.239 10.000 75890.000
-4.539 0.292 12.224 10.000 75900.000
-4.570 0.146 12.107 10.000 75910.000
-4.551 0.047 11.923 10.000 75920.000
-4.522 0.100 11.784 10.000 75930.000
-4.352 -0.016 11.571 10.000 75940.000
-4.161 -0.138 11.429 10.000 75950.000
-4.103 -0.313 11.446 10.000 75960.000
-4.228 -0.581 11.389 10.000 75970.000
-4.493 -0.679 11.405 10.000 75980.000
-4.687 -1.098 11.394 10.000 75990.000
-4.838 -1.539 11.372 10.000 76000.000
-4.807 -1.886 11.425 10.000 76010.000
-4.944 -2.166 11.477 10.000 76020.000
-5.152 -2.126 11.559 10.000 76030.000
-5.255 -2.152 11.446 10.000 76040.000
-5.015 -2.209 11.154 10.000 76050.000
-4.608 -2.334 10.862 10.000 76060.000
-4.098 -2.592 10.433 10.000 76070.000
-3.653 -2.758 10.117 10.000 76080.000
-3.703 -2.999 9.995 10.000 76090.000
-3.936 -3.394 9.993 10.000 76100.000
-4.271 -3.655 10.127 10.000 76110.000
-4.721 -4.110 10.158 10.000 76120.000
-5.037 -4.422 10.017 10.000 76130.000
-5.171 -4.580 9.756 10.000 76140.000
-5.389 -4.661 9.303 10.000 76150.000
-5.492 -4.548 8.954 10.000 76160.000
-5.626 -4.659 8.609 10.000 76170.000
-5.908 -4.893 8.130 10.000 76180.000
-6.107 -5.204 7.843 10.000 76190.000
-6.497 -5.432 7.424 10.000 76200.000
-6.837 -5.473 7.158 10.000 76210.000
-7.247 -5.343 6.974 10.000 76220.000
-7.795 -5.123 6.780 10.000 76230.000
-8.152 -4.987 6.718 10.000 76240.000
-8.559 -4.623 6.708 10.000 76250.000
-8.748 -4.304 6.751 10.000 76260.000
-8.796 -3.960 6.876 10.000 76270.000
-8.803 -3.615 7.022 10.000 76280.000
-8.760 -3.497 7.115 10.000 76290.000
-8.568 -3.201 7.216 10.000 76300.000
-8.379 -2.873 7.357 10.000 76310.000
-8.231 -2.545 7.477 10.000 76320.000
-7.979 -2.135 7.608 10.000 76330.000
-7.876 -1.905 7.733 10.000 76340.000
-7.472 -1.608 7.625 10.000 76350.000
-7.177 -1.084 7.639 10.000 76360.000
-6.986 -0.641 7.642 10.000 76370.000
-6.859 -0.165 7.857 10.000 76380.000
-6.926 0.239 8.379 20.000 76400.000
-6.876 0.711 8.781 10.000 76410.000
-6.825 1.182 9.184 10.000 76420.000
-6.811 1.795 9.442 10.000 76430.000
-7.072 2.133 9.569 10.000 76440.000
-7.340 2.176 9.694 10.000 76450.000
-7.709 1.987 9.861 10.000 76460.000
-7.977 1.623 9.959 10.000 76470.000
-8.118 1.323 10.156 10.000 76480.000
-8.051 1.096 10.362 10.000 76490.000
-7.884 1.101 10.524 10.000 76500.000
-7.433 1.142 10.560 10.000 76510.000
-6.943 1.249 10.443 10.000 76520.000
-6.641 1.424 10.383 10.000 76530.000
-6.574 1.477 10.623 10.000 76540.000
-6.789 1.493 10.989 10.000 76550.000
-6.993 1.991 11.267 10.000 76560.000
-7.017 2.406 11.566 10.000 76570.000
-6.806 2.942 11.566 10.000 76580.000
-6.430 3.514 11.453 20.000 76600.000
-6.078 3.450 11.391 10.000 76610.000
-5.877 3.253 11.056 10.000 76620.000
-5.676 3.057 10.721 10.000 76630.000
-5.930 2.755 10.805 10.000 76640.000
-6.172 2.609 10.927 10.000 76650.000
-6.387 2.755 11.089 10.000 76660.000
-6.361 2.935 11.130 10.000 76670.000
-6.045 3.184 10.864 10.000 76680.000
-5.509 3.543 10.465 10.000 76690.000
-4.994 3.742 9.955 10.000 76700.000
-4.721 3.907 9.567 10.000 76710.000
-4.733 3.864 9.035 10.000 76720.000
-4.965 3.711 8.638 10.000 76730.000
-5.137 3.715 8.279 10.000 76740.000
-5.154 3.926 7.438 10.000 76750.000
-4.886 4.345 6.742 10.000 76760.000
-4.249 5.140 5.916 10.000 76770.000
-3.725 5.722 5.305 10.000 76780.000
-3.366 6.323 5.154 10.000 76790.000
-3.028 6.878 4.843 10.000 76800.000
-3.059 7.058 4.661 10.000 76810.000
-3.332 7.046 4.182 10.000 76820.000
-3.021 6.746 3.502 10.000 76830.000
-2.688 6.493 2.983 10.000 76840.000
-2.063 6.234 2.279 10.000 76850.000
-1.197 6.167 1.872 10.000 76860.000
-1.113 6.107 1.517 10.000 76870.000
-0.950 5.997 1.175 10.000 76880.000
-1.079 5.892 1.017 10.000 76890.000
-1.096 5.750 0.792 10.000 76900.000
-0.905 5.664 0.737 10.000 76910.000
-0.483 5.602 0.541 10.000 76920.000
0.153 5.379 0.251 10.000 76930.000
0.677 5.193 0.028 10.000 76940.000
0.974 4.673 -0.409 10.000 76950.000
0.912 3.948 -0.567 10.000 76960.000
0.634 3.383 -0.632 10.000 76970.000
0.615 2.861 -0.679 10.000 76980.000
0.823 2.671 -0.512 10.000 76990.000
1.288 2.796 -0.459 10.000 77000.000
1.881 2.813 -0.112 10.000 77010.000
2.217 2.786 0.217 10.000 77020.000
2.530 2.633 1.079 10.000 77030.000
2.638 2.398 1.905 10.000 77040.000
2.518 2.109 2.547 10.000 77050.000
2.583 1.731 3.581 10.000 77060.000
2.669 1.479 4.084 10.000 77070.000
2.600 1.060 5.430 10.000 77080.000
1.898 0.694 7.424 10.000 77090.000
1.012 0.416 9.026 10.000 77100.000
-0.016 0.395 11.147 10.000 77110.000
-0.890 0.541 12.425 10.000 77120.000
-0.565 1.108 12.418 10.000 77130.000
0.356 1.778 11.604 10.000 77140.000
1.422 2.193 10.271 10.000 77150.000
2.815 2.585 8.599 10.000 77160.000
3.739 2.667 7.455 10.000 77170.000
4.113 2.806 7.034 10.000 77180.000
3.768 2.760 7.137 10.000 77190.000
3.095 2.736 7.577 10.000 77200.000
2.092 2.710 7.929 10.000 77210.000
1.276 2.279 8.453 10.000 77220.000
1.177 2.032 8.453 10.000 77230.000
0.957 2.121 8.619 10.000 77240.000
1.067 2.212 8.872 10.000 77250.000
0.687 2.724 8.813 10.000 77260.000
0.301 2.494 9.090 10.000 77270.000
0.038 1.929 9.203 10.000 77280.000
-0.026 1.642 9.198 10.000 77290.000
0.167 1.177 9.418 10.000 77300.000
0.478 1.759 9.162 10.000 77310.000
0.782 2.363 8.983 10.000 77320.000
0.888 2.688 8.920 10.000 77330.000
0.916 2.705 9.066 10.000 77340.000
0.833 2.418 9.351 10.000 77350.000
0.469 2.274 9.761 10.000 77360.000
-0.165 2.044 10.311 10.000 77370.000
-0.723 2.123 10.654 10.000 77380.000
-1.292 2.102 10.843 10.000 77390.000
-1.577 1.771 10.709 10.000 77400.000
-1.592 1.527 10.433 10.000 77410.000
-1.680 1.185 10.297 10.000 77420.000
-1.757 0.943 10.314 10.000 77430.000
-1.869 1.010 10.577 10.000 77440.000
-2.085 1.182 10.941 10.000 77450.000
-2.226 1.453 11.166 10.000 77460.000
-2.537 1.450 11.382 10.000 77470.000
-2.949 0.986 11.370 10.000 77480.000
-3.258 0.416 11.257 10.000 77490.000
-3.849 -0.497 11.214 10.000 77500.000
-4.271 -1.139 11.180 9.000 77509.000
-4.867 -1.642 11.451 11.000 77520.000
-5.643 -2.126 11.930 10.000 77530.000
-6.136 -2.264 12.339 9.000 77539.000
-6.682 -2.525 12.605 11.000 77550.000
-6.914 -2.628 12.670 10.000 77560.000
-6.617 -2.975 12.272 9.000 77569.000
-6.117 -3.155 12.030 11.000 77580.000
-5.564 -3.213 11.932 10.000 77590.000
-5.106 -3.105 11.836 10.000 77600.000
-4.999 -2.772 11.994 10.000 77610.000
-4.932 -3.239 12.073 10.000 77620.000
-5.085 -3.837 12.437 10.000 77630.000
-5.142 -4.601 12.799 10.000 77640.000
-5.547 -5.042 13.177 10.000 77650.000
-6.189 -4.850 13.388 10.000 77660.000
-6.610 -4.527 13.314 10.000 77670.000
-6.313 -4.546 12.859 10.000 77680.000
-5.669 -4.888 12.387 10.000 77690.000
-5.063 -5.633 12.169 10.000 77700.000
-4.376 -6.284 11.851 10.000 77710.000
-4.407 -6.593 11.913 10.000 77720.000
-4.029 -6.830 11.772 10.000 77730.000
-3.538 -6.665 11.468 10.000 77740.000
-3.074 -6.897 11.439 10.000 77750.000
-2.631 -7.070 11.429 10.000 77760.000
-2.597 -7.314 11.623 10.000 77770.000
-2.772 -7.740 11.712 10.000 77780.000
-2.987 -8.018 11.482 10.000 77790.000
-3.181 -8.355 11.233 10.000 77800.000
-3.488 -8.652 10.726 10.000 77810.000
-3.586 -8.767 10.323 10.000 77820.000
-3.679 -8.638 9.720 10.000 77830.000
-3.775 -8.350 9.083 10.000 77840.000
-3.758 -8.104 8.705 10.000 77850.000
-3.912 -7.558 8.566 10.000 77860.000
-4.084 -7.101 8.772 10.000 77870.000
-4.393 -6.739 9.109 10.000 77880.000
-4.776 -6.387 9.351 10.000 77890.000
-4.989 -6.335 9.354 10.000 77900.000
-5.214 -6.150 9.349 10.000 77910.000
-5.243 -5.731 9.299 10.000 77920.000
-5.197 -5.303 9.344 10.000 77930.000
-5.171 -4.805 9.466 10.000 77940.000
-5.133 -4.438 9.595 10.000 77950.000
-5.018 -4.201 9.583 10.000 77960.000
-4.841 -3.770 9.617 10.000 77970.000
-4.644 -3.409 9.574 10.000 77980.000
-4.402 -2.916 9.715 10.000 77990.000
-4.295 -2.590 9.945 10.000 78000.000
-4.118 -2.348 10.244 10.000 78010.000
-3.689 -1.850 10.493 10.000 78020.000
-3.306 -1.484 10.558 10.000 78030.000
-2.925 -0.888 10.742 10.000 78040.000
-2.750 -0.237 11.207 22.000 78062.000
-2.736 0.217 11.798 8.000 78070.000
-2.722 0.672 12.389 10.000 78080.000
-2.391 1.113 12.658 9.000 78089.000
-1.719 1.659 12.430 10.000 78099.000
-1.137 2.145 12.126 10.000 78109.000
-0.869 2.717 11.858 10.000 78119.000
-0.914 3.074 11.793 10.000 78129.000
-1.601 2.999 11.920 10.000 78139.000
-1.889 2.932 11.688 11.000 78150.000
-1.862 2.779 11.420 9.000 78159.000
-2.331 2.765 11.465 21.000 78180.000
-2.427 2.911 11.420 10.000 78190.000
-2.870 3.014 11.659 9.000 78199.000
-3.313 3.117 11.899 10.000 78209.000
-3.596 2.997 11.834 10.000 78219.000
-3.658 2.741 11.664 10.000 78229.000
-3.773 2.521 11.568 10.000 78239.000
-3.579 2.351 10.888 10.000 78249.000
-3.050 2.264 10.199 10.000 78259.000
-2.784 2.238 9.595 11.000 78270.000
-2.413 2.343 8.836 9.000 78279.000
-2.351 2.398 8.662 10.000 78289.000
-2.264 2.633 8.394 10.000 78299.000
-2.135 2.944 8.145 10.000 78309.000
-2.276 2.784 8.243 10.000 78319.000
-2.480 2.734 8.851 11.000 78330.000
-2.707 2.504 9.552 9.000 78339.000
-3.083 2.578 10.146 10.000 78349.000
-2.990 2.600 10.508 10.000 78359.000
-2.834 2.511 10.359 10.000 78369.000
-2.224 2.248 9.619 10.000 78379.000
-1.465 1.680 8.987 11.000 78390.000
-1.086 1.446 7.728 9.000 78399.000
-0.509 1.252 6.179 10.000 78409.000
-0.387 1.233 5.221 10.000 78419.000
-0.270 1.091 3.979 10.000 78429.000
-0.076 1.010 3.404 10.000 78439.000
-0.083 0.629 2.770 10.000 78449.000
0.232 0.019 1.963 10.000 78459.000
0.553 -0.469 1.441 10.000 78469.000
1.027 -1.180 0.912 10.000 78479.000
1.572 -1.651 0.814 11.000 78490.000
1.795 -1.893 0.888 10.000 78500.000
2.248 -2.030 1.089 10.000 78510.000
2.547 -1.944 1.297 10.000 78520.000
2.992 -1.778 1.592 10.000 78530.000
3.552 -1.575 2.140 10.000 78540.000
3.883 -1.477 2.561 10.000 78550.000
4.297 -1.192 3.119 10.000 78560.000
4.496 -0.967 3.509 10.000 78570.000
4.651 -0.533 3.744 10.000 78580.000
4.912 0.074 4.185 10.000 78590.000
5.090 0.495 4.489 10.000 78600.000
5.102 1.000 5.066 10.000 78610.000
4.922 1.393 5.401 10.000 78620.000
4.637 1.611 5.530 10.000 78630.000
4.187 2.011 5.662 10.000 78640.000
3.902 2.327 5.521 10.000 78650.000
3.797 2.741 5.604 10.000 78660.000
3.605 3.299 5.959 10.000 78670.000
3.579 3.675 6.311 10.000 78680.000
3.066 4.062 6.344 10.000 78690.000
2.494 4.218 6.296 10.000 78700.000
1.915 4.333 6.189 10.000 78710.000
1.446 4.321 6.114 10.000 78720.000
1.462 4.297 6.359 10.000 78730.000
1.094 4.029 6.969 10.000 78740.000
0.407 3.579 7.841 10.000 78750.000
-0.390 3.256 8.678 10.000 78760.000
-0.596 2.992 9.342 10.000 78770.000
-0.416 2.973 9.639 10.000 78780.000
0.158 3.155 8.923 10.000 78790.000
0.497 3.227 8.389 10.000 78800.000
0.246 3.239 8.030 10.000 78810.000
0.201 3.708 7.855 10.000 78820.000
-0.019 4.177 8.564 10.000 78830.000
-0.004 4.757 9.090 10.000 78840.000
-0.265 5.147 9.818 10.000 78850.000
-0.732 5.080 10.362 10.000 78860.000
-1.357 4.541 10.477 10.000 78870.000
-2.073 3.586 10.682 10.000 78880.000
-2.513 2.820 10.687 10.000 78890.000
-2.947 2.133 10.575 10.000 78900.000
-3.031 1.795 10.548 10.000 78910.000
-2.841 2.224 10.568 10.000 78920.000
-2.628 2.195 10.761 10.000 78930.000
-2.422 2.087 11.073 10.000 78940.000
-2.518 1.695 11.437 10.000 78950.000
-2.796 0.952 11.664 10.000 78960.000
-3.143 0.505 11.932 10.000 78970.000
-3.464 -0.179 12.246 10.000 78980.000
-3.483 -0.579 12.507 10.000 78990.000
-3.402 -1.024 12.624 10.000 79000.000
-3.145 -1.388 12.593 10.000 79010.000
-2.916 -1.515 12.516 10.000 79020.000
-2.901 -1.678 12.579 10.000 79030.000
-2.987 -1.795 12.785 10.000 79040.000
-3.411 -2.063 12.909 10.000 79050.000
-3.727 -2.568 13.204 10.000 79060.000
-3.828 -3.038 13.359 10.000 79070.000
-4.062 -3.371 13.603 10.000 79080.000
-4.089 -3.471 13.862 10.000 79090.000
-4.091 -3.375 13.759 10.000 79100.000
-3.881 -3.543 13.512 9.000 79109.000
-3.536 -3.847 13.177 11.000 79120.000
-3.217 -4.278 12.603 10.000 79130.000
-3.078 -4.814 12.203 9.000 79139.000
-3.153 -5.087 11.947 11.000 79150.000
-3.488 -5.705 11.896 10.000 79160.000
-3.797 -6.196 12.085 9.000 79169.000
-4.223 -6.624 12.435 11.000 79180.000
-4.515 -7.036 12.816 10.000 79190.000
-4.546 -7.103 12.990 11.000 79201.000
-4.589 -7.082 13.326 9.000 79210.000
-4.467 -6.976 13.517 9.000 79219.000
-4.580 -6.976 13.541 12.000 79231.000
-4.668 -7.048 13.314 8.000 79239.000
-4.745 -7.208 12.926 10.000 79249.000
-5.051 -7.359 12.296 10.000 79259.000
-5.602 -7.280 11.781 10.000 79269.000
-6.177 -7.129 11.518 10.000 79279.000
-7.125 -6.634 11.714 12.000 79291.000
-7.843 -6.148 12.152 8.000 79299.000
-8.549 -4.683 13.261 10.000 79309.000
-9.272 -1.941 14.642 11.000 79320.000
-9.622 0.454 15.564 9.000 79329.000
-9.552 2.683 16.036 10.000 79339.000
-9.150 3.792 15.859 10.000 79349.000
-8.322 3.885 15.018 10.000 79359.000
-7.412 3.770 13.951 10.000 79369.000
-6.921 3.823 13.333 10.000 79379.000
-6.493 3.564 12.605 11.000 79390.000
-6.473 3.045 12.267 9.000 79399.000
-6.294 2.817 11.935 10.000 79409.000
-6.258 2.722 11.611 10.000 79419.000
-6.160 2.937 11.398 10.000 79429.000
-6.098 3.244 11.439 10.000 79439.000
-6.052 3.296 11.561 11.000 79450.000
-5.863 3.217 11.674 10.000 79460.000
-5.386 3.205 11.523 10.000 79470.000
-4.874 3.102 11.118 10.000 79480.000
-4.367 3.263 10.596 10.000 79490.000
-3.253 3.744 9.844 10.000 79500.000
-2.427 4.158 9.356 9.000 79509.000
-1.666 4.939 8.736 11.000 79520.000
-1.103 5.554 8.532 10.000 79530.000
-1.146 5.849 8.559 9.000 79539.000
-1.522 6.030 8.626 12.000 79551.000
-1.833 5.846 8.825 9.000 79560.000
-2.329 5.849 8.887 10.000 79570.000
-2.916 5.935 9.133 10.000 79580.000
-3.169 6.133 9.339 10.000 79590.000
-2.985 5.310 9.157 30.000 79620.000
-2.525 4.616 8.851 10.000 79630.000
-1.975 3.837 8.360 10.000 79640.000
-1.256 3.179 7.364 10.000 79650.000
-0.976 3.543 6.756 10.000 79660.000
-0.809 3.454 5.477 10.000 79670.000
-0.672 3.162 3.804 10.000 79680.000
-0.703 2.750 2.636 10.000 79690.000
-0.737 2.023 1.338 10.000 79700.000
-0.416 1.386 0.557 10.000 79710.000
-0.122 0.835 -0.002 41.000 79751.000
0.308 0.387 -0.543 9.000 79760.000
0.742 0.256 -0.955 10.000 79770.000
0.964 0.409 -0.955 10.000 79780.000
1.244 0.679 -0.780 10.000 79790.000
1.271 0.991 -0.533 10.000 79800.000
1.491 1.491 -0.110 11.000 79811.000
1.568 1.824 0.158 8.000 79819.000
1.604 2.221 0.756 10.000 79829.000
1.774 2.597 1.347 10.000 79839.000
1.750 2.784 1.762 10.000 79849.000
1.898 3.131 2.171 10.000 79859.000
2.087 3.414 2.250 10.000 79869.000
2.456 3.720 2.240 11.000 79880.000
2.777 4.122 2.808 9.000 79889.000
2.925 4.364 3.380 10.000 79899.000
3.126 4.608 4.340 10.000 79909.000
3.131 4.707 5.305 10.000 79919.000
3.258 4.627 5.652 10.000 79929.000
3.579 4.486 6.121 10.000 79939.000
3.847 4.343 6.203 10.000 79949.000
4.211 4.338 6.196 10.000 79959.000
4.261 4.460 6.394 10.000 79969.000
4.118 4.644 6.471 10.000 79979.000
3.646 4.635 6.655 11.000 79990.000
3.078 4.486 6.928 9.000 79999.000
2.540 4.218 7.055 11.000 80010.000
2.200 3.768 7.149 9.000 80019.000
2.188 3.512 7.134 11.000 80030.000
2.561 3.117 7.402 10.000 80040.000
3.145 2.796 7.651 10.000 80050.000
2.791 2.434 8.329 10.000 80060.000
2.190 1.948 8.274 10.000 80070.000
1.204 1.601 7.936 10.000 80080.000
0.227 1.180 8.082 10.000 80090.000
-0.337 1.154 7.845 10.000 80100.000
-0.656 1.252 8.341 10.000 80110.000
-0.864 1.424 8.925 10.000 80120.000
-1.082 1.671 9.026 10.000 80130.000
-0.960 1.783 8.959 9.000 80139.000
-0.883 2.159 9.306 11.000 80150.000
-0.916 2.461 9.564 10.000 80160.000
-1.034 2.130 10.072 10.000 80170.000
-1.163 1.762 10.735 10.000 80180.000
-1.067 1.218 11.156 10.000 80190.000
-1.379 1.003 11.563 10.000 80200.000
-1.606 1.419 11.722 10.000 80210.000
-1.742 1.319 11.868 9.000 80219.000
-1.999 1.098 11.935 11.000 80230.000
-1.848 0.550 12.016 10.000 80240.000
-2.094 0.098 12.287 10.000 80250.000
-2.432 0.162 12.569 10.000 80260.000
-2.985 0.387 12.878 10.000 80270.000
-3.256 0.227 12.995 10.000 80280.000
-3.129 -0.028 12.923 10.000 80290.000
-2.748 -0.639 12.840 10.000 80300.000
-2.212 -1.379 12.636 9.000 80309.000
-2.008 -1.584 12.780 11.000 80320.000
-2.020 -1.762 13.084 10.000 80330.000
-2.286 -1.584 13.400 9.000 80339.000
-2.566 -1.400 13.742 11.000 80350.000
-2.693 -1.762 13.903 10.000 80360.000
-2.604 -2.152 13.903 10.000 80370.000
-2.401 -2.882 14.010 10.000 80380.000
-2.183 -3.620 14.092 10.000 80390.000
-1.963 -3.830 14.410 10.000 80400.000
-1.675 -4.022 14.719 10.000 80410.000
-1.503 -3.873 14.920 9.000 80419.000
-0.687 -3.751 15.061 11.000 80430.000
0.023 -3.758 14.992 9.000 80439.000
0.909 -3.794 15.085 10.000 80449.000
1.877 -3.703 15.306 10.000 80459.000
2.200 -3.586 15.586 10.000 80469.000
2.509 -3.313 15.854 10.000 80479.000
2.576 -3.031 15.969 10.000 80489.000
2.214 -2.564 16.031 10.000 80499.000
1.367 -1.673 16.213 10.000 80509.000
0.533 -0.938 16.407 10.000 80519.000
-0.665 0.050 16.500 10.000 80529.000
-1.958 1.058 16.560 10.000 80539.000
-2.765 1.642 16.500 10.000 80549.000
-4.065 2.269 16.527 10.000 80559.000
-4.999 2.643 16.654 10.000 80569.000
-5.427 2.942 16.464 10.000 80579.000
-5.193 3.356 15.823 11.000 80590.000
-4.465 3.727 15.095 9.000 80599.000
-3.311 4.027 13.986 10.000 80609.000
-2.221 4.070 13.153 10.000 80619.000
-1.788 3.928 12.832 10.000 80629.000
-0.957 3.818 12.277 10.000 80639.000
-0.553 3.780 12.102 10.000 80649.000
-0.114 3.833 11.985 10.000 80659.000
0.179 3.837 11.743 10.000 80669.000
0.076 3.811 11.736 10.000 80679.000
0.150 3.907 11.753 10.000 80689.000
0.191 3.912 11.712 10.000 80699.000
0.287 3.859 11.616 10.000 80709.000
0.368 3.758 11.283 10.000 80719.000
0.272 3.536 10.927 10.000 80729.000
0.114 3.457 10.338 10.000 80739.000
0.038 3.552 9.868 10.000 80749.000
-0.292 4.046 9.497 10.000 80759.000
-0.739 4.479 9.023 11.000 80770.000
-1.125 4.769 8.781 10.000 80780.000
-1.479 4.929 8.504 10.000 80790.000
-1.572 4.529 8.458 10.000 80800.000
-1.549 4.189 8.516 10.000 80810.000
-1.216 3.648 8.264 10.000 80820.000
-0.914 3.236 8.049 10.000 80830.000
-0.086 3.409 6.957 10.000 80840.000
1.139 3.938 5.353 10.000 80850.000
2.056 4.668 4.058 10.000 80860.000
3.011 5.190 2.317 10.000 80870.000
3.447 5.339 1.359 10.000 80880.000
3.248 4.738 0.675 10.000 80890.000
3.186 3.988 -0.131 10.000 80900.000
3.086 3.447 -0.493 10.000 80910.000
2.995 2.887 -0.998 10.000 80920.000
3.129 2.932 -1.570 10.000 80930.000
3.126 3.126 -2.020 10.000 80940.000
3.277 3.337 -2.738 10.000 80950.000
3.418 3.567 -3.313 10.000 80960.000
3.081 3.236 -3.643 10.000 80970.000
2.240 2.628 -3.967 10.000 80980.000
1.247 2.003 -4.022 10.000 80990.000
0.208 1.331 -3.770 10.000 81000.000
-0.339 1.005 -3.457 10.000 81010.000
-0.567 0.952 -2.806 10.000 81020.000
-0.778 0.720 -2.011 10.000 81030.000
-0.943 0.536 -1.522 10.000 81040.000
-1.187 0.205 -0.988 10.000 81050.000
-1.039 -0.119 -0.706 10.000 81060.000
-0.907 -0.265 -0.567 10.000 81070.000
-0.368 0.055 -0.292 10.000 81080.000
0.248 0.521 -0.062 10.000 81090.000
0.857 1.532 0.067 10.000 81100.000
1.218 2.604 0.414 9.000 81109.000
1.173 3.210 0.624 11.000 81120.000
1.254 3.828 1.381 10.000 81130.000
1.134 3.902 2.145 10.000 81140.000
1.659 3.816 3.107 10.000 81150.000
2.801 3.842 4.165 10.000 81160.000
3.816 3.857 4.678 10.000 81170.000
5.068 4.039 5.853 10.000 81180.000
4.982 4.252 6.502 10.000 81190.000
4.278 4.352 7.055 10.000 81200.000
3.813 4.426 8.346 10.000 81210.000
3.112 4.333 8.973 10.000 81220.000
3.881 4.410 9.902 10.000 81230.000
6.574 3.742 10.304 10.000 81240.000
9.028 3.100 9.969 10.000 81250.000
11.200 2.870 8.801 10.000 81260.000
12.842 2.537 7.441 10.000 81270.000
9.761 3.943 7.295 10.000 81280.000
5.659 5.564 8.092 10.000 81290.000
1.841 6.773 9.722 10.000 81300.000
-2.281 7.891 11.166 10.000 81310.000
-4.211 7.225 11.587 10.000 81320.000
-5.121 6.344 11.066 10.000 81330.000
-6.370 5.425 10.862 10.000 81340.000
-7.316 4.596 10.845 10.000 81350.000
-7.513 4.182 11.482 10.000 81360.000
-6.375 3.411 11.894 10.000 81370.000
-4.898 2.679 11.987 10.000 81380.000
-2.722 2.537 12.129 10.000 81390.000
-0.543 2.636 12.150 12.000 81402.000
0.301 3.090 12.397 8.000 81410.000
1.900 3.253 12.770 10.000 81420.000
2.801 2.825 13.096 10.000 81430.000
4.261 2.121 13.237 10.000 81440.000
5.305 1.819 13.831 12.000 81452.000
5.595 1.810 14.298 8.000 81460.000
5.619 1.802 14.841 10.000 81470.000
4.936 2.207 15.370 10.000 81480.000
4.831 2.099 15.385 10.000 81490.000
4.699 1.951 15.449 10.000 81500.000
4.833 1.800 15.437 10.000 81510.000
4.924 1.604 15.272 10.000 81520.000
4.855 1.517 15.169 10.000 81530.000
4.850 1.472 14.678 10.000 81540.000
4.800 1.575 13.843 10.000 81550.000
4.793 1.723 13.160 10.000 81560.000
4.517 1.936 12.370 10.000 81570.000
3.658 2.279 12.176 10.000 81580.000
2.844 2.473 12.327 10.000 81590.000
1.769 2.669 12.641 10.000 81600.000
0.962 2.801 13.062 10.000 81610.000
0.457 3.009 13.244 9.000 81619.000
0.248 3.541 13.354 11.000 81630.000
0.301 4.070 13.302 10.000 81640.000
0.067 4.762 13.529 10.000 81650.000
0.076 5.248 13.737 10.000 81660.000
-0.045 5.214 14.044 10.000 81670.000
0.316 5.135 13.991 9.000 81679.000
0.964 4.893 13.658 11.000 81690.000
1.726 4.570 12.940 10.000 81700.000
2.322 4.443 12.196 10.000 81710.000
2.705 4.094 11.647 10.000 81720.000
3.234 3.469 10.709 10.000 81730.000
3.651 2.925 10.156 10.000 81740.000
4.024 2.140 9.344 10.000 81750.000
4.120 1.580 8.676 10.000 81760.000
4.070 1.295 8.398 10.000 81770.000
4.374 1.194 7.931 10.000 81780.000
4.721 1.335 7.723 10.000 81790.000
5.166 1.525 7.366 10.000 81800.000
5.540 1.757 6.742 10.000 81810.000
5.559 1.805 6.306 10.000 81820.000
5.750 1.836 5.717 10.000 81830.000
5.851 1.862 5.295 10.000 81840.000
5.889 1.879 5.049 10.000 81850.000
5.422 1.972 4.833 10.000 81860.000
4.783 2.082 4.771 10.000 81870.000
3.818 2.315 4.896 10.000 81880.000
2.715 2.561 5.178 10.000 81890.000
2.116 2.731 5.430 10.000 81900.000
1.228 2.978 5.729 10.000 81910.000
0.665 3.102 5.841 10.000 81920.000
0.112 3.368 6.078 10.000 81930.000
-0.565 3.770 6.390 10.000 81940.000
-0.952 4.096 6.653 10.000 81950.000
-1.249 4.522 6.837 10.000 81960.000
-1.283 4.759 6.833 10.000 81970.000
-1.151 4.963 6.684 10.000 81980.000
-0.912 5.293 6.406 10.000 81990.000
-0.763 5.523 6.208 10.000 82000.000
-0.509 5.822 5.695 10.000 82010.000
-0.371 5.868 5.008 9.000 82019.000
-0.339 5.786 4.450 11.000 82030.000
-0.553 5.595 3.703 10.000 82040.000
-0.871 5.334 3.270 10.000 82050.000
-1.493 5.327 3.102 10.000 82060.000
-2.523 5.453 2.896 10.000 82070.000
-3.308 5.691 2.880 10.000 82080.000
-4.606 5.868 2.659 10.000 82090.000
-5.525 5.942 2.418 10.000 82100.000
-6.531 5.511 1.980 10.000 82110.000
-8.121 5.676 1.350 10.000 82120.000
-9.198 5.901 0.924 10.000 82130.000
-10.864 5.032 0.677 10.000 82140.000
-11.982 4.355 0.739 10.000 82150.000
-12.516 3.081 0.993 10.000 82160.000
-13.077 2.710 1.608 10.000 82170.000
-13.048 3.433 2.044 10.000 82180.000
-12.761 5.600 2.269 10.000 82190.000
-11.322 6.651 3.177 10.000 82200.000
-9.856 6.799 3.722 10.000 82210.000
-7.675 6.210 4.967 10.000 82220.000
-5.808 4.357 6.349 10.000 82230.000
-5.204 3.624 6.890 10.000 82240.000
-4.572 3.222 7.841 10.000 82250.000
-4.656 3.557 8.092 10.000 82260.000
-4.249 4.371 8.793 10.000 82270.000
-3.974 5.025 9.725 10.000 82280.000
-3.727 5.348 10.247 10.000 82290.000
-4.216 5.748 11.046 10.000 82300.000
-5.195 5.669 11.396 10.000 82310.000
-5.997 5.932 11.432 10.000 82320.000
-6.545 6.253 11.379 10.000 82330.000
-6.358 6.497 11.049 9.000 82339.000
-6.138 6.636 10.694 11.000 82350.000
-5.851 6.588 10.582 10.000 82360.000
-5.339 6.382 10.352 10.000 82370.000
-4.017 6.095 9.907 10.000 82380.000
-2.729 5.913 9.485 10.000 82390.000
-1.106 5.803 8.990 10.000 82400.000
0.311 5.937 8.631 10.000 82410.000
0.919 6.153 8.487 9.000 82419.000
1.410 6.409 8.128 11.000 82430.000
1.565 6.593 7.843 10.000 82440.000
1.144 6.677 7.536 10.000 82450.000
0.859 6.878 7.149 10.000 82460.000
0.691 7.038 6.976 10.000 82470.000
0.706 6.967 6.914 10.000 82480.000
1.024 6.852 6.943 10.000 82490.000
1.223 6.054 7.187 10.000 82500.000
1.654 5.097 7.527 9.000 82509.000
1.903 4.371 7.757 11.000 82520.000
2.410 3.576 8.020 10.000 82530.000
2.901 3.347 8.149 10.000 82540.000
3.165 3.186 8.204 10.000 82550.000
3.502 2.849 8.123 10.000 82560.000
3.581 2.580 8.008 11.000 82571.000
3.797 2.123 7.812 9.000 82580.000
4.343 1.620 7.467 10.000 82590.000
4.814 1.295 7.259 10.000 82600.000
5.533 0.818 6.993 10.000 82610.000
6.114 0.531 6.809 10.000 82620.000
6.528 0.577 6.849 10.000 82630.000
6.864 0.720 7.070 10.000 82640.000
6.952 1.015 7.347 10.000 82650.000
6.909 1.154 7.723 10.000 82660.000
6.698 1.096 8.001 10.000 82670.000
6.605 0.723 8.214 10.000 82680.000
6.593 0.191 8.571 10.000 82690.000
6.713 -0.184 8.829 10.000 82700.000
6.845 -0.548 9.131 9.000 82709.000
7.010 -0.622 9.485 11.000 82720.000
7.094 -0.538 9.696 10.000 82730.000
7.448 -0.328 10.108 9.000 82739.000
7.790 -0.129 10.477 11.000 82750.000
8.348 0.292 10.862 10.000 82760.000
7.522 0.517 11.123 10.000 82770.000
6.426 0.615 11.183 10.000 82780.000
5.458 1.098 10.666 10.000 82790.000
4.204 1.288 9.964 10.000 82800.000
4.910 2.614 8.540 10.000 82810.000
6.670 4.443 6.356 10.000 82820.000
8.300 5.887 4.750 10.000 82830.000
11.789 7.390 3.165 10.000 82840.000
13.716 7.738 2.645 10.000 82850.000
14.590 7.582 2.885 10.000 82860.000
13.515 7.287 3.224 10.000 82870.000
10.582 6.933 3.543 10.000 82880.000
7.996 7.005 3.988 10.000 82890.000
5.365 7.199 4.587 10.000 82900.000
4.683 7.532 5.085 9.000 82909.000
3.761 8.056 6.239 11.000 82920.000
3.476 8.370 7.048 10.000 82930.000
3.354 8.628 8.030 10.000 82940.000
3.136 8.722 9.361 10.000 82950.000
3.157 8.623 10.036 10.000 82960.000
3.280 7.857 9.866 10.000 82970.000
3.663 7.115 8.810 10.000 82980.000
4.141 6.538 7.405 10.000 82990.000
4.814 6.301 5.595 10.000 83000.000
5.386 6.732 4.630 10.000 83010.000
5.691 7.335 3.770 9.000 83019.000
5.968 8.054 2.595 11.000 83030.000
6.052 8.432 1.824 10.000 83040.000
5.844 8.671 0.706 10.000 83050.000
5.525 8.647 0.043 10.000 83060.000
4.893 8.288 -0.351 11.000 83071.000
4.469 7.884 -0.608 8.000 83079.000
4.338 7.618 -0.517 10.000 83089.000
3.883 7.096 -0.447 10.000 83099.000
3.612 6.591 -0.416 10.000 83109.000
3.134 6.131 -0.524 10.000 83119.000
2.789 5.544 -0.270 11.000 83130.000
2.767 5.214 0.004 9.000 83139.000
2.820 4.867 0.385 10.000 83149.000
2.880 4.264 0.818 10.000 83159.000
2.806 3.787 0.890 10.000 83169.000
2.916 3.198 1.048 10.000 83179.000
3.107 2.829 1.187 11.000 83190.000
3.524 2.779 1.297 9.000 83199.000
4.074 2.820 1.450 10.000 83209.000
4.441 2.973 1.517 10.000 83219.000
4.891 3.078 1.750 11.000 83230.000
5.051 3.045 1.862 9.000 83239.000
5.078 2.920 1.932 10.000 83249.000
5.087 2.760 2.025 10.000 83259.000
5.013 2.647 1.953 10.000 83269.000
4.944 2.561 2.035 10.000 83279.000
4.876 2.011 1.996 10.000 83289.000
4.826 1.496 1.934 10.000 83299.000
5.322 -0.021 4.718 11.000 83310.000
5.870 -1.489 7.445 10.000 83320.000
7.793 -1.778 9.488 10.000 83330.000
9.725 -0.514 10.524 10.000 83340.000
11.111 1.752 8.714 10.000 83350.000
11.329 4.769 5.736 10.000 83360.000
9.713 7.326 3.936 10.000 83370.000
8.087 8.329 3.141 10.000 83380.000
5.968 9.167 3.083 10.000 83390.000
5.018 9.255 4.194 10.000 83400.000
3.909 8.755 5.731 10.000 83410.000
2.901 8.068 6.885 10.000 83420.000
2.387 7.546 7.302 10.000 83430.000
2.729 6.952 6.782 10.000 83440.000
3.687 6.694 5.463 10.000 83450.000
5.032 6.574 3.919 10.000 83460.000
6.347 6.380 2.578 10.000 83470.000
6.804 6.258 2.173 10.000 83480.000
7.122 6.148 2.504 10.000 83490.000
6.782 6.330 3.409 10.000 83500.000
6.473 6.586 4.110 10.000 83510.000
6.004 6.921 4.527 10.000 83520.000
5.674 7.244 4.209 10.000 83530.000
5.442 7.113 3.928 9.000 83539.000
5.118 7.041 3.667 11.000 83550.000
4.955 6.890 3.691 10.000 83560.000
4.802 6.878 3.938 10.000 83570.000
4.721 7.077 4.180 10.000 83580.000
4.807 7.173 4.326 10.000 83590.000
4.886 7.208 4.216 10.000 83600.000
4.955 7.105 3.883 10.000 83610.000
4.996 7.089 3.672 10.000 83620.000
4.960 7.115 3.538 10.000 83630.000
4.953 7.225 3.778 10.000 83640.000
4.987 7.228 3.881 10.000 83650.000
5.049 7.144 3.861 10.000 83660.000
5.145 7.043 3.809 10.000 83670.000
5.214 6.909 3.691 10.000 83680.000
5.243 6.883 3.711 10.000 83690.000
5.231 6.976 3.703 10.000 83700.000
5.185 7.086 3.730 9.000 83709.000
5.164 7.240 3.818 11.000 83720.000
5.094 7.326 3.763 10.000 83730.000
5.066 7.292 3.734 10.000 83740.000
5.051 7.208 3.737 10.000 83750.000
5.018 7.091 3.624 10.000 83760.000
5.018 7.079 3.773 9.000 83769.000
5.058 7.125 3.854 11.000 83780.000
5.085 7.220 3.904 10.000 83790.000
5.147 7.273 3.845 10.000 83800.000
5.159 7.244 3.622 10.000 83810.000
5.130 7.158 3.466 10.000 83820.000
5.037 7.043 3.380 10.000 83830.000
4.908 6.971 3.404 10.000 83840.000
4.867 7.058 3.703 10.000 83850.000
4.958 7.170 3.952 10.000 83860.000
5.114 7.311 4.132 10.000 83870.000
5.257 7.357 4.084 10.000 83880.000
5.377 7.287 3.806 10.000 83890.000
5.279 7.153 3.483 10.000 83900.000
4.903 6.507 3.169 10.000 83910.000
4.539 5.956 3.083 10.000 83920.000
4.510 6.133 3.145 10.000 83930.000
4.613 6.691 3.581 9.000 83939.000
4.994 7.762 4.007 11.000 83950.000
4.900 8.248 4.386 10.000 83960.000
4.472 8.006 4.616 9.000 83969.000
4.086 7.438 4.340 11.000 83980.000
3.816 7.017 4.053 10.000 83990.000
4.019 7.180 3.813 10.000 84000.000
4.189 7.489 3.567 10.000 84010.000
4.271 7.781 3.548 9.000 84019.000
4.367 7.797 3.428 11.000 84030.000
4.548 7.728 3.327 10.000 84040.000
4.764 7.513 3.234 10.000 84050.000
4.979 7.247 3.234 10.000 84060.000
4.989 7.070 3.411 10.000 84070.000
4.912 6.979 3.569 10.000 84080.000
4.766 6.921 3.615 10.000 84090.000
4.620 6.914 3.567 11.000 84101.000
4.683 6.955 3.524 9.000 84110.000
4.757 7.084 3.512 10.000 84120.000
4.900 7.180 3.612 10.000 84130.000
4.908 7.225 3.770 10.000 84140.000
4.783 7.264 3.859 10.000 84150.000
4.592 7.414 3.950 10.000 84160.000
4.553 7.489 3.993 10.000 84170.000
4.651 7.613 3.979 10.000 84180.000
4.718 7.582 3.928 10.000 84190.000
4.718 7.273 3.881 10.000 84200.000
4.565 7.041 3.881 10.000 84210.000
4.484 6.971 3.892 10.000 84220.000
4.434 7.058 3.940 10.000 84230.000
4.481 7.268 3.971 10.000 84240.000
4.568 7.489 4.015 10.000 84250.000
4.582 7.546 4.046 10.000 84260.000
4.599 7.513 4.024 10.000 84270.000
4.639 7.431 3.983 10.000 84280.000
4.604 7.357 3.871 10.000 84290.000
4.608 7.343 3.703 10.000 84300.000
4.611 7.419 3.588 10.000 84310.000
4.575 7.505 3.509 10.000 84320.000
4.625 7.548 3.608 10.000 84330.000
4.635 7.532 3.761 9.000 84339.000
4.668 7.455 3.904 11.000 84350.000
4.740 7.369 4.012 10.000 84360.000
4.683 7.278 3.888 10.000 84370.000
4.647 7.304 3.754 10.000 84380.000
4.587 7.390 3.629 10.000 84390.000
4.539 7.460 3.500 10.000 84400.000
4.572 7.560 3.485 10.000 84410.000
4.568 7.491 3.495 10.000 84420.000
4.644 7.515 3.545 10.000 84430.000
4.709 7.556 3.600 10.000 84440.000
4.793 7.618 3.600 10.000 84450.000
4.821 7.702 3.737 10.000 84460.000
4.769 7.692 3.833 10.000 84470.000
4.616 7.517 3.993 10.000 84480.000
4.443 7.321 4.209 10.000 84490.000
4.548 7.137 3.909 10.000 84500.000
4.556 6.892 3.699 10.000 84510.000
4.663 6.813 3.423 10.000 84520.000
4.707 6.859 3.311 10.000 84530.000
4.544 6.924 3.562 10.000 84540.000
4.582 7.129 3.766 10.000 84550.000
4.671 7.264 3.991 10.000 84560.000
4.824 7.273 4.053 10.000 84570.000
4.924 7.244 4.139 10.000 84580.000
4.888 7.187 4.091 10.000 84590.000
4.802 7.201 4.022 10.000 84600.000
4.721 7.204 3.998 10.000 84610.000
4.692 7.244 3.950 9.000 84619.000
4.683 7.232 3.943 11.000 84630.000
4.558 7.230 3.979 10.000 84640.000
4.429 7.240 3.969 10.000 84650.000
4.288 7.261 3.864 10.000 84660.000
4.161 7.283 3.811 10.000 84670.000
4.429 7.443 3.497 10.000 84680.000
4.690 7.364 3.169 10.000 84690.000
4.963 7.273 2.937 10.000 84700.000
5.181 7.278 2.911 9.000 84709.000
5.118 7.134 3.102 11.000 84720.000
4.958 7.264 3.402 10.000 84730.000
4.817 7.364 3.689 9.000 84739.000
4.730 7.369 3.770 11.000 84750.000
4.604 7.448 3.909 10.000 84760.000
4.582 7.539 3.854 9.000 84769.000
4.541 7.659 3.811 11.000 84780.000
4.441 7.603 3.825 10.000 84790.000
4.381 7.474 3.782 10.000 84800.000
4.436 7.223 3.715 10.000 84810.000
4.565 7.024 3.636 10.000 84820.000
4.754 7.000 3.500 10.000 84830.000
4.838 7.036 3.452 10.000 84840.000
4.807 7.149 3.529 10.000 84850.000
4.625 7.297 3.663 10.000 84860.000
4.455 7.429 3.701 9.000 84869.000
4.390 7.501 3.651 10.000 84879.000
4.364 7.534 3.646 11.000 84890.000
4.441 7.496 3.608 9.000 84899.000
4.505 7.474 3.665 10.000 84909.000
4.565 7.462 3.699 10.000 84919.000
4.587 7.489 3.687 11.000 84930.000
4.553 7.520 3.658 9.000 84939.000
4.522 7.524 3.675 10.000 84949.000
4.496 7.520 3.715 10.000 84959.000
4.501 7.496 3.722 10.000 84969.000
4.534 7.450 3.734 10.000 84979.000
4.534 7.419 3.699 10.000 84989.000
4.513 7.426 3.701 10.000 84999.000
4.460 7.453 3.737 10.000 85009.000
4.441 7.513 3.787 10.000 85019.000
4.479 7.536 3.813 10.000 85029.000
4.539 7.522 3.801 10.000 85039.000
4.560 7.460 3.797 10.000 85049.000
4.548 7.364 3.778 11.000 85060.000
4.546 7.352 3.746 10.000 85070.000
4.604 7.335 3.646 10.000 85080.000
4.699 7.366 3.538 10.000 85090.000
4.730 7.515 3.615 10.000 85100.000
4.726 7.627 3.730 10.000 85110.000
4.527 7.649 3.878 10.000 85120.000
4.367 7.563 4.003 10.000 85130.000
4.271 7.359 3.943 10.000 85140.000
4.230 7.230 3.845 10.000 85150.000
4.347 7.228 3.806 10.000 85160.000
4.426 7.333 3.792 10.000 85170.000
4.510 7.383 3.761 10.000 85180.000
4.539 7.359 3.768 10.000 85190.000
4.546 7.335 3.792 10.000 85200.000
4.515 7.381 3.849 10.000 85210.000
4.479 7.481 3.924 10.000 85220.000
4.388 7.572 3.979 10.000 85230.000
4.295 7.632 3.993 10.000 85240.000
4.271 7.575 3.960 10.000 85250.000
4.295 7.515 3.909 10.000 85260.000
4.374 7.465 3.878 10.000 85270.000
4.477 7.407 3.828 10.000 85280.000
4.505 7.400 3.739 10.000 85290.000
4.486 7.395 3.667 10.000 85300.000
4.455 7.424 3.622 10.000 85310.000
4.400 7.460 3.596 10.000 85320.000
4.386 7.472 3.641 10.000 85330.000
4.402 7.472 3.679 10.000 85340.000
4.431 7.438 3.691 10.000 85350.000
4.491 7.400 3.761 10.000 85360.000
4.553 7.383 3.811 10.000 85370.000
4.556 7.381 3.883 10.000 85380.000
4.553 7.390 3.950 10.000 85390.000
4.520 7.405 3.960 10.000 85400.000
4.479 7.407 3.981 10.000 85410.000
4.481 7.378 3.967 10.000 85420.000
4.489 7.338 3.957 11.000 85431.000
4.481 7.297 3.962 8.000 85439.000
4.481 7.268 3.955 10.000 85449.000
4.515 7.287 3.924 10.000 85459.000
4.599 7.266 3.964 10.000 85469.000
4.697 7.244 3.991 11.000 85480.000
4.709 7.259 4.003 9.000 85489.000
4.673 7.254 4.060 10.000 85499.000
4.510 7.398 4.082 10.000 85509.000
4.304 7.558 4.127 10.000 85519.000
4.185 7.682 4.187 10.000 85529.000
4.137 7.793 4.237 10.000 85539.000
4.218 7.716 4.165 10.000 85549.000
4.343 7.623 4.070 10.000 85559.000
4.446 7.498 3.936 10.000 85569.000
4.477 7.388 3.811 10.000 85579.000
4.465 7.395 3.766 11.000 85590.000
4.481 7.357 3.629 9.000 85599.000
4.520 7.350 3.531 10.000 85609.000
4.618 7.297 3.385 10.000 85619.000
4.707 7.206 3.246 11.000 85630.000
4.754 7.189 3.244 10.000 85640.000
4.764 7.223 3.299 10.000 85650.000
4.714 7.302 3.402 10.000 85660.000
4.642 7.371 3.524 10.000 85670.000
4.582 7.412 3.600 10.000 85680.000
4.599 7.376 3.562 10.000 85690.000
4.630 7.314 3.466 10.000 85700.000
4.683 7.261 3.351 10.000 85710.000
4.695 7.235 3.299 10.000 85720.000
4.699 7.220 3.354 10.000 85730.000
4.690 7.232 3.466 10.000 85740.000
4.707 7.287 3.564 10.000 85750.000
4.764 7.316 3.600 10.000 85760.000
4.742 7.417 3.643 10.000 85770.000
4.683 7.508 3.706 10.000 85780.000
4.596 7.556 3.782 10.000 85790.000
4.505 7.611 3.840 10.000 85800.000
4.462 7.608 3.840 10.000 85810.000
4.474 7.606 3.813 10.000 85820.000
4.527 7.546 3.758 10.000 85830.000
4.584 7.479 3.722 10.000 85840.000
4.654 7.407 3.641 10.000 85850.000
4.692 7.376 3.598 10.000 85860.000
4.690 7.402 3.584 10.000 85870.000
4.683 7.431 3.536 10.000 85880.000
4.663 7.465 3.533 10.000 85890.000
4.642 7.474 3.502 10.000 85900.000
4.599 7.491 3.545 10.000 85910.000
4.560 7.505 3.622 10.000 85920.000
4.541 7.536 3.713 10.000 85930.000
4.539 7.560 3.801 9.000 85939.000
4.532 7.618 3.756 11.000 85950.000
4.563 7.570 3.581 10.000 85960.000
4.575 7.505 3.392 11.000 85971.000
4.678 7.378 3.292 9.000 85980.000
4.776 7.189 3.464 10.000 85990.000
4.836 7.105 3.766 10.000 86000.000
4.769 7.230 3.754 10.000 86010.000
4.611 7.417 3.653 9.000 86019.000
4.515 7.651 3.600 11.000 86030.000
4.362 7.886 3.562 10.000 86040.000
4.335 7.912 3.837 10.000 86050.000
4.390 7.793 3.976 11.000 86061.000
4.414 7.647 3.854 9.000 86070.000
4.642 7.347 3.627 10.000 86080.000
4.922 7.017 3.445 10.000 86090.000
5.121 6.833 3.399 10.000 86100.000
5.173 6.799 3.359 10.000 86110.000
4.982 7.053 3.473 10.000 86120.000
4.738 7.338 3.543 10.000 86130.000
4.565 7.510 3.521 9.000 86139.000
4.539 7.532 3.495 11.000 86150.000
4.695 7.551 3.373 10.000 86160.000
4.790 7.477 3.186 9.000 86169.000
4.814 7.515 3.090 11.000 86180.000
4.860 7.390 3.009 10.000 86190.000
4.821 7.134 2.959 10.000 86200.000
4.817 7.244 3.047 10.000 86210.000
4.807 7.316 3.213 10.000 86220.000
4.776 7.551 3.363 10.000 86230.000
4.496 7.728 3.981 10.000 86240.000
4.067 7.568 4.299 10.000 86250.000
3.643 7.445 4.541 10.000 86260.000
3.541 7.410 4.496 10.000 86270.000
3.687 7.431 3.983 10.000 86280.000
4.194 7.522 3.749 10.000 86290.000
4.613 7.484 3.509 10.000 86300.000
4.711 7.359 3.557 9.000 86309.000
4.738 7.309 3.648 11.000 86320.000
4.577 7.254 3.687 10.000 86330.000
4.510 7.369 3.744 10.000 86340.000
4.419 7.465 3.787 10.000 86350.000
4.400 7.486 3.787 10.000 86360.000
4.398 7.486 3.804 9.000 86369.000
4.405 7.436 3.806 11.000 86380.000
4.436 7.405 3.823 10.000 86390.000
4.496 7.376 3.787 10.000 86400.000
4.539 7.369 3.734 9.000 86409.000
4.544 7.393 3.687 10.000 86419.000
4.503 7.410 3.706 11.000 86430.000
4.434 7.424 3.778 9.000 86439.000
4.374 7.436 3.869 10.000 86449.000
4.338 7.426 3.955 10.000 86459.000
4.395 7.472 3.885 10.000 86469.000
4.398 7.481 3.809 10.000 86479.000
4.390 7.493 3.713 10.000 86489.000
4.381 7.445 3.615 10.000 86499.000
