# Accelerometer Data File
# 
#
#
# sensor Vendor: Bosch
# sensor Name: BMA254
# sensor Resolution: 0.009576807m/sec^2; Max Range: 39.2; Min Delay: 10000 microseconds
# The sensor's attributes are the result hardware and the Android capabilities.
# It means that the Android may not utilize all features provided by the hardware.
#
# Some devices and Android versions save battery too much so the device may go to sleep.
# It just happens after couple of minutes from turning off the scree and it is easy to find it out.
#
# The following file provides the data from accelerometer in the m/s^2 format.
# The diff value is just a time delta between the samples
#
#
# data format:
# so we have 4 columns with values separated by the " "
# X Y Z time_from_previous_sample(ms)

# sensor speed set to:FASTEST
# units set to: m/sec^2
# gravity NOT filtered out
# Accuracy: HIGH
5.063 -1.786 8.236 9.000 72500.000
4.510 -1.187 8.786 10.000 72510.000
3.940 -0.318 9.241 10.000 72520.000
3.873 0.622 9.397 10.000 72530.000
3.785 1.836 9.430 10.000 72540.000
3.921 2.738 9.236 10.000 72550.000
3.406 2.779 9.131 10.000 72560.000
2.545 2.822 9.062 11.000 72571.000
1.704 2.592 9.114 9.000 72580.000
0.998 2.516 8.872 10.000 72590.000
0.785 2.671 8.614 10.000 72600.000
1.108 2.796 8.386 10.000 72610.000
1.115 2.930 8.243 10.000 72620.000
0.988 2.911 8.394 10.000 72630.000
0.881 2.638 7.783 10.000 72640.000
0.543 1.999 7.252 10.000 72650.000
0.521 1.350 6.636 10.000 72660.000
0.289 0.440 5.980 10.000 72670.000
0.038 -0.215 6.086 9.000 72679.000
-0.205 -0.301 6.478 11.000 72690.000
-0.225 -0.210 7.091 10.000 72700.000
-0.033 0.141 7.745 10.000 72710.000
0.090 0.193 8.020 10.000 72720.000
0.248 0.071 7.862 10.000 72730.000
0.361 -0.198 7.606 10.000 72740.000
0.457 -0.129 7.850 10.000 72750.000
0.620 0.239 8.473 10.000 72760.000
0.651 0.809 9.344 9.000 72769.000
0.268 1.161 10.261 11.000 72780.000
-0.098 1.173 10.678 10.000 72790.000
-0.342 1.067 10.879 10.000 72800.000
-0.454 0.761 10.831 10.000 72810.000
-0.019 0.612 10.558 10.000 72820.000
0.600 0.469 10.139 10.000 72830.000
1.098 0.442 9.935 10.000 72840.000
1.980 0.225 9.746 10.000 72850.000
2.547 0.038 9.615 10.000 72860.000
2.681 -0.454 9.777 9.000 72869.000
3.023 -1.175 9.837 10.000 72879.000
2.983 -1.704 9.883 11.000 72890.000
2.841 -2.209 9.720 9.000 72899.000
2.770 -1.620 9.665 12.000 72911.000
2.489 -0.804 9.713 9.000 72920.000
2.061 -0.052 10.024 10.000 72930.000
1.733 0.675 10.544 10.000 72940.000
1.623 0.225 10.249 10.000 72950.000
1.948 -0.486 9.763 10.000 72960.000
2.422 -1.132 9.014 10.000 72970.000
3.162 -1.781 8.281 10.000 72980.000
3.864 -2.044 8.106 10.000 72990.000
4.271 -2.114 8.219 10.000 73000.000
4.197 -2.063 8.386 10.000 73010.000
3.857 -2.011 8.537 10.000 73020.000
3.320 -1.685 8.772 10.000 73030.000
2.602 -1.125 8.944 10.000 73040.000
2.365 -0.684 9.062 10.000 73050.000
2.231 -0.213 9.349 10.000 73060.000
2.293 -0.014 9.552 10.000 73070.000
2.303 -0.050 9.679 10.000 73080.000
1.975 -0.153 9.911 10.000 73090.000
1.544 -0.287 9.974 10.000 73100.000
0.766 -0.411 9.998 10.000 73110.000
0.081 -0.469 10.065 10.000 73120.000
-0.509 -0.371 10.079 10.000 73130.000
-1.271 -0.248 10.086 10.000 73140.000
-1.685 -0.136 10.132 10.000 73150.000
-2.051 0.009 10.357 10.000 73160.000
-2.173 0.067 10.529 10.000 73170.000
-2.298 0.083 11.080 10.000 73180.000
-2.722 0.222 11.956 10.000 73190.000
-3.193 0.328 12.653 10.000 73200.000
-3.833 0.620 13.709 10.000 73210.000
-4.441 1.338 14.482 10.000 73220.000
-4.750 1.934 14.930 10.000 73230.000
-4.984 2.636 15.207 10.000 73240.000
-5.051 3.150 15.126 10.000 73250.000
-5.102 3.354 14.846 10.000 73260.000
-5.114 3.957 14.451 10.000 73270.000
-5.200 4.455 14.226 10.000 73280.000
-5.281 5.497 13.862 10.000 73290.000
-5.238 6.440 13.608 10.000 73300.000
-5.427 7.297 13.397 10.000 73310.000
-5.846 8.111 13.180 10.000 73320.000
-6.270 8.382 13.101 10.000 73330.000
-6.746 8.549 12.911 10.000 73340.000
-6.943 8.327 12.624 10.000 73350.000
-6.909 8.147 12.344 10.000 73360.000
-6.833 7.867 11.877 10.000 73370.000
-6.703 7.690 11.520 10.000 73380.000
-6.521 7.422 11.130 10.000 73390.000
-6.198 6.890 10.429 10.000 73400.000
-5.918 6.459 9.914 10.000 73410.000
-5.583 5.681 9.210 10.000 73420.000
-5.386 5.070 8.710 10.000 73430.000
-5.286 4.651 8.487 10.000 73440.000
-4.984 4.156 8.236 10.000 73450.000
-4.738 4.007 8.173 10.000 73460.000
-4.321 3.770 8.027 10.000 73470.000
-3.787 3.768 7.745 10.000 73480.000
-3.454 3.842 7.491 10.000 73490.000
-2.937 4.031 7.125 10.000 73500.000
-2.590 4.309 6.842 10.000 73510.000
-2.391 4.371 6.631 10.000 73520.000
-2.051 4.508 6.263 10.000 73530.000
-1.896 4.529 6.007 10.000 73540.000
-1.553 4.584 5.655 10.000 73550.000
-1.225 4.692 5.401 10.000 73560.000
-0.785 4.671 5.046 10.000 73570.000
0.069 4.644 4.522 10.000 73580.000
0.737 4.584 4.094 10.000 73590.000
1.486 4.548 3.744 10.000 73600.000
1.958 4.465 3.792 10.000 73610.000
2.015 4.386 4.010 10.000 73620.000
1.991 4.290 4.223 10.000 73630.000
1.886 4.170 4.357 10.000 73640.000
1.889 4.273 4.151 10.000 73650.000
1.924 4.443 3.718 10.000 73660.000
2.042 4.630 3.289 10.000 73670.000
2.188 4.922 2.796 10.000 73680.000
2.250 5.094 2.504 10.000 73690.000
2.291 5.334 2.497 10.000 73700.000
2.300 5.722 2.504 10.000 73710.000
2.281 6.004 2.576 10.000 73720.000
2.085 6.418 2.561 10.000 73730.000
2.015 6.806 2.513 10.000 73740.000
1.977 7.046 2.451 10.000 73750.000
2.087 7.256 2.430 10.000 73760.000
2.375 7.335 2.494 10.000 73770.000
2.257 7.096 2.049 10.000 73780.000
2.109 6.703 1.546 10.000 73790.000
1.812 6.339 1.003 10.000 73800.000
1.558 6.040 0.644 10.000 73810.000
1.570 5.951 0.770 10.000 73820.000
1.539 6.042 0.960 10.000 73830.000
1.417 6.052 1.218 10.000 73840.000
1.252 5.997 1.292 10.000 73850.000
1.022 5.679 1.340 11.000 73861.000
0.828 4.958 1.340 9.000 73870.000
0.725 4.319 1.271 10.000 73880.000
0.780 3.394 1.491 10.000 73890.000
0.900 2.734 1.738 10.000 73900.000
1.094 2.370 2.303 10.000 73910.000
1.328 2.008 2.803 10.000 73920.000
1.405 1.932 3.014 10.000 73930.000
1.671 1.788 3.344 10.000 73940.000
1.900 1.723 3.399 10.000 73950.000
2.456 1.618 3.904 10.000 73960.000
2.971 1.371 4.932 10.000 73970.000
3.296 1.192 5.839 11.000 73981.000
3.339 1.225 7.388 9.000 73990.000
3.016 1.297 8.552 10.000 74000.000
2.741 2.106 9.217 10.000 74010.000
2.209 2.803 8.930 10.000 74020.000
1.960 3.287 8.001 10.000 74030.000
1.668 3.711 7.769 10.000 74040.000
1.431 3.581 7.692 10.000 74050.000
1.450 3.564 8.568 10.000 74060.000
0.560 3.122 9.911 10.000 74070.000
-0.287 2.738 10.558 10.000 74080.000
-1.254 2.604 11.013 10.000 74090.000
-1.335 3.198 11.020 10.000 74100.000
-0.507 4.218 10.560 10.000 74110.000
0.536 5.078 10.105 10.000 74120.000
1.637 5.645 9.662 10.000 74130.000
1.644 5.537 9.775 10.000 74140.000
1.508 5.224 9.981 10.000 74150.000
1.156 5.070 10.182 10.000 74160.000
0.802 5.046 10.737 10.000 74170.000
0.464 5.044 11.034 10.000 74180.000
0.270 5.248 11.238 10.000 74190.000
0.328 5.489 11.305 10.000 74200.000
0.387 5.602 11.018 10.000 74210.000
0.679 5.667 10.905 10.000 74220.000
0.936 5.614 10.709 10.000 74230.000
0.940 5.523 10.649 10.000 74240.000
1.010 5.667 10.515 10.000 74250.000
1.039 5.784 10.357 10.000 74260.000
1.003 5.947 10.247 10.000 74270.000
1.039 5.774 9.916 10.000 74280.000
1.010 5.367 9.660 10.000 74290.000
0.919 4.876 9.380 10.000 74300.000
0.720 4.508 9.167 11.000 74311.000
0.450 4.474 9.174 9.000 74320.000
0.110 4.386 9.265 10.000 74330.000
-0.167 4.381 9.380 10.000 74340.000
-0.490 4.211 9.600 10.000 74350.000
-0.773 4.005 9.866 10.000 74360.000
-0.986 3.854 10.048 10.000 74370.000
-1.252 3.624 10.242 10.000 74380.000
-1.264 3.509 10.299 10.000 74390.000
-1.304 3.354 10.271 10.000 74400.000
-1.244 3.203 10.240 10.000 74410.000
-1.132 3.131 10.196 10.000 74420.000
-0.945 2.985 10.177 10.000 74430.000
-0.756 2.863 10.295 10.000 74440.000
-0.667 2.736 10.414 10.000 74450.000
-0.636 2.647 10.721 11.000 74461.000
-0.679 2.633 11.003 9.000 74470.000
-0.723 2.734 11.314 10.000 74480.000
-0.658 2.908 11.643 10.000 74490.000
-0.536 3.045 11.784 10.000 74500.000
-0.299 3.241 11.877 10.000 74510.000
-0.076 3.375 11.846 10.000 74520.000
0.095 3.473 11.774 10.000 74530.000
0.196 3.670 11.666 10.000 74540.000
0.181 3.806 11.607 10.000 74550.000
0.004 4.067 11.487 10.000 74560.000
-0.464 4.422 11.401 10.000 74570.000
-0.861 4.678 11.350 10.000 74580.000
-1.448 5.078 11.334 10.000 74590.000
-1.872 5.353 11.377 10.000 74600.000
-2.238 5.607 11.372 10.000 74610.000
-2.820 5.877 11.329 10.000 74620.000
-3.213 6.004 11.252 10.000 74630.000
-3.794 6.100 11.168 10.000 74640.000
-4.199 6.086 11.123 10.000 74650.000
-4.412 6.042 11.140 10.000 74660.000
-4.548 6.030 10.967 10.000 74670.000
-4.496 6.050 10.802 10.000 74680.000
-4.331 6.090 10.433 10.000 74690.000
-4.024 6.198 9.835 10.000 74700.000
-3.794 6.275 9.425 10.000 74710.000
-3.557 6.363 8.889 10.000 74720.000
-3.433 6.430 8.556 10.000 74730.000
-3.459 6.397 8.446 10.000 74740.000
-3.519 6.382 8.331 10.000 74750.000
-3.586 6.356 8.343 10.000 74760.000
-3.708 6.253 8.291 10.000 74770.000
-3.797 6.196 8.221 10.000 74780.000
-3.830 6.052 8.042 10.000 74790.000
-3.871 5.901 7.754 10.000 74800.000
-3.857 5.827 7.532 10.000 74810.000
-3.799 5.784 7.237 10.000 74820.000
-3.691 5.923 7.122 10.000 74830.000
-3.576 6.069 7.115 10.000 74840.000
-3.524 6.342 7.192 10.000 74850.000
-3.514 6.584 7.340 10.000 74860.000
-3.615 6.607 7.517 10.000 74870.000
-3.699 6.600 7.759 10.000 74880.000
-3.720 6.466 7.917 10.000 74890.000
-3.634 6.378 8.087 10.000 74900.000
-3.509 6.392 8.164 10.000 74910.000
-3.308 6.519 8.204 10.000 74920.000
-3.004 6.687 8.298 10.000 74930.000
-2.808 6.809 8.379 10.000 74940.000
-2.533 6.916 8.458 10.000 74950.000
-2.279 6.856 8.513 10.000 74960.000
-2.128 6.756 8.516 10.000 74970.000
-1.975 6.574 8.508 10.000 74980.000
-1.900 6.406 8.504 10.000 74990.000
-1.865 6.256 8.489 10.000 75000.000
-1.707 6.184 8.310 10.000 75010.000
-1.551 6.193 8.140 10.000 75020.000
-1.280 6.177 7.771 10.000 75030.000
-1.043 6.229 7.407 10.000 75040.000
-0.792 6.028 6.912 10.000 75050.000
-0.426 5.789 6.198 10.000 75060.000
-0.174 5.576 5.683 10.000 75070.000
0.141 5.499 5.102 10.000 75080.000
0.423 5.707 4.649 10.000 75090.000
0.591 5.954 4.414 10.000 75100.000
0.902 6.236 4.024 10.000 75110.000
1.149 6.382 3.701 10.000 75120.000
1.276 6.399 3.485 10.000 75130.000
1.386 6.397 3.272 10.000 75140.000
1.352 6.358 3.215 10.000 75150.000
1.498 6.339 3.069 10.000 75160.000
1.661 6.339 2.983 10.000 75170.000
2.051 6.426 2.717 10.000 75180.000
2.674 6.591 2.255 10.000 75190.000
3.117 6.737 1.881 10.000 75200.000
3.722 6.878 1.302 11.000 75211.000
4.118 6.952 0.900 9.000 75220.000
4.402 6.921 0.435 10.000 75230.000
4.788 6.833 -0.213 10.000 75240.000
5.011 6.749 -0.656 10.000 75250.000
5.137 6.574 -1.165 10.000 75260.000
5.125 6.517 -1.319 10.000 75270.000
5.013 6.517 -1.288 10.000 75280.000
4.781 6.488 -0.998 10.000 75290.000
4.644 6.550 -0.641 10.000 75300.000
4.378 6.361 -0.368 10.000 75310.000
4.170 6.074 -0.090 10.000 75320.000
4.082 5.815 -0.071 11.000 75331.000
4.285 5.609 -0.052 9.000 75340.000
4.635 5.564 -0.047 10.000 75350.000
4.733 5.535 0.057 10.000 75360.000
4.537 5.269 0.493 10.000 75370.000
4.048 4.951 0.928 10.000 75380.000
3.739 4.474 1.668 10.000 75390.000
3.842 4.041 2.516 10.000 75400.000
4.240 3.845 3.033 10.000 75410.000
4.819 3.557 3.416 10.000 75420.000
5.219 3.428 3.495 10.000 75430.000
5.276 3.088 4.070 10.000 75440.000
5.540 2.633 4.390 10.000 75450.000
5.621 2.269 4.845 10.000 75460.000
6.150 1.855 5.530 10.000 75470.000
6.804 1.690 5.506 10.000 75480.000
6.924 1.501 5.870 10.000 75490.000
6.986 1.391 6.409 10.000 75500.000
6.600 1.331 6.718 10.000 75510.000
6.179 1.407 6.880 10.000 75520.000
6.019 1.678 6.947 10.000 75530.000
5.916 1.869 6.840 10.000 75540.000
5.542 1.879 6.900 10.000 75550.000
5.204 1.752 7.105 10.000 75560.000
4.570 1.448 7.173 10.000 75570.000
3.390 1.110 7.283 11.000 75581.000
2.480 0.955 7.225 9.000 75590.000
1.319 0.861 7.400 10.000 75600.000
0.521 0.890 7.675 10.000 75610.000
0.023 1.103 8.106 10.000 75620.000
-0.172 1.568 8.580 10.000 75630.000
-0.117 1.970 8.822 10.000 75640.000
-0.246 2.229 9.117 10.000 75650.000
-1.063 1.865 8.839 10.000 75660.000
-2.181 1.249 8.518 10.000 75670.000
-2.099 0.766 8.037 10.000 75680.000
-1.833 0.426 7.503 10.000 75690.000
-1.046 0.936 7.656 10.000 75700.000
-0.014 1.927 7.608 10.000 75710.000
-0.181 2.786 7.721 10.000 75720.000
0.256 3.768 7.718 10.000 75730.000
1.106 4.371 7.402 10.000 75740.000
1.905 4.616 7.541 10.000 75750.000
2.212 4.747 7.920 10.000 75760.000
1.912 4.757 8.413 10.000 75770.000
1.278 4.812 9.255 10.000 75780.000
0.543 4.845 10.065 10.000 75790.000
0.301 4.991 10.635 10.000 75800.000
0.339 5.200 11.209 10.000 75810.000
0.713 5.363 11.434 10.000 75820.000
1.127 5.482 11.243 10.000 75830.000
1.651 5.671 10.884 10.000 75840.000
1.896 5.798 10.520 10.000 75850.000
2.324 5.959 10.141 10.000 75860.000
2.619 6.062 9.959 10.000 75870.000
2.973 6.069 9.773 10.000 75880.000
3.210 6.083 9.610 10.000 75890.000
3.263 6.064 9.461 10.000 75900.000
3.105 6.016 9.330 10.000 75910.000
2.777 5.995 9.370 10.000 75920.000
2.324 5.906 9.504 11.000 75931.000
1.690 5.825 9.797 9.000 75940.000
1.266 5.772 10.072 10.000 75950.000
0.727 5.698 10.409 10.000 75960.000
0.411 5.609 10.613 10.000 75970.000
0.277 5.513 10.658 10.000 75980.000
0.047 5.358 10.642 10.000 75990.000
-0.067 5.224 10.563 10.000 76000.000
-0.337 5.102 10.467 10.000 76010.000
-0.775 4.915 10.321 10.000 76020.000
-1.118 4.788 10.237 10.000 76030.000
-1.584 4.594 10.086 10.000 76040.000
-1.877 4.462 9.969 10.000 76050.000
-2.092 4.333 9.880 10.000 76060.000
-2.427 4.189 9.773 10.000 76070.000
-2.638 4.113 9.732 10.000 76080.000
-3.016 3.962 9.679 10.000 76090.000
-3.406 3.782 9.667 10.000 76100.000
-3.677 3.617 9.674 10.000 76110.000
-3.971 3.390 9.718 10.000 76120.000
-4.098 3.236 9.773 10.000 76130.000
-4.165 3.167 9.811 10.000 76140.000
-4.271 3.119 9.876 10.000 76150.000
-4.352 3.134 9.904 10.000 76160.000
-4.419 3.105 9.859 10.000 76170.000
-4.443 3.083 9.811 10.000 76180.000
-4.450 2.923 9.730 10.000 76190.000
-4.544 2.717 9.686 10.000 76200.000
-4.651 2.554 9.718 10.000 76210.000
-4.807 2.348 9.782 10.000 76220.000
-4.996 2.284 9.878 10.000 76230.000
-5.099 2.264 9.935 14.000 76244.000
-5.274 2.252 10.031 6.000 76250.000
-5.401 2.284 10.093 10.000 76260.000
-5.468 2.279 10.132 10.000 76270.000
-5.492 2.250 10.160 10.000 76280.000
-5.444 2.214 10.151 14.000 76294.000
-5.396 2.190 10.127 6.000 76300.000
-5.353 2.178 10.103 10.000 76310.000
-5.374 2.264 10.062 10.000 76320.000
-5.444 2.387 9.971 11.000 76331.000
-5.513 2.497 9.895 10.000 76341.000
-5.614 2.607 9.809 9.000 76350.000
-5.758 2.671 9.751 10.000 76360.000
-5.853 2.700 9.744 11.000 76371.000
-5.949 2.736 9.713 10.000 76381.000
-6.014 2.772 9.691 10.000 76391.000
-6.014 2.779 9.672 10.000 76401.000
-6.002 2.813 9.607 10.000 76411.000
-5.990 2.839 9.567 10.000 76421.000
-5.947 2.896 9.440 12.000 76433.000
-5.904 2.954 9.308 8.000 76441.000
-5.849 2.980 9.167 9.000 76450.000
-5.731 3.021 9.045 10.000 76460.000
-5.645 3.031 9.009 10.000 76470.000
-5.468 3.086 8.978 10.000 76480.000
-5.243 3.181 9.026 10.000 76490.000
-5.080 3.263 9.054 10.000 76500.000
-4.860 3.385 9.076 10.000 76510.000
-4.730 3.462 9.093 10.000 76520.000
-4.620 3.548 9.069 10.000 76530.000
-4.426 3.699 9.028 10.000 76540.000
-4.290 3.809 8.995 10.000 76550.000
-4.113 4.055 8.995 10.000 76560.000
-3.974 4.256 9.035 12.000 76572.000
-3.919 4.393 9.093 10.000 76582.000
-3.885 4.568 9.145 9.000 76591.000
-3.892 4.606 9.165 10.000 76601.000
-3.955 4.656 9.253 9.000 76610.000
-4.000 4.738 9.402 10.000 76620.000
-4.024 4.781 9.555 10.000 76630.000
-4.041 4.819 9.749 10.000 76640.000
-4.017 4.845 9.849 10.000 76650.000
-4.050 4.795 9.911 10.000 76660.000
-4.067 4.647 9.950 10.000 76670.000
-4.091 4.503 9.947 10.000 76680.000
-4.106 4.304 9.921 11.000 76691.000
-4.043 4.146 9.818 10.000 76701.000
-3.998 4.086 9.739 11.000 76712.000
-3.995 4.046 9.634 9.000 76721.000
-4.003 4.060 9.552 11.000 76732.000
-3.993 4.137 9.469 13.000 76745.000
-3.983 4.213 9.385 6.000 76751.000
-3.895 4.347 9.227 11.000 76762.000
-3.727 4.544 8.983 9.000 76771.000
-3.612 4.683 8.796 10.000 76781.000
-3.469 4.821 8.554 10.000 76791.000
-3.284 4.977 8.334 10.000 76801.000
-3.179 5.070 8.200 11.000 76812.000
-3.038 5.145 8.013 9.000 76821.000
-2.861 5.207 7.766 11.000 76832.000
-2.760 5.176 7.599 9.000 76841.000
-2.590 5.130 7.429 11.000 76852.000
-2.456 5.104 7.311 9.000 76861.000
-2.353 5.142 7.323 9.000 76870.000
-2.250 5.181 7.335 10.000 76880.000
-2.317 5.185 7.395 10.000 76890.000
-2.401 5.214 7.429 10.000 76900.000
-2.518 5.190 7.448 10.000 76910.000
-2.592 5.240 7.328 10.000 76920.000
-2.542 5.422 7.070 10.000 76930.000
-2.475 5.580 6.837 10.000 76940.000
-2.353 5.504 6.368 14.000 76954.000
-2.274 5.353 6.038 8.000 76962.000
-1.922 5.075 5.422 8.000 76970.000
-1.233 5.003 4.455 12.000 76982.000
-0.598 5.166 3.725 10.000 76992.000
0.335 5.453 2.636 9.000 77001.000
1.216 5.815 1.587 11.000 77012.000
1.759 5.971 0.890 8.000 77020.000
2.700 6.196 -0.043 12.000 77032.000
3.342 6.296 -0.617 9.000 77041.000
4.084 6.619 -1.120 15.000 77056.000
5.171 7.290 -1.877 4.000 77060.000
5.861 7.891 -2.396 10.000 77070.000
6.746 8.657 -3.224 11.000 77081.000
7.338 9.133 -3.962 12.000 77093.000
7.584 9.263 -4.446 7.000 77100.000
7.931 9.394 -5.190 10.000 77110.000
8.082 9.361 -5.626 10.000 77120.000
8.291 9.447 -6.021 10.000 77130.000
8.499 9.533 -6.416 10.000 77140.000
8.324 9.464 -6.210 10.000 77150.000
7.287 8.643 -5.492 10.000 77160.000
6.143 7.738 -4.639 12.000 77172.000
4.639 6.215 -3.157 8.000 77180.000
3.256 4.829 -1.491 10.000 77190.000
2.734 4.194 -0.337 10.000 77200.000
2.015 3.713 1.154 11.000 77211.000
1.656 3.849 2.015 9.000 77220.000
1.000 3.888 2.873 10.000 77230.000
-0.246 3.639 4.584 10.000 77240.000
-1.297 3.236 5.959 10.000 77250.000
-3.023 2.868 8.257 12.000 77262.000
-4.290 2.614 10.036 8.000 77270.000
-4.465 2.767 8.853 11.000 77281.000
-2.966 2.387 5.937 9.000 77290.000
-0.792 1.972 2.097 10.000 77300.000
3.246 1.199 -2.346 10.000 77310.000
7.687 0.543 -3.818 10.000 77320.000
10.455 0.421 -3.557 10.000 77330.000
12.042 0.572 -0.591 10.000 77340.000
11.765 1.082 2.978 10.000 77350.000
9.615 1.539 5.705 12.000 77362.000
7.532 2.291 8.659 10.000 77372.000
6.629 2.770 8.908 9.000 77381.000
5.923 3.270 8.870 11.000 77392.000
6.186 3.586 8.810 9.000 77401.000
5.793 3.320 8.530 11.000 77412.000
5.260 2.794 8.552 10.000 77422.000
4.529 2.245 8.860 9.000 77431.000
3.830 1.659 9.516 11.000 77442.000
3.742 1.436 9.751 8.000 77450.000
3.794 1.474 9.684 12.000 77462.000
3.423 1.575 9.330 10.000 77472.000
3.021 1.714 8.628 8.000 77480.000
2.312 1.647 8.410 10.000 77490.000
1.510 1.379 8.334 10.000 77500.000
1.132 1.048 8.544 10.000 77510.000
0.854 0.533 9.215 10.000 77520.000
0.861 0.148 9.816 10.000 77530.000
0.986 -0.124 10.165 10.000 77540.000
1.304 -0.347 10.398 10.000 77550.000
1.522 -0.385 10.170 10.000 77560.000
1.810 -0.313 9.868 9.000 77569.000
2.073 -0.153 9.677 10.000 77579.000
2.157 0.088 9.821 12.000 77591.000
2.293 0.246 10.046 9.000 77600.000
2.360 0.294 10.345 9.000 77609.000
2.477 0.083 10.508 11.000 77620.000
2.614 -0.189 10.347 10.000 77630.000
2.698 -0.378 10.105 10.000 77640.000
2.873 -0.282 9.780 10.000 77650.000
2.997 0.071 9.591 10.000 77660.000
3.268 0.459 9.208 9.000 77669.000
3.624 0.567 8.616 10.000 77679.000
3.890 0.390 8.109 11.000 77690.000
4.244 0.131 7.527 10.000 77700.000
4.371 -0.110 7.285 10.000 77710.000
4.412 -0.071 7.252 9.000 77719.000
4.458 0.179 7.333 11.000 77730.000
4.414 0.512 7.489 10.000 77740.000
4.541 0.950 7.608 10.000 77750.000
4.824 1.788 7.649 10.000 77760.000
5.102 2.413 7.575 9.000 77769.000
5.348 3.339 7.371 11.000 77780.000
5.473 4.041 7.163 10.000 77790.000
5.377 4.563 7.034 10.000 77800.000
5.195 5.149 6.904 10.000 77810.000
5.044 5.434 6.904 10.000 77820.000
4.711 5.801 6.993 10.000 77830.000
4.443 5.947 7.082 10.000 77840.000
4.005 5.947 7.328 10.000 77850.000
3.191 5.889 7.795 10.000 77860.000
2.559 5.750 8.173 10.000 77870.000
1.599 5.609 8.901 10.000 77880.000
0.916 5.688 9.780 10.000 77890.000
0.610 5.825 10.438 10.000 77900.000
0.450 6.021 11.147 10.000 77910.000
0.617 6.220 11.506 10.000 77920.000
0.818 6.133 11.475 11.000 77931.000
0.859 5.908 11.470 9.000 77940.000
0.754 5.623 11.415 10.000 77950.000
0.560 5.370 11.348 13.000 77963.000
0.311 5.262 11.362 7.000 77970.000
0.220 5.348 11.226 10.000 77980.000
0.184 5.453 10.977 11.000 77991.000
0.237 5.528 10.740 9.000 78000.000
0.459 5.609 10.374 10.000 78010.000
0.794 5.592 9.983 11.000 78021.000
1.074 5.556 9.706 9.000 78030.000
1.247 5.544 9.296 10.000 78040.000
1.249 5.525 9.016 10.000 78050.000
0.857 5.425 8.822 10.000 78060.000
0.148 5.147 8.707 10.000 78070.000
-0.452 4.845 8.724 10.000 78080.000
-1.350 4.345 8.801 19.000 78099.000
-2.173 3.983 9.028 12.000 78111.000
-2.829 3.794 9.265 9.000 78120.000
-3.485 3.605 9.502 10.000 78130.000
-3.960 3.560 9.799 10.000 78140.000
-4.304 3.466 10.065 10.000 78150.000
-4.501 3.378 10.242 10.000 78160.000
-4.786 3.160 10.333 10.000 78170.000
-4.955 2.997 10.304 10.000 78180.000
-5.188 2.743 10.156 10.000 78190.000
-5.528 2.461 9.866 10.000 78200.000
-5.779 2.308 9.662 10.000 78210.000
-6.088 2.111 9.315 10.000 78220.000
-6.253 2.039 9.030 10.000 78230.000
-6.373 1.963 8.803 10.000 78240.000
-6.572 1.912 8.607 10.000 78250.000
-6.713 1.905 8.554 10.000 78260.000
-6.799 2.013 8.485 11.000 78271.000
-6.943 2.171 8.485 10.000 78281.000
-7.007 2.303 8.453 9.000 78290.000
-7.053 2.533 8.444 10.000 78300.000
-7.153 2.647 8.451 10.000 78310.000
-6.979 2.868 8.408 10.000 78320.000
-6.916 3.134 8.255 10.000 78330.000
-6.873 3.301 8.080 10.000 78340.000
-6.835 3.524 7.819 10.000 78350.000
-6.952 3.624 7.623 10.000 78360.000
-6.983 3.684 7.422 10.000 78370.000
-7.060 3.761 7.189 10.000 78380.000
-7.132 3.782 7.043 12.000 78392.000
-7.180 3.837 6.794 9.000 78401.000
-7.158 3.955 6.514 10.000 78411.000
-7.091 4.055 6.265 10.000 78421.000
-7.091 4.316 5.894 9.000 78430.000
-7.115 4.544 5.626 10.000 78440.000
-7.242 4.707 5.401 10.000 78450.000
-7.275 4.604 5.032 10.000 78460.000
-7.242 4.340 4.786 10.000 78470.000
-7.175 3.531 4.395 12.000 78482.000
-7.048 2.719 4.108 8.000 78490.000
-7.077 3.526 3.344 12.000 78502.000
-6.981 4.012 2.686 9.000 78511.000
-6.919 5.044 2.171 10.000 78521.000
-6.859 6.016 1.613 9.000 78530.000
-6.253 5.688 1.719 11.000 78541.000
-5.772 5.681 1.719 10.000 78551.000
-5.686 5.535 1.915 10.000 78561.000
-5.597 5.449 2.154 10.000 78571.000
-8.444 4.620 2.042 11.000 78582.000
-10.824 3.505 1.798 9.000 78591.000
-12.808 2.528 1.357 10.000 78601.000
-13.785 1.927 0.837 10.000 78611.000
-12.310 2.015 0.627 9.000 78620.000
-10.855 2.396 0.505 12.000 78632.000
-8.420 3.066 0.397 8.000 78640.000
-6.993 3.361 0.368 11.000 78651.000
-5.037 3.854 0.469 10.000 78661.000
-3.529 4.343 0.612 9.000 78670.000
-4.422 5.248 1.290 12.000 78682.000
-6.308 6.385 2.056 8.000 78690.000
-8.724 7.323 2.693 11.000 78701.000
-11.336 7.979 3.543 10.000 78711.000
-11.856 7.848 3.804 9.000 78720.000
-11.382 7.484 3.976 12.000 78732.000
-10.527 7.151 3.754 8.000 78740.000
-9.294 7.091 3.268 11.000 78751.000
-8.731 7.113 2.822 10.000 78761.000
-7.896 7.220 2.310 9.000 78770.000
-7.441 7.297 2.193 12.000 78782.000
-6.789 7.359 2.126 8.000 78790.000
-6.014 7.424 2.013 11.000 78801.000
-5.511 7.402 1.968 10.000 78811.000
-5.094 7.632 1.802 10.000 78821.000
-5.056 7.886 1.637 11.000 78832.000
-5.240 8.415 1.453 8.000 78840.000
-5.592 9.042 1.211 11.000 78851.000
-5.858 9.418 1.089 11.000 78862.000
-6.222 9.706 0.979 8.000 78870.000
-6.488 9.715 0.933 12.000 78882.000
-6.394 9.485 0.962 9.000 78891.000
-6.205 9.018 0.735 9.000 78900.000
-5.918 8.640 0.495 12.000 78912.000
-5.465 8.396 0.062 8.000 78920.000
-4.996 8.626 -0.567 12.000 78932.000
-4.623 9.093 -0.940 9.000 78941.000
-4.261 9.433 -1.383 9.000 78950.000
-4.065 9.639 -1.632 12.000 78962.000
-4.170 9.574 -1.726 8.000 78970.000
-4.180 9.394 -1.668 11.000 78981.000
-4.177 9.342 -1.541 10.000 78991.000
-4.240 9.179 -1.307 9.000 79000.000
-4.209 8.954 -1.048 12.000 79012.000
-4.496 8.927 -0.847 8.000 79020.000
-4.556 8.894 -0.644 11.000 79031.000
-4.551 8.971 -0.548 10.000 79041.000
-4.120 8.793 -0.392 9.000 79050.000
-2.983 8.008 0.289 12.000 79062.000
-2.073 7.230 0.969 8.000 79070.000
-1.130 6.052 2.492 11.000 79081.000
-0.612 5.128 3.955 10.000 79091.000
-1.072 4.963 5.418 9.000 79100.000
-1.450 5.758 6.526 12.000 79112.000
-1.862 6.952 6.792 8.000 79120.000
-1.728 8.384 7.175 11.000 79131.000
-1.101 9.581 6.938 9.000 79140.000
-0.335 9.677 7.522 10.000 79150.000
0.536 9.619 8.394 11.000 79161.000
0.861 9.325 9.148 9.000 79170.000
1.446 8.959 9.753 10.000 79180.000
1.889 8.554 9.598 12.000 79192.000
2.226 8.303 9.155 8.000 79200.000
2.612 7.948 8.312 10.000 79210.000
2.738 7.666 7.618 10.000 79220.000
2.774 7.400 6.947 10.000 79230.000
2.782 6.924 6.129 10.000 79240.000
2.741 6.550 5.710 10.000 79250.000
2.437 6.042 5.250 10.000 79260.000
2.145 5.698 5.061 10.000 79270.000
1.798 5.437 4.718 10.000 79280.000
1.568 5.118 4.247 11.000 79291.000
1.601 4.934 3.816 10.000 79301.000
1.924 4.920 3.435 10.000 79311.000
2.331 5.032 3.356 9.000 79320.000
2.849 5.461 3.579 10.000 79330.000
3.361 5.918 3.627 10.000 79340.000
3.584 6.205 3.624 10.000 79350.000
3.869 6.466 3.428 10.000 79360.000
4.036 6.488 2.964 10.000 79370.000
4.209 6.481 2.674 10.000 79380.000
4.398 6.356 2.319 10.000 79390.000
4.525 6.258 2.159 10.000 79400.000
4.517 5.911 1.977 14.000 79414.000
4.829 5.310 2.066 7.000 79421.000
5.123 4.826 2.219 10.000 79431.000
5.161 4.139 1.951 11.000 79442.000
5.224 3.682 1.800 9.000 79451.000
4.975 3.397 1.331 12.000 79463.000
4.575 3.023 1.177 7.000 79470.000
4.431 2.853 1.446 12.000 79482.000
3.940 2.602 2.482 9.000 79491.000
3.435 2.568 3.490 10.000 79501.000
3.081 2.624 4.182 9.000 79510.000
2.583 2.468 4.683 12.000 79522.000
2.432 2.394 4.414 10.000 79532.000
2.372 1.915 4.218 10.000 79542.000
2.164 1.142 4.455 8.000 79550.000
2.099 0.579 4.884 11.000 79561.000
2.427 -0.225 6.540 12.000 79573.000
2.671 -0.761 8.202 7.000 79580.000
3.799 -1.266 8.578 12.000 79592.000
4.501 -1.740 9.392 9.000 79601.000
4.809 -1.972 8.978 9.000 79610.000
3.663 -2.425 9.054 13.000 79623.000
1.781 -2.614 9.983 7.000 79630.000
0.502 -3.335 10.433 12.000 79642.000
-0.622 -3.560 10.970 9.000 79651.000
-0.292 -3.564 11.015 9.000 79660.000
0.014 -3.059 10.970 13.000 79673.000
0.557 -1.886 10.970 7.000 79680.000
0.948 -1.209 10.884 12.000 79692.000
1.546 -0.490 10.927 8.000 79700.000
2.169 -0.282 11.061 10.000 79710.000
2.329 -0.011 10.570 12.000 79722.000
2.109 0.184 10.036 8.000 79730.000
1.680 0.339 9.373 10.000 79740.000
1.256 0.679 8.951 11.000 79751.000
0.881 0.790 9.150 10.000 79761.000
0.521 1.194 9.349 11.000 79772.000
0.172 1.290 9.394 8.000 79780.000
-0.181 1.201 9.198 12.000 79792.000
-0.306 1.170 8.757 8.000 79800.000
-0.076 1.012 8.418 10.000 79810.000
0.143 1.163 8.231 12.000 79822.000
0.052 1.283 8.118 9.000 79831.000
-0.268 1.345 8.250 10.000 79841.000
-0.636 1.513 8.379 10.000 79851.000
-0.986 1.663 8.511 10.000 79861.000
-1.024 1.845 8.568 11.000 79872.000
-1.113 1.987 8.726 8.000 79880.000
-1.144 1.929 8.829 10.000 79890.000
-1.278 1.812 8.956 11.000 79901.000
-1.417 1.723 9.191 10.000 79911.000
-1.505 1.675 9.325 10.000 79921.000
-1.685 1.690 9.552 9.000 79930.000
-1.824 1.750 9.840 11.000 79941.000
-1.958 1.781 10.019 11.000 79952.000
-2.085 1.731 10.273 9.000 79961.000
-2.121 1.618 10.433 10.000 79971.000
-2.013 1.556 10.462 10.000 79981.000
-1.838 1.496 10.579 9.000 79990.000
-1.671 1.517 10.623 12.000 80002.000
-1.510 1.625 10.711 9.000 80011.000
-1.472 1.853 10.790 11.000 80022.000
-1.501 2.078 10.781 8.000 80030.000
-1.546 2.341 10.733 10.000 80040.000
-1.584 2.518 10.639 10.000 80050.000
-1.592 2.504 10.587 10.000 80060.000
-1.577 2.511 10.579 10.000 80070.000
-1.546 2.480 10.611 10.000 80080.000
-1.441 2.516 10.587 10.000 80090.000
-1.345 2.604 10.577 10.000 80100.000
-1.285 2.681 10.498 10.000 80110.000
-1.307 2.695 10.448 12.000 80122.000
-1.403 2.643 10.453 9.000 80131.000
-1.608 2.501 10.520 9.000 80140.000
-1.838 2.293 10.601 12.000 80152.000
-1.987 2.147 10.654 9.000 80161.000
-2.138 2.042 10.678 9.000 80170.000
-2.178 2.025 10.639 11.000 80181.000
-2.252 2.032 10.618 9.000 80190.000
-2.351 1.977 10.637 11.000 80201.000
-2.446 1.881 10.685 11.000 80212.000
-2.554 1.651 10.773 8.000 80220.000
-2.590 1.455 10.855 11.000 80231.000
-2.657 1.149 10.864 10.000 80241.000
-2.743 0.799 10.864 10.000 80251.000
-2.817 0.584 10.824 11.000 80262.000
-2.880 0.373 10.788 9.000 80271.000
-2.906 0.313 10.843 11.000 80282.000
-2.913 0.296 10.907 9.000 80291.000
-2.904 0.284 10.965 10.000 80301.000
-2.882 0.332 11.020 13.000 80314.000
-2.841 0.402 11.015 6.000 80320.000
-2.873 0.521 11.070 12.000 80332.000
-2.920 0.636 11.133 9.000 80341.000
-3.038 0.713 11.283 11.000 80352.000
-3.169 0.806 11.480 12.000 80364.000
-3.229 0.849 11.616 6.000 80370.000
-3.292 0.926 11.767 12.000 80382.000
-3.308 0.976 11.827 8.000 80390.000
-3.318 1.173 11.937 11.000 80401.000
-3.327 1.369 12.047 10.000 80411.000
-3.344 1.630 12.193 10.000 80421.000
-3.385 1.927 12.380 11.000 80432.000
-3.418 2.061 12.471 8.000 80440.000
-3.421 2.221 12.665 11.000 80451.000
-3.380 2.276 12.763 10.000 80461.000
-3.315 2.296 12.820 10.000 80471.000
-3.172 2.363 12.691 11.000 80482.000
-3.059 2.403 12.459 8.000 80490.000
-2.944 2.487 12.136 11.000 80501.000
-2.806 2.513 11.832 11.000 80512.000
-2.746 2.492 11.714 9.000 80521.000
-2.573 2.458 11.654 10.000 80531.000
-2.437 2.389 11.731 10.000 80541.000
-2.197 2.413 11.755 9.000 80550.000
-1.920 2.422 11.698 12.000 80562.000
-1.754 2.444 11.583 8.000 80570.000
-1.541 2.415 11.489 11.000 80581.000
-1.391 2.298 11.556 10.000 80591.000
-1.278 2.195 11.705 9.000 80600.000
-1.036 2.078 11.892 12.000 80612.000
-0.842 2.011 12.057 8.000 80620.000
-0.562 2.011 11.997 11.000 80631.000
-0.172 1.932 11.894 10.000 80641.000
0.088 1.867 11.753 9.000 80650.000
0.521 1.731 11.604 12.000 80662.000
0.804 1.580 11.554 8.000 80670.000
1.134 1.391 11.396 11.000 80681.000
1.592 1.264 10.986 10.000 80691.000
1.877 1.209 10.584 9.000 80700.000
2.219 1.335 10.055 12.000 80712.000
2.403 1.580 9.677 8.000 80720.000
2.559 2.082 9.531 11.000 80731.000
2.765 2.849 9.411 10.000 80741.000
2.841 3.627 9.387 12.000 80753.000
2.918 4.405 9.363 7.000 80760.000
2.961 5.058 9.279 10.000 80770.000
2.954 5.449 9.169 11.000 80781.000
3.040 5.791 9.018 11.000 80792.000
3.126 6.133 8.868 8.000 80800.000
3.126 6.320 8.722 12.000 80812.000
3.059 6.567 8.475 10.000 80822.000
2.971 6.667 8.300 8.000 80830.000
2.822 6.655 8.034 12.000 80842.000
2.676 6.667 7.850 9.000 80851.000
2.597 6.619 7.766 14.000 80865.000
2.473 6.454 7.477 6.000 80871.000
2.408 6.402 7.278 9.000 80880.000
2.403 6.239 6.856 12.000 80892.000
2.327 5.832 6.294 9.000 80901.000
2.296 5.542 5.937 14.000 80915.000
2.343 5.154 5.310 5.000 80920.000
2.351 4.812 4.898 11.000 80931.000
2.561 4.747 4.350 13.000 80944.000
2.782 4.659 3.485 8.000 80952.000
2.923 4.668 2.892 8.000 80960.000
3.052 4.532 2.161 10.000 80970.000
3.050 4.362 1.709 10.000 80980.000
2.901 4.189 1.383 12.000 80992.000
2.724 4.003 0.852 9.000 81001.000
2.559 3.962 0.457 10.000 81011.000
2.449 3.979 -0.088 11.000 81022.000
2.439 4.127 -0.660 8.000 81030.000
2.458 4.290 -1.027 10.000 81040.000
2.475 4.491 -1.489 10.000 81050.000
2.437 4.635 -1.800 10.000 81060.000
2.427 4.666 -1.721 10.000 81070.000
2.398 4.750 -1.472 10.000 81080.000
2.372 4.795 -1.127 10.000 81090.000
2.377 4.924 -0.878 10.000 81100.000
2.389 5.061 -0.804 11.000 81111.000
2.480 5.068 -0.926 13.000 81124.000
2.549 4.941 -0.964 7.000 81131.000
2.588 4.730 -0.907 10.000 81141.000
2.592 4.450 -0.636 10.000 81151.000
2.561 4.197 0.361 9.000 81160.000
2.552 4.077 1.276 12.000 81172.000
2.604 3.952 2.530 10.000 81182.000
2.691 3.897 3.572 10.000 81192.000
3.174 4.232 4.833 8.000 81200.000
3.500 4.515 5.264 10.000 81210.000
3.763 4.802 5.355 11.000 81221.000
3.500 4.855 6.627 11.000 81232.000
2.693 4.431 5.987 9.000 81241.000
2.044 4.060 6.179 10.000 81251.000
1.522 3.339 6.617 9.000 81260.000
1.527 2.853 5.875 12.000 81272.000
1.529 2.497 6.493 10.000 81282.000
1.508 2.281 7.460 10.000 81292.000
1.359 2.415 8.180 9.000 81301.000
1.252 2.477 9.021 11.000 81312.000
1.268 2.547 9.490 10.000 81322.000
1.549 2.746 9.775 10.000 81332.000
2.286 3.117 9.660 10.000 81342.000
2.983 3.560 9.425 9.000 81351.000
4.055 4.005 9.272 14.000 81365.000
4.888 4.180 8.954 7.000 81372.000
4.970 4.101 9.272 9.000 81381.000
4.510 3.696 9.631 10.000 81391.000
3.675 3.289 9.909 10.000 81401.000
2.609 2.549 10.745 10.000 81411.000
1.264 1.601 12.026 12.000 81423.000
0.459 0.979 13.266 8.000 81431.000
0.308 0.371 14.966 9.000 81440.000
0.387 0.095 16.108 10.000 81450.000
1.508 0.167 16.819 10.000 81460.000
4.125 0.699 17.420 11.000 81471.000
6.088 1.216 17.561 9.000 81480.000
7.429 2.726 16.177 10.000 81490.000
8.303 4.180 14.542 12.000 81502.000
7.165 5.015 12.392 9.000 81511.000
5.901 5.849 9.921 10.000 81521.000
5.260 5.688 8.975 13.000 81534.000
4.479 5.796 7.900 10.000 81544.000
4.213 6.062 7.450 7.000 81551.000
4.010 6.876 7.285 10.000 81561.000
3.797 7.869 6.998 10.000 81571.000
3.722 8.595 6.840 11.000 81582.000
3.770 9.224 6.426 9.000 81591.000
3.529 8.942 5.858 10.000 81601.000
3.296 8.480 5.413 10.000 81611.000
2.856 7.752 5.001 10.000 81621.000
2.293 7.120 4.845 11.000 81632.000
1.656 6.754 4.814 9.000 81641.000
0.792 6.074 4.793 10.000 81651.000
0.136 5.659 4.738 11.000 81662.000
-0.849 4.979 5.006 9.000 81671.000
-1.841 3.873 5.662 10.000 81681.000
-2.604 3.081 6.308 10.000 81691.000
-3.162 1.570 7.546 10.000 81701.000
-3.390 0.325 8.461 11.000 81712.000
-2.406 0.155 9.126 9.000 81721.000
-0.423 1.312 9.176 11.000 81732.000
1.352 3.186 8.635 9.000 81741.000
3.878 6.033 7.505 10.000 81751.000
5.626 8.331 6.301 11.000 81762.000
6.287 9.562 5.741 8.000 81770.000
6.330 10.127 5.341 12.000 81782.000
5.623 9.720 5.530 10.000 81792.000
4.319 8.678 5.858 9.000 81801.000
3.102 7.378 6.157 9.000 81810.000
2.039 6.481 6.342 10.000 81820.000
0.766 5.554 6.528 12.000 81832.000
0.090 5.262 6.576 10.000 81842.000
-0.557 5.116 6.679 9.000 81851.000
-0.610 5.365 6.868 13.000 81864.000
-0.452 5.643 7.055 6.000 81870.000
-0.071 6.054 7.232 12.000 81882.000
0.282 6.320 7.354 8.000 81890.000
0.682 6.622 7.338 11.000 81901.000
1.142 6.797 7.319 10.000 81911.000
1.379 6.837 7.309 9.000 81920.000
1.596 6.682 7.299 13.000 81933.000
1.637 6.358 7.297 7.000 81940.000
1.616 6.133 7.220 12.000 81952.000
1.568 5.817 7.086 9.000 81961.000
1.539 5.698 6.952 10.000 81971.000
1.517 5.480 6.777 11.000 81982.000
1.575 5.401 6.746 10.000 81992.000
1.659 5.413 6.773 9.000 82001.000
1.788 5.552 6.890 11.000 82012.000
1.910 5.789 7.048 8.000 82020.000
1.879 5.849 7.180 13.000 82033.000
1.795 5.856 7.496 7.000 82040.000
1.666 5.736 7.721 11.000 82051.000
1.628 5.647 7.967 11.000 82062.000
1.666 5.626 8.173 9.000 82071.000
1.857 5.652 8.037 10.000 82081.000
2.116 5.650 7.769 10.000 82091.000
2.284 5.616 7.479 9.000 82100.000
2.430 5.580 7.108 12.000 82112.000
2.487 5.489 6.904 8.000 82120.000
2.477 5.427 6.833 11.000 82131.000
2.396 5.377 6.876 10.000 82141.000
2.336 5.329 7.000 9.000 82150.000
2.173 5.396 7.338 11.000 82161.000
1.927 5.444 7.939 10.000 82171.000
1.752 5.480 8.425 11.000 82182.000
1.611 5.442 8.995 9.000 82191.000
1.561 5.348 9.342 9.000 82200.000
1.711 5.295 9.363 12.000 82212.000
1.900 5.161 9.239 9.000 82221.000
2.056 5.102 9.030 10.000 82231.000
2.276 4.924 8.789 11.000 82242.000
2.379 4.726 8.609 8.000 82250.000
2.437 4.565 8.511 13.000 82263.000
2.432 4.252 8.293 7.000 82270.000
2.363 4.055 8.109 12.000 82282.000
2.312 3.931 7.922 9.000 82291.000
2.317 3.881 7.721 9.000 82300.000
2.384 3.983 7.639 12.000 82312.000
2.415 4.084 7.587 9.000 82321.000
2.427 4.113 7.536 10.000 82331.000
2.331 4.187 7.680 13.000 82344.000
2.327 4.424 7.943 6.000 82350.000
2.358 4.663 8.178 13.000 82363.000
2.446 4.790 8.097 7.000 82370.000
2.525 4.687 7.896 11.000 82381.000
2.513 4.422 7.575 11.000 82392.000
2.355 4.295 7.536 8.000 82400.000
2.140 4.280 7.814 11.000 82411.000
1.977 4.367 8.264 9.000 82420.000
1.948 4.541 8.872 10.000 82430.000
2.066 4.577 9.198 12.000 82442.000
2.535 4.443 9.315 9.000 82451.000
3.021 4.362 9.265 10.000 82461.000
3.521 4.362 8.765 10.000 82471.000
3.993 4.594 8.097 9.000 82480.000
4.113 4.996 7.637 12.000 82492.000
4.010 5.219 7.137 9.000 82501.000
3.366 5.020 7.084 10.000 82511.000
2.750 4.589 7.199 10.000 82521.000
1.833 4.103 7.699 9.000 82530.000
1.139 3.797 8.240 12.000 82542.000
0.744 3.952 8.690 8.000 82550.000
0.160 4.462 9.200 12.000 82562.000
-0.122 5.027 9.325 9.000 82571.000
-0.605 5.956 10.002 10.000 82581.000
-0.995 6.675 10.615 14.000 82595.000
-1.077 6.962 12.284 5.000 82600.000
-0.553 7.225 12.715 11.000 82611.000
0.172 7.125 12.593 11.000 82622.000
1.563 7.218 12.071 9.000 82631.000
3.112 7.216 9.852 11.000 82642.000
4.055 7.237 8.870 8.000 82650.000
5.269 7.022 7.414 11.000 82661.000
5.817 6.612 6.358 11.000 82672.000
6.009 6.313 5.425 8.000 82680.000
6.248 6.191 4.537 12.000 82692.000
6.217 6.306 4.122 10.000 82702.000
6.347 6.545 3.643 8.000 82710.000
6.756 6.727 3.517 13.000 82723.000
7.117 6.732 3.344 7.000 82730.000
7.386 6.435 3.179 15.000 82745.000
7.493 6.014 3.078 5.000 82750.000
7.105 5.643 2.595 10.000 82760.000
6.718 5.272 2.111 10.000 82770.000
6.313 5.317 1.273 10.000 82780.000
6.102 5.391 0.632 10.000 82790.000
6.186 5.535 0.481 10.000 82800.000
6.133 5.583 0.416 10.000 82810.000
6.042 5.477 0.782 11.000 82821.000
5.758 5.343 0.952 10.000 82831.000
5.386 5.257 1.436 10.000 82841.000
5.152 5.267 1.833 10.000 82851.000
5.039 5.295 2.202 9.000 82860.000
4.647 5.159 2.983 11.000 82871.000
4.340 4.975 3.450 10.000 82881.000
2.748 4.697 4.086 10.000 82891.000
0.656 3.799 5.310 10.000 82901.000
-1.156 3.066 6.121 9.000 82910.000
-1.060 2.494 6.909 10.000 82920.000
0.320 2.015 7.527 11.000 82931.000
3.699 2.853 6.251 10.000 82941.000
6.052 2.949 3.998 10.000 82951.000
6.497 2.885 1.769 9.000 82960.000
6.282 2.075 -0.244 10.000 82970.000
4.596 0.588 -1.005 11.000 82981.000
4.199 0.751 -0.371 9.000 82990.000
5.063 2.109 1.924 11.000 83001.000
6.588 4.211 4.005 9.000 83010.000
8.463 6.440 5.386 10.000 83020.000
10.074 7.762 6.349 10.000 83030.000
9.672 7.429 3.665 10.000 83040.000
9.215 6.888 2.252 12.000 83052.000
8.408 6.220 1.539 9.000 83061.000
7.417 5.616 1.936 10.000 83071.000
7.292 5.384 4.074 11.000 83082.000
7.223 5.360 4.941 8.000 83090.000
7.515 5.504 4.932 12.000 83102.000
7.843 5.590 4.067 11.000 83113.000
8.056 5.765 3.447 8.000 83121.000
8.037 5.906 3.009 9.000 83130.000
7.656 5.880 3.447 10.000 83140.000
7.376 5.973 3.555 10.000 83150.000
7.096 6.066 3.663 10.000 83160.000
7.125 6.165 3.557 10.000 83170.000
7.046 6.236 3.347 10.000 83180.000
7.015 6.181 3.210 11.000 83191.000
6.885 6.133 3.112 10.000 83201.000
6.679 6.114 3.045 10.000 83211.000
6.531 6.121 2.834 9.000 83220.000
6.244 6.088 2.705 12.000 83232.000
6.054 6.047 2.537 8.000 83240.000
5.822 6.014 2.418 11.000 83251.000
5.767 5.975 2.561 9.000 83260.000
5.851 5.978 2.624 10.000 83270.000
6.040 6.064 2.731 10.000 83280.000
6.272 6.143 2.791 11.000 83291.000
6.409 6.191 2.681 9.000 83300.000
6.533 6.148 2.604 10.000 83310.000
6.552 6.021 2.482 10.000 83320.000
6.593 5.916 2.542 12.000 83332.000
6.603 5.846 2.758 9.000 83341.000
6.646 5.997 2.894 10.000 83351.000
6.770 6.131 2.894 9.000 83360.000
6.873 6.244 2.712 10.000 83370.000
7.094 6.157 2.729 10.000 83380.000
6.940 6.110 2.662 12.000 83392.000
6.706 6.078 2.731 8.000 83400.000
6.770 6.129 2.880 11.000 83411.000
6.718 6.378 2.829 10.000 83421.000
6.976 6.423 2.777 11.000 83432.000
6.933 6.528 2.738 10.000 83442.000
6.591 6.552 2.621 10.000 83452.000
5.944 6.512 2.703 10.000 83462.000
5.339 6.507 2.916 8.000 83470.000
5.406 6.538 3.471 12.000 83482.000
5.719 6.385 3.411 10.000 83492.000
6.337 6.296 3.153 9.000 83501.000
6.924 6.124 2.920 14.000 83515.000
7.058 5.997 2.557 5.000 83520.000
6.945 6.054 2.808 12.000 83532.000
6.679 6.217 3.248 9.000 83541.000
6.445 6.464 3.663 10.000 83551.000
6.150 6.564 3.653 15.000 83566.000
5.894 6.600 3.512 4.000 83570.000
5.791 6.531 3.181 11.000 83581.000
5.832 6.433 2.911 14.000 83595.000
6.014 6.339 2.839 5.000 83600.000
6.174 6.366 3.081 12.000 83612.000
6.220 6.356 3.320 8.000 83620.000
6.121 6.375 3.500 13.000 83633.000
6.193 6.208 3.117 7.000 83640.000
6.356 6.050 2.590 10.000 83650.000
6.634 5.928 2.066 13.000 83663.000
6.653 5.858 2.087 7.000 83670.000
6.502 5.975 2.671 12.000 83682.000
6.095 6.234 3.517 9.000 83691.000
5.717 6.538 4.146 11.000 83702.000
5.597 6.789 4.230 9.000 83711.000
5.418 6.892 4.271 10.000 83721.000
5.571 6.720 3.955 10.000 83731.000
5.695 6.502 3.854 10.000 83741.000
5.908 6.402 3.581 10.000 83751.000
6.181 6.449 3.351 10.000 83761.000
6.212 6.548 3.122 10.000 83771.000
6.236 6.579 2.844 10.000 83781.000
6.172 6.493 2.738 10.000 83791.000
6.074 6.466 2.853 10.000 83801.000
5.940 6.555 3.126 12.000 83813.000
5.813 6.710 3.447 7.000 83820.000
5.604 6.835 3.648 12.000 83832.000
5.430 6.900 3.629 9.000 83841.000
5.420 6.854 3.383 10.000 83851.000
5.609 6.969 3.112 11.000 83862.000
5.880 7.115 2.961 9.000 83871.000
5.928 7.074 2.971 10.000 83881.000
5.904 7.048 3.107 10.000 83891.000
5.554 6.895 3.380 9.000 83900.000
5.245 6.825 3.706 12.000 83912.000
5.159 6.943 3.871 9.000 83921.000
5.082 7.050 3.998 11.000 83932.000
5.133 7.125 4.012 10.000 83942.000
5.193 7.115 3.938 9.000 83951.000
5.185 7.117 3.971 10.000 83961.000
5.169 7.129 4.043 11.000 83972.000
5.169 7.103 4.125 8.000 83980.000
5.135 7.055 4.180 13.000 83993.000
5.169 6.995 4.127 8.000 84001.000
5.164 6.926 4.062 11.000 84012.000
5.142 6.895 3.988 9.000 84021.000
5.274 6.900 3.062 10.000 84031.000
5.700 6.739 2.039 11.000 84042.000
6.165 6.588 1.029 9.000 84051.000
6.078 6.244 1.070 11.000 84062.000
5.822 5.884 2.025 8.000 84070.000
5.267 5.906 3.514 10.000 84080.000
4.707 6.210 4.757 10.000 84090.000
4.697 6.708 4.948 10.000 84100.000
4.721 7.498 5.238 11.000 84111.000
4.750 8.073 5.090 9.000 84120.000
4.707 8.183 5.035 10.000 84130.000
4.716 7.960 5.044 12.000 84142.000
4.692 7.445 4.955 9.000 84151.000
4.517 6.706 4.972 10.000 84161.000
4.419 6.148 5.142 9.000 84170.000
4.127 6.042 5.262 10.000 84180.000
3.734 6.121 5.432 10.000 84190.000
3.493 6.426 5.497 11.000 84201.000
3.438 6.715 5.418 10.000 84211.000
3.493 6.737 4.987 13.000 84224.000
3.648 6.574 4.505 6.000 84230.000
4.647 6.959 3.727 10.000 84240.000
5.458 7.359 3.093 10.000 84250.000
6.215 7.544 2.624 10.000 84260.000
6.689 7.508 2.224 10.000 84270.000
6.320 6.924 2.121 10.000 84280.000
5.983 6.569 2.341 10.000 84290.000
5.731 6.579 2.734 10.000 84300.000
5.619 6.768 3.320 10.000 84310.000
5.353 6.861 3.928 10.000 84320.000
5.056 6.725 4.213 10.000 84330.000
4.850 6.596 4.458 11.000 84341.000
4.872 6.497 4.326 9.000 84350.000
5.046 6.495 4.173 10.000 84360.000
5.257 6.452 4.041 10.000 84370.000
5.377 6.402 3.950 10.000 84380.000
5.401 6.394 3.988 10.000 84390.000
5.365 6.435 4.022 10.000 84400.000
5.293 6.517 4.034 10.000 84410.000
5.269 6.636 4.048 10.000 84420.000
5.257 6.722 4.046 10.000 84430.000
5.346 6.715 4.024 10.000 84440.000
5.413 6.694 3.938 10.000 84450.000
5.432 6.634 3.849 10.000 84460.000
5.482 6.533 3.737 10.000 84470.000
5.489 6.454 3.584 10.000 84480.000
5.518 6.390 3.495 10.000 84490.000
5.489 6.382 3.545 10.000 84500.000
5.430 6.416 3.620 10.000 84510.000
5.346 6.464 3.861 10.000 84520.000
5.295 6.543 4.041 10.000 84530.000
5.303 6.564 4.082 10.000 84540.000
5.257 6.658 4.158 10.000 84550.000
5.238 6.761 4.132 10.000 84560.000
5.066 6.856 4.398 10.000 84570.000
4.891 6.950 4.467 10.000 84580.000
4.769 6.971 4.501 10.000 84590.000
4.802 6.991 4.479 10.000 84600.000
4.958 6.931 4.264 10.000 84610.000
5.116 6.873 4.244 10.000 84620.000
5.284 6.777 4.232 10.000 84630.000
5.295 6.684 4.276 10.000 84640.000
5.228 6.663 4.297 10.000 84650.000
5.161 6.684 4.316 10.000 84660.000
5.085 6.744 4.328 10.000 84670.000
5.011 6.833 4.323 10.000 84680.000
5.013 6.904 4.304 10.000 84690.000
5.042 6.921 4.276 10.000 84700.000
5.087 6.861 4.254 10.000 84710.000
5.130 6.773 4.249 10.000 84720.000
5.183 6.651 4.151 10.000 84730.000
5.202 6.550 4.158 10.000 84740.000
5.204 6.526 4.158 11.000 84751.000
5.212 6.567 4.094 9.000 84760.000
5.209 6.641 4.122 10.000 84770.000
5.173 6.756 4.067 10.000 84780.000
5.128 6.825 4.027 10.000 84790.000
5.078 6.830 4.050 10.000 84800.000
5.082 6.751 4.089 10.000 84810.000
5.128 6.622 4.118 10.000 84820.000
5.245 6.540 4.108 11.000 84831.000
5.284 6.555 4.103 9.000 84840.000
5.267 6.653 4.084 10.000 84850.000
5.202 6.713 4.082 10.000 84860.000
5.075 6.770 4.103 10.000 84870.000
5.061 6.706 4.115 10.000 84880.000
5.068 6.648 4.206 10.000 84890.000
5.123 6.629 4.280 10.000 84900.000
5.219 6.660 4.209 10.000 84910.000
5.231 6.665 4.180 10.000 84920.000
5.221 6.663 4.072 10.000 84930.000
5.204 6.629 3.916 10.000 84940.000
5.147 6.545 3.907 10.000 84950.000
5.152 6.519 3.916 10.000 84960.000
5.183 6.536 3.948 10.000 84970.000
5.221 6.584 4.027 10.000 84980.000
5.279 6.634 4.062 10.000 84990.000
5.324 6.679 4.041 10.000 85000.000
5.341 6.648 3.967 10.000 85010.000
5.370 6.619 3.967 10.000 85020.000
5.379 6.588 4.010 10.000 85030.000
5.374 6.567 4.048 10.000 85040.000
5.398 6.533 3.995 10.000 85050.000
5.410 6.497 3.869 12.000 85062.000
5.432 6.471 3.699 8.000 85070.000
5.468 6.435 3.533 10.000 85080.000
5.489 6.473 3.584 10.000 85090.000
5.468 6.531 3.636 10.000 85100.000
5.437 6.579 3.732 10.000 85110.000
5.377 6.682 3.828 10.000 85120.000
5.377 6.754 3.670 12.000 85132.000
5.420 6.806 3.509 8.000 85140.000
5.616 6.562 3.016 10.000 85150.000
5.841 6.263 2.523 10.000 85160.000
6.162 6.110 2.547 10.000 85170.000
5.849 6.150 3.481 10.000 85180.000
5.382 6.488 4.747 10.000 85190.000
4.747 6.742 5.396 10.000 85200.000
3.945 6.852 5.688 10.000 85210.000
4.223 6.835 4.927 10.000 85220.000
4.618 6.734 4.163 10.000 85230.000
5.181 6.718 4.017 19.000 85249.000
5.695 6.591 3.926 14.000 85263.000
5.755 6.507 3.960 8.000 85271.000
5.683 6.507 4.077 11.000 85282.000
5.612 6.507 4.194 9.000 85291.000
5.832 6.469 4.115 10.000 85301.000
5.707 6.581 4.295 11.000 85312.000
5.597 6.694 4.393 8.000 85320.000
5.279 6.880 4.522 12.000 85332.000
4.716 7.216 4.793 9.000 85341.000
4.659 7.127 4.821 10.000 85351.000
4.807 7.060 4.769 10.000 85361.000
5.164 6.919 4.685 10.000 85371.000
5.511 6.722 4.489 10.000 85381.000
5.707 6.689 4.295 10.000 85391.000
5.671 6.545 4.072 10.000 85401.000
5.726 6.445 3.706 10.000 85411.000
5.791 6.399 3.452 9.000 85420.000
5.829 6.358 3.363 11.000 85431.000
5.858 6.428 3.397 10.000 85441.000
5.796 6.454 3.574 10.000 85451.000
5.707 6.509 3.785 11.000 85462.000
5.645 6.560 3.830 8.000 85470.000
5.585 6.634 3.897 11.000 85481.000
5.516 6.675 4.034 9.000 85490.000
5.473 6.687 4.137 12.000 85502.000
5.439 6.684 4.055 8.000 85510.000
5.439 6.636 3.940 10.000 85520.000
5.470 6.593 3.828 10.000 85530.000
5.511 6.528 3.665 10.000 85540.000
5.542 6.478 3.687 10.000 85550.000
5.619 6.428 3.761 10.000 85560.000
5.631 6.435 3.785 10.000 85570.000
5.633 6.464 3.859 10.000 85580.000
5.595 6.500 3.861 10.000 85590.000
5.511 6.536 3.811 10.000 85600.000
5.480 6.502 3.744 10.000 85610.000
5.489 6.473 3.790 10.000 85620.000
5.540 6.438 3.907 10.000 85630.000
5.626 6.471 3.667 10.000 85640.000
5.702 6.545 3.423 10.000 85650.000
6.239 6.524 2.540 10.000 85660.000
6.387 6.179 2.114 14.000 85674.000
6.500 5.765 2.044 6.000 85680.000
6.227 5.382 2.497 10.000 85690.000
5.453 5.090 3.476 10.000 85700.000
5.135 5.547 4.498 10.000 85710.000
4.800 6.191 5.298 10.000 85720.000
4.850 6.804 5.576 10.000 85730.000
4.855 7.477 5.815 10.000 85740.000
4.647 7.606 5.655 10.000 85750.000
4.455 7.548 5.717 10.000 85760.000
4.357 7.273 5.887 10.000 85770.000
4.304 6.938 6.095 10.000 85780.000
4.400 6.660 5.954 10.000 85790.000
4.539 6.414 5.602 10.000 85800.000
4.584 6.385 5.142 10.000 85810.000
4.845 6.392 4.098 14.000 85824.000
5.104 6.459 3.303 6.000 85830.000
5.956 6.402 2.145 10.000 85840.000
6.694 6.306 1.515 10.000 85850.000
7.216 6.174 1.470 10.000 85860.000
7.237 6.002 1.881 10.000 85870.000
6.598 6.102 2.940 10.000 85880.000
6.074 6.241 3.469 12.000 85892.000
5.453 6.409 4.046 8.000 85900.000
5.334 6.617 4.165 9.000 85909.000
5.073 6.619 4.276 11.000 85920.000
4.865 6.718 4.410 10.000 85930.000
4.752 6.787 4.496 10.000 85940.000
4.714 6.912 4.788 10.000 85950.000
4.841 7.062 5.018 10.000 85960.000
4.936 7.046 5.152 10.000 85970.000
5.044 6.938 5.039 9.000 85979.000
5.078 6.775 4.721 11.000 85990.000
5.305 6.552 4.086 10.000 86000.000
5.331 6.404 4.086 10.000 86010.000
5.346 6.347 4.333 9.000 86019.000
5.339 6.217 4.024 11.000 86030.000
5.137 6.148 4.031 10.000 86040.000
5.377 6.287 3.938 9.000 86049.000
5.470 6.421 3.423 11.000 86060.000
5.585 6.627 3.464 10.000 86070.000
5.571 6.746 3.881 9.000 86079.000
5.295 6.655 3.835 11.000 86090.000
5.142 6.591 4.103 10.000 86100.000
5.085 6.478 4.280 10.000 86110.000
5.157 6.452 4.082 10.000 86120.000
5.264 6.507 3.921 10.000 86130.000
5.293 6.528 3.950 10.000 86140.000
5.226 6.598 4.070 10.000 86150.000
5.130 6.658 4.106 10.000 86160.000
4.999 6.636 4.103 9.000 86169.000
5.039 6.586 4.007 11.000 86180.000
5.145 6.528 3.907 10.000 86190.000
5.279 6.481 3.890 10.000 86200.000
5.403 6.428 3.936 10.000 86210.000
5.458 6.416 3.993 10.000 86220.000
5.406 6.438 3.981 10.000 86230.000
5.281 6.433 3.928 10.000 86240.000
5.166 6.433 3.813 9.000 86249.000
5.058 6.459 3.780 11.000 86260.000
5.042 6.517 3.943 10.000 86270.000
5.097 6.600 4.146 9.000 86279.000
5.164 6.679 4.331 11.000 86290.000
5.224 6.732 4.434 10.000 86300.000
5.202 6.665 4.242 10.000 86310.000
5.169 6.648 4.050 10.000 86320.000
5.123 6.636 3.878 10.000 86330.000
5.030 6.708 3.837 9.000 86339.000
4.970 6.842 3.969 11.000 86350.000
4.932 6.885 4.180 10.000 86360.000
4.977 6.909 4.292 10.000 86370.000
5.070 6.849 4.273 10.000 86380.000
5.149 6.801 4.268 10.000 86390.000
5.090 6.924 4.118 10.000 86400.000
4.946 7.065 4.065 10.000 86410.000
4.843 7.189 4.048 10.000 86420.000
4.754 7.302 4.017 10.000 86430.000
4.879 7.158 4.031 10.000 86440.000
5.023 7.055 4.091 10.000 86450.000
5.125 6.969 4.115 10.000 86460.000
5.128 6.991 4.149 10.000 86470.000
5.046 7.139 4.204 10.000 86480.000
4.896 7.240 4.276 10.000 86490.000
4.778 7.261 4.350 10.000 86500.000
4.762 7.175 4.414 10.000 86510.000
4.939 6.787 3.900 10.000 86520.000
5.339 6.521 3.620 10.000 86530.000
5.705 6.335 3.337 10.000 86540.000
5.808 6.493 3.509 10.000 86550.000
5.717 6.952 4.261 10.000 86560.000
5.159 7.175 4.632 10.000 86570.000
4.774 7.366 4.989 10.000 86580.000
4.651 7.213 4.891 10.000 86590.000
4.714 7.010 4.484 10.000 86600.000
5.070 6.928 4.161 10.000 86610.000
5.231 6.885 3.859 10.000 86620.000
5.288 6.840 3.715 10.000 86630.000
5.161 6.845 3.881 10.000 86640.000
5.085 6.818 3.912 10.000 86650.000
5.032 6.785 3.936 10.000 86660.000
5.013 6.940 3.878 10.000 86670.000
4.886 6.967 3.804 10.000 86680.000
4.709 7.024 3.864 10.000 86690.000
4.675 7.062 3.825 10.000 86700.000
4.891 6.868 3.593 10.000 86710.000
5.214 6.804 3.378 10.000 86720.000
5.480 6.799 3.447 10.000 86730.000
5.602 6.813 3.615 10.000 86740.000
5.382 6.821 3.794 10.000 86750.000
5.264 6.878 3.926 9.000 86759.000
5.204 6.876 3.773 10.000 86769.000
5.123 6.876 3.756 11.000 86780.000
5.204 6.928 3.845 10.000 86790.000
5.149 6.900 3.928 9.000 86799.000
5.152 6.950 4.055 10.000 86809.000
5.176 6.998 4.046 11.000 86820.000
5.142 7.007 3.986 10.000 86830.000
5.178 7.007 3.967 10.000 86840.000
5.157 6.928 3.904 9.000 86849.000
5.133 6.845 3.821 10.000 86859.000
5.166 6.799 3.787 11.000 86870.000
5.171 6.842 3.849 9.000 86879.000
5.164 6.885 3.943 11.000 86890.000
5.159 6.933 4.058 10.000 86900.000
5.171 6.947 4.077 10.000 86910.000
5.176 6.914 4.012 9.000 86919.000
5.173 6.890 3.916 11.000 86930.000
5.133 6.907 3.840 10.000 86940.000
5.075 6.957 3.859 9.000 86949.000
5.066 7.019 3.890 11.000 86960.000
5.099 7.031 3.931 10.000 86970.000
5.171 7.003 3.952 10.000 86980.000
5.255 6.947 3.981 10.000 86990.000
5.291 6.880 3.998 10.000 87000.000
5.298 6.856 3.914 10.000 87010.000
5.274 6.816 3.871 10.000 87020.000
5.238 6.801 3.821 10.000 87030.000
5.221 6.794 3.763 10.000 87040.000
5.209 6.785 3.797 10.000 87050.000
5.245 6.756 3.809 10.000 87060.000
5.291 6.689 3.778 10.000 87070.000
5.317 6.615 3.754 10.000 87080.000
5.360 6.603 3.792 10.000 87090.000
5.336 6.655 3.864 10.000 87100.000
5.303 6.746 3.979 10.000 87110.000
5.209 6.854 4.072 10.000 87120.000
5.099 6.900 4.103 10.000 87130.000
5.097 6.926 4.089 10.000 87140.000
5.073 6.892 4.058 10.000 87150.000
5.109 6.842 4.048 10.000 87160.000
5.185 6.730 3.945 10.000 87170.000
5.204 6.607 3.835 10.000 87180.000
5.291 6.591 3.837 10.000 87190.000
5.300 6.581 3.837 10.000 87200.000
5.269 6.634 3.931 10.000 87210.000
5.224 6.684 4.058 10.000 87220.000
5.197 6.636 4.036 10.000 87230.000
5.248 6.581 4.017 10.000 87240.000
5.339 6.497 3.950 10.000 87250.000
5.444 6.416 3.849 10.000 87260.000
5.453 6.473 3.849 10.000 87270.000
5.418 6.507 4.050 10.000 87280.000
5.341 6.569 4.299 10.000 87290.000
5.224 6.746 4.786 10.000 87300.000
5.137 6.837 5.224 10.000 87310.000
5.085 6.926 4.946 10.000 87320.000
5.063 7.065 4.884 10.000 87330.000
5.082 7.089 4.584 10.000 87340.000
5.147 6.952 4.187 10.000 87350.000
5.295 6.751 4.170 10.000 87360.000
5.413 6.500 3.938 10.000 87370.000
5.628 6.210 3.555 10.000 87380.000
5.798 6.081 3.270 10.000 87390.000
5.949 6.064 3.112 10.000 87400.000
6.019 6.090 3.040 10.000 87410.000
5.990 6.155 3.119 10.000 87420.000
5.944 6.320 3.217 10.000 87430.000
5.846 6.464 3.323 10.000 87440.000
5.770 6.524 3.423 10.000 87450.000
5.726 6.591 3.564 10.000 87460.000
5.700 6.557 3.687 10.000 87470.000
5.686 6.526 3.888 10.000 87480.000
5.767 6.442 3.876 10.000 87490.000
5.815 6.351 3.823 10.000 87500.000
5.908 6.279 3.608 10.000 87510.000
5.990 6.205 3.313 10.000 87520.000
6.066 6.253 3.251 10.000 87530.000
6.117 6.284 3.191 10.000 87540.000
6.121 6.296 3.294 10.000 87550.000
6.098 6.275 3.514 10.000 87560.000
6.042 6.224 3.634 10.000 87570.000
6.141 6.258 3.581 10.000 87580.000
6.074 6.217 3.746 10.000 87590.000
6.035 6.210 3.794 10.000 87600.000
6.124 6.320 3.418 10.000 87610.000
6.086 6.363 3.213 10.000 87620.000
6.505 6.315 2.394 10.000 87630.000
6.588 6.153 2.205 10.000 87640.000
6.545 5.872 2.439 10.000 87650.000
6.325 5.559 3.129 10.000 87660.000
5.849 5.516 3.957 10.000 87670.000
5.707 5.588 4.156 10.000 87680.000
5.758 5.930 4.204 10.000 87690.000
5.985 6.306 3.797 10.000 87700.000
5.951 6.766 4.079 10.000 87710.000
6.098 7.065 4.218 10.000 87720.000
6.052 7.094 4.508 10.000 87730.000
6.064 6.964 4.558 10.000 87740.000
6.301 6.646 4.175 10.000 87750.000
6.449 6.399 3.636 9.000 87759.000
6.684 6.007 2.952 10.000 87769.000
6.861 5.772 2.506 10.000 87779.000
6.890 5.451 2.501 13.000 87792.000
6.557 5.255 3.172 9.000 87801.000
6.138 5.204 3.988 9.000 87810.000
5.578 5.511 4.999 9.000 87819.000
5.166 5.904 5.568 10.000 87829.000
5.197 6.634 5.679 11.000 87840.000
5.190 7.280 5.453 11.000 87851.000
5.324 7.570 5.035 8.000 87859.000
4.905 7.141 3.897 11.000 87870.000
4.314 6.339 2.844 9.000 87879.000
4.192 5.487 1.280 11.000 87890.000
5.149 5.061 0.009 11.000 87901.000
6.660 5.353 -0.543 9.000 87910.000
8.480 6.114 -0.483 9.000 87919.000
9.174 6.648 0.656 11.000 87930.000
8.789 6.756 1.503 10.000 87940.000
7.876 6.675 2.487 10.000 87950.000
6.655 6.124 2.858 10.000 87960.000
6.277 5.995 2.789 9.000 87969.000
6.019 5.947 2.806 10.000 87979.000
6.287 6.088 2.686 11.000 87990.000
6.476 6.172 2.703 11.000 88001.000
6.517 6.196 2.925 8.000 88009.000
6.430 6.167 3.131 10.000 88019.000
6.354 6.215 3.399 11.000 88030.000
6.356 6.320 3.531 10.000 88040.000
6.358 6.440 3.641 10.000 88050.000
6.387 6.476 3.591 10.000 88060.000
6.406 6.435 3.478 9.000 88069.000
6.440 6.375 3.078 10.000 88079.000
6.473 6.301 2.700 11.000 88090.000
6.521 6.208 2.437 10.000 88100.000
6.624 6.110 2.327 9.000 88109.000
6.713 6.030 2.504 11.000 88120.000
6.742 6.050 2.789 10.000 88130.000
6.737 6.143 3.050 10.000 88140.000
6.607 6.275 3.052 10.000 88150.000
6.457 6.363 2.961 10.000 88160.000
6.366 6.354 2.762 10.000 88170.000
6.287 6.320 2.671 10.000 88180.000
6.291 6.265 2.813 10.000 88190.000
6.318 6.253 3.047 10.000 88200.000
6.327 6.260 3.256 10.000 88210.000
6.325 6.291 3.356 10.000 88220.000
6.299 6.296 3.186 10.000 88230.000
6.289 6.373 3.011 10.000 88240.000
6.296 6.430 2.863 10.000 88250.000
6.301 6.459 2.791 10.000 88260.000
6.315 6.502 2.863 10.000 88270.000
6.318 6.423 2.932 10.000 88280.000
6.330 6.351 2.954 10.000 88290.000
6.344 6.308 2.899 10.000 88300.000
6.373 6.268 2.887 10.000 88310.000
6.397 6.277 2.882 10.000 88320.000
6.378 6.311 2.887 10.000 88330.000
6.351 6.318 2.861 10.000 88340.000
6.311 6.323 2.791 10.000 88350.000
6.275 6.308 2.753 10.000 88360.000
6.275 6.268 2.808 10.000 88370.000
6.282 6.253 2.894 10.000 88380.000
6.296 6.256 3.019 10.000 88390.000
6.306 6.277 3.112 10.000 88400.000
6.299 6.303 3.150 10.000 88410.000
6.275 6.363 3.155 10.000 88420.000
6.244 6.406 3.122 10.000 88430.000
6.196 6.473 3.100 10.000 88440.000
6.193 6.497 3.136 12.000 88452.000
6.208 6.488 3.205 8.000 88460.000
6.270 6.481 3.100 10.000 88470.000
6.349 6.449 2.983 10.000 88480.000
6.390 6.385 2.782 10.000 88490.000
6.464 6.279 2.624 10.000 88500.000
6.490 6.172 2.640 10.000 88510.000
6.531 6.117 2.667 10.000 88520.000
6.579 6.129 2.719 10.000 88530.000
6.576 6.212 2.746 10.000 88540.000
6.579 6.299 2.767 12.000 88552.000
6.567 6.332 2.779 8.000 88560.000
6.555 6.337 2.722 10.000 88570.000
6.560 6.311 2.647 10.000 88580.000
6.548 6.258 2.592 10.000 88590.000
6.521 6.277 2.624 10.000 88600.000
6.495 6.325 2.724 10.000 88610.000
6.411 6.356 2.896 10.000 88620.000
6.347 6.433 3.062 10.000 88630.000
6.296 6.438 3.141 10.000 88640.000
6.253 6.402 3.177 10.000 88650.000
6.268 6.382 3.141 10.000 88660.000
6.248 6.349 3.117 10.000 88670.000
6.189 6.337 3.117 10.000 88680.000
6.121 6.366 3.160 10.000 88690.000
6.098 6.378 3.177 10.000 88700.000
6.100 6.382 3.174 10.000 88710.000
6.186 6.402 3.100 10.000 88720.000
6.270 6.411 3.016 10.000 88730.000
6.311 6.438 2.959 11.000 88741.000
6.339 6.473 2.899 9.000 88750.000
6.375 6.459 2.794 10.000 88760.000
6.414 6.454 2.698 10.000 88770.000
6.449 6.411 2.602 10.000 88780.000
6.497 6.358 2.509 10.000 88790.000
6.461 6.306 2.530 10.000 88800.000
6.452 6.320 2.324 10.000 88810.000
6.445 6.373 2.118 10.000 88820.000
6.433 6.244 1.735 10.000 88830.000
6.454 6.129 1.331 10.000 88840.000
6.387 5.793 1.448 10.000 88850.000
6.610 5.693 1.158 10.000 88860.000
6.837 5.774 1.046 10.000 88870.000
6.526 5.949 1.790 10.000 88880.000
6.404 6.296 2.456 13.000 88893.000
5.992 6.409 3.529 7.000 88900.000
5.770 6.770 4.683 10.000 88910.000
6.086 7.038 4.979 10.000 88920.000
6.234 7.153 4.572 10.000 88930.000
6.394 7.194 4.151 10.000 88940.000
6.366 6.986 3.648 10.000 88950.000
6.366 6.763 3.639 10.000 88960.000
6.406 6.675 4.118 10.000 88970.000
6.287 6.603 4.752 10.000 88980.000
6.112 6.538 5.037 10.000 88990.000
5.908 6.488 4.829 10.000 89000.000
5.592 6.507 4.707 10.000 89010.000
5.480 6.713 4.735 10.000 89020.000
5.422 6.912 5.114 10.000 89030.000
5.650 7.247 5.183 10.000 89040.000
5.990 7.513 5.166 10.000 89050.000
6.258 7.424 3.979 10.000 89060.000
6.184 6.775 2.070 10.000 89070.000
5.825 5.990 0.471 10.000 89080.000
5.583 4.953 -1.651 10.000 89090.000
5.358 4.141 -2.896 10.000 89100.000
5.638 4.003 -2.444 10.000 89110.000
6.995 5.161 -1.096 10.000 89120.000
8.236 6.572 0.775 10.000 89130.000
8.995 7.831 2.904 10.000 89140.000
8.444 8.248 3.593 10.000 89150.000
6.816 7.366 3.387 10.000 89160.000
5.171 6.526 2.935 12.000 89172.000
4.007 5.837 2.226 8.000 89180.000
4.584 6.193 2.243 10.000 89190.000
5.274 6.488 2.578 10.000 89200.000
5.980 6.742 3.160 10.000 89210.000
6.464 6.878 3.739 10.000 89220.000
6.354 6.698 4.055 10.000 89230.000
6.014 6.574 3.909 10.000 89240.000
5.726 6.500 3.600 10.000 89250.000
5.662 6.543 3.294 10.000 89260.000
5.662 6.653 3.064 10.000 89270.000
5.779 6.770 2.978 10.000 89280.000
5.825 6.749 3.196 10.000 89290.000
5.753 6.653 3.512 10.000 89300.000
