# Accelerometer Data File
# 
#
#
# sensor Vendor: Bosch
# sensor Name: BMA254
# sensor Resolution: 0.009576807m/sec^2; Max Range: 39.2; Min Delay: 10000 microseconds
# The sensor's attributes are the result hardware and the Android capabilities.
# It means that the Android may not utilize all features provided by the hardware.
#
# Some devices and Android versions save battery too much so the device may go to sleep.
# It just happens after couple of minutes from turning off the scree and it is easy to find it out.
#
# The following file provides the data from accelerometer in the m/s^2 format.
# The diff value is just a time delta between the samples
#
#
# data format:
# so we have 4 columns with values separated by the " "
# X Y Z time_from_previous_sample(ms)

# sensor speed set to:FASTEST
# units set to: m/sec^2
# gravity NOT filtered out
# Accuracy: HIGH
7.570 0.122 3.533 11.000 67000.000
7.639 0.234 3.301 9.000 67009.000
7.709 0.265 3.074 10.000 67019.000
7.642 0.201 3.055 10.000 67029.000
7.582 0.117 3.028 11.000 67040.000
7.299 -0.007 3.351 10.000 67050.000
7.017 -0.050 3.670 10.000 67060.000
6.179 -0.181 4.036 9.000 67069.000
5.401 -0.311 4.434 10.000 67079.000
4.393 -0.292 4.450 10.000 67089.000
3.280 -0.141 4.860 11.000 67100.000
2.722 0.098 5.221 9.000 67109.000
1.944 0.363 5.837 11.000 67120.000
1.515 0.687 7.149 9.000 67129.000
1.192 0.878 8.068 10.000 67139.000
0.706 0.691 8.044 11.000 67150.000
0.440 0.478 7.766 9.000 67159.000
-0.366 -0.483 7.340 10.000 67169.000
-0.861 -0.517 7.038 10.000 67179.000
-1.194 -0.172 7.680 10.000 67189.000
-1.151 0.318 9.634 11.000 67200.000
-0.464 1.393 11.070 9.000 67209.000
-0.684 1.503 11.513 10.000 67219.000
-0.627 1.393 11.954 12.000 67231.000
-0.945 1.137 11.082 12.000 67243.000
-0.512 0.766 10.259 7.000 67250.000
-0.148 0.447 10.512 10.000 67260.000
-0.062 0.349 10.769 11.000 67271.000
-0.193 0.531 10.917 12.000 67283.000
-1.077 0.828 11.018 6.000 67289.000
-1.338 1.010 11.118 10.000 67299.000
-1.082 1.118 10.917 10.000 67309.000
-0.608 0.945 10.824 14.000 67323.000
0.129 0.560 10.948 6.000 67329.000
0.909 0.272 10.864 11.000 67340.000
1.522 -0.110 10.919 10.000 67350.000
1.970 -0.416 10.371 11.000 67361.000
1.410 -2.303 9.730 12.000 67373.000
0.849 -4.189 9.088 6.000 67379.000
-0.059 -5.906 8.609 10.000 67389.000
-0.196 -6.375 9.662 11.000 67400.000
0.536 -4.127 9.782 9.000 67409.000
1.268 -1.879 9.902 11.000 67420.000
2.049 0.483 9.524 9.000 67429.000
2.296 0.608 8.695 10.000 67439.000
2.418 -0.191 8.676 13.000 67452.000
2.568 -1.491 8.592 8.000 67460.000
2.671 -2.906 9.006 9.000 67469.000
2.691 -3.708 8.702 10.000 67479.000
2.652 -4.450 8.662 10.000 67489.000
2.585 -4.692 8.686 11.000 67500.000
2.566 -4.520 8.655 12.000 67512.000
2.557 -4.046 8.863 7.000 67519.000
2.398 -3.593 8.870 10.000 67529.000
2.173 -3.339 8.808 10.000 67539.000
1.900 -3.500 8.801 11.000 67550.000
1.620 -3.945 8.803 9.000 67559.000
1.453 -4.584 8.815 10.000 67569.000
1.352 -5.025 8.896 10.000 67579.000
1.000 -5.252 8.714 10.000 67589.000
0.656 -5.195 8.523 11.000 67600.000
0.356 -4.927 8.118 9.000 67609.000
0.150 -4.771 7.544 10.000 67619.000
0.196 -4.829 7.232 10.000 67629.000
-0.026 -5.080 7.182 10.000 67639.000
-0.201 -5.386 7.273 11.000 67650.000
-0.696 -5.614 7.632 10.000 67660.000
-1.340 -6.093 8.025 9.000 67669.000
-1.716 -6.378 8.157 10.000 67679.000
-2.121 -6.610 8.477 10.000 67689.000
-2.360 -6.902 8.628 11.000 67700.000
-2.451 -6.943 8.746 9.000 67709.000
-2.758 -6.947 8.767 11.000 67720.000
-3.035 -7.005 8.599 10.000 67730.000
-3.327 -7.082 8.554 9.000 67739.000
-3.699 -7.316 8.386 11.000 67750.000
-3.854 -7.587 8.315 9.000 67759.000
-4.132 -7.843 8.331 11.000 67770.000
-4.333 -7.987 8.298 10.000 67780.000
-4.565 -8.090 8.561 10.000 67790.000
-5.106 -8.032 9.150 10.000 67800.000
-5.525 -7.989 9.651 10.000 67810.000
-6.481 -7.611 10.424 10.000 67820.000
-7.304 -6.902 10.838 10.000 67830.000
-7.819 -6.354 10.927 10.000 67840.000
-8.058 -5.858 10.855 10.000 67850.000
-7.762 -5.698 10.510 10.000 67860.000
-7.015 -5.954 10.201 10.000 67870.000
-6.035 -6.351 9.837 10.000 67880.000
-5.331 -6.696 9.634 10.000 67890.000
-4.671 -6.849 9.289 10.000 67900.000
-4.481 -6.799 9.093 10.000 67910.000
-4.695 -6.279 8.741 10.000 67920.000
-5.023 -5.743 8.188 10.000 67930.000
-5.307 -5.398 7.776 9.000 67939.000
-5.928 -5.116 7.323 11.000 67950.000
-6.794 -5.128 7.125 9.000 67959.000
-7.546 -5.157 7.127 10.000 67969.000
-8.801 -5.236 7.151 10.000 67979.000
-9.720 -5.252 7.216 10.000 67989.000
-10.278 -5.111 7.261 11.000 68000.000
-10.910 -4.711 7.326 9.000 68009.000
-11.039 -4.261 7.369 10.000 68019.000
-11.300 -3.574 7.419 11.000 68030.000
-11.506 -3.078 7.445 9.000 68039.000
-11.683 -2.662 7.388 11.000 68050.000
-11.753 -2.205 7.182 9.000 68059.000
-11.690 -1.984 6.969 10.000 68069.000
-11.523 -1.640 6.617 10.000 68079.000
-11.295 -1.362 6.356 10.000 68089.000
-11.176 -1.125 6.244 11.000 68100.000
-11.049 -0.699 6.208 9.000 68109.000
-11.027 -0.397 6.311 11.000 68120.000
-10.769 0.112 6.282 9.000 68129.000
-10.364 0.823 6.110 11.000 68140.000
-9.967 1.345 5.861 10.000 68150.000
-9.761 1.726 5.542 9.000 68159.000
-9.806 1.786 5.329 10.000 68169.000
-10.177 1.623 5.293 10.000 68179.000
-10.615 1.625 5.264 11.000 68190.000
-10.862 1.769 5.305 10.000 68200.000
-11.101 2.003 5.286 9.000 68209.000
-11.080 2.315 5.106 11.000 68220.000
-10.991 2.461 4.920 10.000 68230.000
-10.821 2.540 4.618 9.000 68239.000
-10.658 2.528 4.376 11.000 68250.000
-10.716 2.501 4.094 10.000 68260.000
-10.900 2.645 3.778 10.000 68270.000
-11.166 2.856 3.576 9.000 68279.000
-11.492 3.165 3.476 10.000 68289.000
-11.678 3.433 3.543 11.000 68300.000
-11.599 3.064 3.579 9.000 68309.000
-11.556 2.820 3.464 10.000 68319.000
-11.453 2.477 3.248 10.000 68329.000
-11.257 2.384 2.904 10.000 68339.000
-11.133 2.858 2.657 11.000 68350.000
-10.972 3.208 2.561 9.000 68359.000
-10.994 3.404 2.523 10.000 68369.000
-11.109 3.351 2.614 10.000 68379.000
-11.274 3.081 2.791 10.000 68389.000
-10.979 2.925 3.107 11.000 68400.000
-10.503 2.923 3.366 9.000 68409.000
-10.026 3.114 3.871 11.000 68420.000
-9.567 3.423 4.256 10.000 68430.000
-9.871 3.780 4.879 9.000 68439.000
-10.019 4.192 5.750 11.000 68450.000
-10.168 4.410 6.375 9.000 68459.000
-10.117 4.458 7.101 11.000 68470.000
-9.696 4.151 7.477 10.000 68480.000
-9.430 3.790 7.603 9.000 68489.000
-8.856 3.509 7.572 11.000 68500.000
-8.480 3.399 7.441 9.000 68509.000
-7.800 3.541 7.108 10.000 68519.000
-6.737 3.620 6.916 11.000 68530.000
-5.983 3.617 6.883 9.000 68539.000
-5.003 3.598 6.864 11.000 68550.000
-4.395 3.519 7.019 9.000 68559.000
-3.964 3.665 7.139 10.000 68569.000
-3.552 4.017 7.357 10.000 68579.000
-3.366 4.386 7.560 11.000 68590.000
-3.165 4.876 7.785 10.000 68600.000
-3.169 5.204 7.905 9.000 68609.000
-3.047 5.418 7.769 11.000 68620.000
-2.896 5.638 7.501 9.000 68629.000
-2.760 5.736 7.211 11.000 68640.000
-2.437 5.817 6.900 10.000 68650.000
-1.972 5.882 6.904 10.000 68660.000
-1.537 5.940 7.041 10.000 68670.000
-1.221 5.987 7.371 9.000 68679.000
-1.091 6.052 7.723 10.000 68689.000
-1.120 5.997 7.970 12.000 68701.000
-1.041 6.069 8.010 8.000 68709.000
-0.842 6.150 7.857 11.000 68720.000
-0.684 6.397 7.580 9.000 68729.000
-0.617 6.689 7.249 10.000 68739.000
-0.588 6.296 7.003 10.000 68749.000
-0.282 5.944 6.892 10.000 68759.000
0.064 5.427 6.907 10.000 68769.000
0.292 5.097 6.634 10.000 68779.000
0.497 5.353 5.963 10.000 68789.000
0.426 5.568 5.157 10.000 68799.000
0.598 5.693 4.067 10.000 68809.000
0.890 5.631 3.265 10.000 68819.000
1.120 5.401 2.758 10.000 68829.000
1.225 5.204 2.348 10.000 68839.000
1.086 5.099 2.221 10.000 68849.000
0.627 5.020 2.327 11.000 68860.000
0.181 5.080 2.657 10.000 68870.000
-0.325 5.054 3.105 10.000 68880.000
-0.948 4.958 3.639 9.000 68889.000
-1.249 4.836 3.940 10.000 68899.000
-1.453 4.726 4.101 11.000 68910.000
-1.201 4.623 3.787 9.000 68919.000
-0.835 4.589 3.387 10.000 68929.000
-0.426 4.376 2.765 10.000 68939.000
-0.114 4.151 2.284 11.000 68950.000
-0.011 3.749 1.953 9.000 68959.000
0.270 3.184 1.434 10.000 68969.000
0.509 2.798 1.137 10.000 68979.000
0.857 2.305 0.610 10.000 68989.000
1.144 2.035 0.191 11.000 69000.000
1.177 1.865 -0.284 9.000 69009.000
1.084 1.640 -0.873 10.000 69019.000
0.883 1.522 -1.233 11.000 69030.000
0.720 1.517 -1.326 10.000 69040.000
0.555 1.759 -0.895 10.000 69050.000
0.517 2.056 -0.351 10.000 69060.000
0.411 2.513 0.620 9.000 69069.000
0.268 2.858 1.326 12.000 69081.000
0.272 3.189 2.185 9.000 69090.000
0.579 3.708 3.881 10.000 69100.000
0.952 4.067 5.147 9.000 69109.000
1.769 4.326 6.186 13.000 69122.000
2.513 4.414 6.794 7.000 69129.000
3.588 4.137 7.091 11.000 69140.000
4.762 3.557 6.552 10.000 69150.000
5.492 3.078 6.241 9.000 69159.000
6.330 1.999 7.762 11.000 69170.000
5.470 0.905 9.176 9.000 69179.000
4.513 0.112 11.427 10.000 69189.000
3.876 0.426 12.947 11.000 69200.000
3.131 1.340 12.636 9.000 69209.000
3.035 2.413 11.942 10.000 69219.000
2.980 2.674 10.955 10.000 69229.000
2.604 1.829 10.699 10.000 69239.000
2.061 1.388 10.244 11.000 69250.000
1.934 0.981 9.753 10.000 69260.000
1.965 1.431 10.024 9.000 69269.000
1.912 2.310 10.515 10.000 69279.000
2.027 2.784 11.204 10.000 69289.000
1.819 4.185 10.450 11.000 69300.000
1.860 6.062 7.872 9.000 69309.000
1.984 7.510 5.073 10.000 69319.000
3.086 8.647 2.683 10.000 69329.000
4.510 8.858 1.738 10.000 69339.000
3.792 5.729 4.716 11.000 69350.000
1.484 1.587 7.711 10.000 69360.000
-1.800 -2.243 10.297 9.000 69369.000
-4.661 -3.600 12.591 10.000 69379.000
-5.827 -2.140 12.315 10.000 69389.000
-5.681 1.414 11.616 11.000 69400.000
-5.566 3.938 10.934 9.000 69409.000
-5.875 3.988 10.544 10.000 69419.000
-5.698 3.074 10.369 10.000 69429.000
-4.230 1.211 10.745 11.000 69440.000
-2.731 0.380 11.104 10.000 69450.000
-0.234 0.055 11.700 10.000 69460.000
1.776 0.694 12.081 9.000 69469.000
3.083 1.994 12.641 10.000 69479.000
4.390 3.768 13.661 10.000 69489.000
4.699 5.037 14.444 11.000 69500.000
4.721 6.488 15.562 9.000 69509.000
4.434 7.144 16.357 11.000 69520.000
4.072 7.240 16.680 10.000 69530.000
3.672 6.739 16.780 9.000 69539.000
3.560 6.057 16.546 11.000 69550.000
3.560 5.125 16.062 13.000 69563.000
3.634 4.280 15.591 6.000 69569.000
3.890 3.928 15.014 12.000 69581.000
4.371 3.603 13.807 8.000 69589.000
4.740 3.526 12.849 11.000 69600.000
5.037 3.600 11.360 9.000 69609.000
4.824 3.950 10.273 10.000 69619.000
4.386 4.273 9.816 14.000 69633.000
3.529 4.762 9.665 6.000 69639.000
2.743 5.099 10.046 11.000 69650.000
2.102 5.216 10.560 10.000 69660.000
1.398 5.394 11.209 13.000 69673.000
1.113 5.406 11.552 6.000 69679.000
0.735 5.444 11.846 10.000 69689.000
0.579 5.530 11.932 11.000 69700.000
0.512 5.276 11.947 9.000 69709.000
0.545 4.903 11.693 14.000 69723.000
0.672 4.503 11.487 6.000 69729.000
1.007 4.343 10.996 10.000 69739.000
1.228 4.469 10.366 11.000 69750.000
1.347 4.716 10.005 13.000 69763.000
1.498 4.809 9.636 10.000 69773.000
1.441 4.663 9.552 6.000 69779.000
1.462 4.546 9.466 11.000 69790.000
1.280 4.572 9.349 10.000 69800.000
1.067 4.752 9.239 9.000 69809.000
0.907 5.104 9.172 10.000 69819.000
0.756 5.420 9.184 10.000 69829.000
0.758 5.844 9.272 10.000 69839.000
0.646 6.236 9.344 11.000 69850.000
0.481 6.457 9.373 10.000 69860.000
0.153 6.610 9.356 9.000 69869.000
-0.304 6.399 9.176 10.000 69879.000
-0.646 6.220 9.014 10.000 69889.000
-0.933 5.973 8.626 11.000 69900.000
-1.058 5.793 8.283 9.000 69909.000
-0.885 5.738 7.821 11.000 69920.000
-0.809 5.662 7.101 9.000 69929.000
-0.787 5.652 6.605 10.000 69939.000
-0.845 5.485 5.963 11.000 69950.000
-1.019 5.305 5.559 10.000 69960.000
-0.888 4.984 5.221 10.000 69970.000
-0.751 4.752 4.819 9.000 69979.000
-0.536 4.678 4.563 10.000 69989.000
-0.100 4.723 4.242 11.000 70000.000
-0.021 4.738 4.134 9.000 70009.000
0.052 4.663 4.091 11.000 70020.000
0.158 4.326 4.103 10.000 70030.000
0.043 3.869 4.180 9.000 70039.000
-0.033 3.502 4.194 10.000 70049.000
-0.287 2.964 4.273 11.000 70060.000
-0.572 2.688 4.297 10.000 70070.000
-0.770 2.166 4.532 10.000 70080.000
-0.861 1.747 4.807 10.000 70090.000
-0.667 1.331 5.078 10.000 70100.000
-0.332 0.835 5.339 9.000 70109.000
-0.083 0.586 5.389 11.000 70120.000
0.227 0.258 5.418 10.000 70130.000
0.375 0.067 5.489 10.000 70140.000
0.383 -0.045 5.571 10.000 70150.000
0.306 -0.143 5.753 10.000 70160.000
0.167 -0.162 5.956 10.000 70170.000
-0.035 -0.256 6.098 10.000 70180.000
0.093 -0.308 6.490 10.000 70190.000
0.306 -0.375 6.782 10.000 70200.000
0.526 -0.215 7.096 10.000 70210.000
0.866 0.052 7.369 10.000 70220.000
0.840 0.351 7.477 10.000 70230.000
0.988 0.811 7.821 10.000 70240.000
1.130 1.043 8.145 10.000 70250.000
1.259 1.458 8.698 10.000 70260.000
1.489 1.920 9.275 10.000 70270.000
1.544 2.221 9.615 10.000 70280.000
1.570 2.624 9.880 10.000 70290.000
1.608 2.844 9.916 10.000 70300.000
1.491 2.777 9.710 10.000 70310.000
1.513 2.578 9.349 10.000 70320.000
1.563 2.279 9.062 10.000 70330.000
1.601 2.044 8.719 10.000 70340.000
1.728 1.977 8.508 10.000 70350.000
1.537 2.274 8.643 10.000 70360.000
1.307 2.782 8.841 10.000 70370.000
1.089 3.224 9.095 10.000 70380.000
0.919 3.749 9.351 10.000 70390.000
0.842 3.962 9.339 10.000 70400.000
0.804 3.964 9.263 10.000 70410.000
0.495 3.809 9.006 10.000 70420.000
0.138 3.572 8.748 10.000 70430.000
-0.239 3.306 8.695 10.000 70440.000
-0.751 3.153 8.595 10.000 70450.000
-0.993 3.157 8.674 10.000 70460.000
-1.216 3.311 8.746 10.000 70470.000
-1.331 3.572 8.690 10.000 70480.000
-1.319 3.653 8.657 10.000 70490.000
-1.364 3.507 8.576 10.000 70500.000
-1.429 3.213 8.501 10.000 70510.000
-1.525 2.712 8.549 10.000 70520.000
-1.728 2.154 8.676 10.000 70530.000
-1.874 1.824 8.851 10.000 70540.000
-2.159 1.484 9.167 10.000 70550.000
-2.413 1.350 9.361 10.000 70560.000
-2.782 1.254 9.603 10.000 70570.000
-3.394 1.036 10.117 10.000 70580.000
-3.869 0.828 10.491 10.000 70590.000
-4.508 0.574 11.128 10.000 70600.000
-4.917 0.407 11.664 10.000 70610.000
-5.106 0.160 11.973 10.000 70620.000
-5.216 -0.107 12.366 10.000 70630.000
-5.161 -0.330 12.495 10.000 70640.000
-5.080 -0.622 12.593 10.000 70650.000
-4.967 -0.821 12.600 10.000 70660.000
-4.934 -0.998 12.524 10.000 70670.000
-4.831 -1.218 12.370 10.000 70680.000
-4.754 -1.369 12.248 10.000 70690.000
-4.513 -1.625 12.004 10.000 70700.000
-4.163 -1.968 11.757 10.000 70710.000
-3.883 -2.267 11.587 10.000 70720.000
-3.646 -2.595 11.317 20.000 70740.000
-3.416 -2.712 11.233 10.000 70750.000
-3.349 -2.741 11.130 10.000 70760.000
-3.282 -2.770 11.027 10.000 70770.000
-3.529 -2.784 10.924 10.000 70780.000
-3.940 -2.796 10.802 10.000 70790.000
-4.565 -2.710 10.809 12.000 70802.000
-5.336 -2.410 10.960 12.000 70814.000
-5.750 -2.097 11.212 6.000 70820.000
-6.397 -1.278 11.506 10.000 70830.000
-7.007 0.095 11.817 11.000 70841.000
-7.472 1.256 11.985 12.000 70853.000
-7.905 3.136 12.404 7.000 70860.000
-8.106 4.510 12.780 10.000 70870.000
-7.706 5.614 12.943 10.000 70880.000
-7.649 6.679 13.136 11.000 70891.000
-7.623 7.026 13.079 9.000 70900.000
-7.599 7.261 13.113 9.000 70909.000
-7.943 7.110 13.235 10.000 70919.000
-8.169 6.883 13.148 15.000 70934.000
-8.520 6.557 12.825 5.000 70939.000
-8.870 6.344 12.411 11.000 70950.000
-8.908 5.906 11.982 11.000 70961.000
-8.549 5.248 11.207 13.000 70974.000
-8.063 4.687 10.668 5.000 70979.000
-7.503 4.146 9.859 10.000 70989.000
-7.220 3.821 9.006 13.000 71002.000
-7.113 3.830 8.678 12.000 71014.000
-6.866 3.564 8.322 6.000 71020.000
-6.694 3.280 8.236 10.000 71030.000
-6.294 3.040 8.130 10.000 71040.000
-5.894 2.801 8.025 9.000 71049.000
-5.566 2.861 8.049 14.000 71063.000
-5.006 2.949 8.157 7.000 71070.000
-4.707 3.002 8.341 9.000 71079.000
-4.173 3.076 8.724 11.000 71090.000
-3.284 2.944 8.650 10.000 71100.000
-2.628 2.784 8.492 9.000 71109.000
-1.802 2.975 8.298 11.000 71120.000
-1.211 3.145 7.905 10.000 71130.000
-0.921 3.600 7.867 10.000 71140.000
-0.445 4.074 7.742 10.000 71150.000
-0.138 4.197 7.654 10.000 71160.000
0.306 4.441 7.419 10.000 71170.000
0.632 4.582 7.187 9.000 71179.000
0.866 4.891 6.897 11.000 71190.000
1.367 5.439 6.603 10.000 71200.000
1.728 5.865 6.454 10.000 71210.000
2.128 6.603 6.160 10.000 71220.000
2.217 7.287 5.882 10.000 71230.000
2.039 7.733 5.609 10.000 71240.000
1.841 8.101 5.123 10.000 71250.000
1.604 8.159 4.783 10.000 71260.000
1.618 7.951 4.383 9.000 71269.000
1.671 7.728 3.809 10.000 71279.000
1.745 7.582 3.447 10.000 71289.000
1.896 7.352 3.143 11.000 71300.000
2.011 7.254 3.026 9.000 71309.000
2.063 7.022 3.124 10.000 71319.000
2.111 6.569 3.210 10.000 71329.000
2.082 6.200 3.239 10.000 71339.000
2.044 5.346 3.311 11.000 71350.000
2.030 4.639 3.342 9.000 71359.000
2.090 4.209 3.167 10.000 71369.000
1.984 3.897 2.975 10.000 71379.000
1.889 4.072 2.741 10.000 71389.000
1.618 3.816 2.420 10.000 71399.000
1.690 3.236 2.324 10.000 71409.000
1.927 2.537 2.245 10.000 71419.000
2.363 1.795 2.406 10.000 71429.000
2.973 1.484 2.652 10.000 71439.000
3.138 1.467 3.112 10.000 71449.000
3.409 1.450 3.902 12.000 71461.000
3.481 1.477 4.453 9.000 71470.000
3.610 1.479 5.195 10.000 71480.000
3.773 1.455 5.717 10.000 71490.000
3.928 1.422 5.949 10.000 71500.000
3.991 1.343 6.545 10.000 71510.000
3.995 1.288 6.950 10.000 71520.000
3.842 1.154 7.340 10.000 71530.000
3.608 0.885 7.642 10.000 71540.000
3.466 0.663 7.580 10.000 71550.000
3.339 0.375 7.671 10.000 71560.000
3.371 0.167 7.776 10.000 71570.000
3.402 0.193 7.824 10.000 71580.000
3.397 0.308 7.709 10.000 71590.000
3.378 0.488 7.441 10.000 71600.000
3.418 0.699 7.038 10.000 71610.000
3.442 0.818 6.742 10.000 71620.000
3.603 0.799 6.447 10.000 71630.000
3.670 0.658 6.009 10.000 71640.000
3.677 0.486 5.705 10.000 71650.000
3.332 0.237 5.820 10.000 71660.000
2.480 -0.026 6.205 10.000 71670.000
1.721 -0.167 6.734 10.000 71680.000
0.605 -0.373 7.503 10.000 71690.000
-0.158 -0.502 7.852 10.000 71700.000
-0.627 -0.591 8.073 10.000 71710.000
-1.058 -0.639 7.953 10.000 71720.000
-1.132 -0.622 7.594 9.000 71729.000
-0.998 -0.445 7.553 10.000 71739.000
-0.751 -0.244 7.532 11.000 71750.000
-0.402 0.227 7.845 9.000 71759.000
-0.270 0.177 8.599 10.000 71769.000
-0.347 -0.033 9.035 10.000 71779.000
-0.758 -0.258 9.399 10.000 71789.000
-1.379 -0.486 9.928 11.000 71800.000
-1.781 -0.191 10.017 9.000 71809.000
-2.202 0.339 10.153 10.000 71819.000
-2.288 0.885 10.362 11.000 71830.000
-2.614 0.933 10.378 9.000 71839.000
-2.813 0.842 10.553 11.000 71850.000
-2.992 0.514 10.680 10.000 71860.000
-3.205 0.119 10.881 9.000 71869.000
-3.112 -0.086 11.113 10.000 71879.000
-3.184 -0.232 11.293 10.000 71889.000
-3.141 -0.234 11.501 11.000 71900.000
-3.064 -0.169 11.635 9.000 71909.000
-2.882 -0.217 11.860 10.000 71919.000
-2.698 -0.191 12.042 10.000 71929.000
-2.628 -0.308 12.196 10.000 71939.000
-2.573 -0.323 12.543 11.000 71950.000
-2.624 -0.225 12.799 9.000 71959.000
-2.906 -0.119 13.079 10.000 71969.000
-3.303 -0.215 13.369 10.000 71979.000
-3.687 -0.414 13.464 11.000 71990.000
-3.696 -0.713 13.484 10.000 72000.000
-3.438 -1.015 13.417 9.000 72009.000
-2.987 -1.201 13.362 12.000 72021.000
-2.616 -1.180 13.340 9.000 72030.000
-2.619 -1.058 13.395 9.000 72039.000
-2.573 -0.924 13.436 11.000 72050.000
-2.461 -0.919 13.388 10.000 72060.000
-2.269 -1.122 13.306 9.000 72069.000
-1.946 -1.323 13.239 10.000 72079.000
-1.671 -1.537 13.187 10.000 72089.000
-1.460 -1.467 12.983 11.000 72100.000
-1.074 -1.450 12.638 9.000 72109.000
-0.821 -1.436 12.279 11.000 72120.000
-0.529 -1.405 11.966 9.000 72129.000
-0.316 -1.441 11.870 10.000 72139.000
-0.529 -1.333 11.973 11.000 72150.000
-0.821 -1.108 12.282 9.000 72159.000
-1.151 -0.900 12.545 11.000 72170.000
-1.549 -0.541 12.923 9.000 72179.000
-1.812 -0.248 13.340 10.000 72189.000
-1.996 -0.074 13.551 11.000 72200.000
-2.394 0.280 13.548 10.000 72210.000
-2.724 0.483 13.431 10.000 72220.000
-2.870 1.118 13.242 10.000 72230.000
-3.172 2.015 13.184 13.000 72243.000
-3.260 2.734 13.340 7.000 72250.000
-3.292 3.639 13.491 10.000 72260.000
-3.368 4.244 13.560 13.000 72273.000
-3.289 4.587 13.498 6.000 72279.000
-3.112 5.339 13.297 10.000 72289.000
-2.992 5.904 13.101 11.000 72300.000
-2.712 6.524 12.887 13.000 72313.000
-2.384 7.189 12.682 7.000 72320.000
-2.154 7.445 12.615 9.000 72329.000
-1.946 7.967 12.428 10.000 72339.000
-1.920 8.279 12.315 15.000 72354.000
-1.905 8.365 11.894 6.000 72360.000
-1.788 8.508 11.183 10.000 72370.000
-1.649 8.386 10.591 11.000 72381.000
-1.570 8.508 9.983 13.000 72394.000
-1.527 8.810 9.677 6.000 72400.000
-1.381 8.578 9.416 9.000 72409.000
-1.043 8.286 8.944 11.000 72420.000
-0.646 7.750 8.489 12.000 72432.000
-0.375 7.072 8.018 8.000 72440.000
-0.287 6.540 7.793 10.000 72450.000
-0.390 6.069 7.778 10.000 72460.000
-0.313 5.485 7.869 10.000 72470.000
-0.198 4.891 7.855 13.000 72483.000
-0.107 4.627 7.838 6.000 72489.000
0.086 4.177 7.426 11.000 72500.000
0.100 3.840 6.909 9.000 72509.000
0.347 3.608 6.591 13.000 72522.000
0.725 3.311 6.380 12.000 72534.000
1.000 3.201 6.564 6.000 72540.000
1.541 3.213 6.629 10.000 72550.000
1.939 3.270 6.617 9.000 72559.000
2.226 3.543 6.289 13.000 72572.000
2.513 3.816 5.961 8.000 72580.000
2.523 3.974 5.734 9.000 72589.000
2.564 4.165 5.434 11.000 72600.000
2.583 4.206 5.343 10.000 72610.000
2.633 4.369 5.152 10.000 72620.000
2.655 4.639 4.965 10.000 72630.000
2.645 4.876 4.850 10.000 72640.000
2.631 5.173 4.714 10.000 72650.000
2.590 5.384 4.630 11.000 72661.000
2.590 5.480 4.560 9.000 72670.000
2.657 5.556 4.285 9.000 72679.000
2.729 5.573 4.031 10.000 72689.000
2.863 5.561 3.687 11.000 72700.000
2.997 5.549 3.342 10.000 72710.000
2.942 5.461 3.222 10.000 72720.000
2.710 5.274 3.114 9.000 72729.000
2.410 5.080 3.145 11.000 72740.000
2.047 4.896 3.201 11.000 72751.000
1.728 4.848 3.213 13.000 72764.000
1.587 4.898 3.213 9.000 72773.000
1.455 4.972 3.045 6.000 72779.000
1.388 5.037 2.853 11.000 72790.000
1.520 5.142 2.530 10.000 72800.000
1.716 5.281 2.197 10.000 72810.000
1.903 5.396 2.032 10.000 72820.000
2.056 5.365 1.673 10.000 72830.000
2.087 5.252 1.470 9.000 72839.000
1.886 4.884 1.321 11.000 72850.000
1.623 4.434 1.395 10.000 72860.000
1.393 4.129 1.663 10.000 72870.000
1.134 3.888 2.142 9.000 72879.000
0.816 3.708 2.585 10.000 72889.000
0.560 3.610 2.806 11.000 72900.000
0.605 3.282 3.153 10.000 72910.000
0.679 2.892 3.289 10.000 72920.000
1.161 2.200 3.964 9.000 72929.000
0.361 0.933 5.726 11.000 72940.000
-0.739 -0.102 7.362 10.000 72950.000
-2.341 -1.024 9.284 9.000 72959.000
-4.122 -1.484 10.658 11.000 72970.000
-3.924 -0.960 10.668 10.000 72980.000
-2.952 0.074 10.350 10.000 72990.000
-1.479 0.993 9.744 10.000 73000.000
0.186 2.082 9.095 10.000 73010.000
0.794 2.643 8.734 10.000 73020.000
0.454 2.657 8.944 20.000 73040.000
0.114 2.671 9.155 10.000 73050.000
-0.562 2.612 9.370 10.000 73060.000
-1.364 2.844 9.708 10.000 73070.000
-1.991 3.112 9.801 10.000 73080.000
-2.264 3.655 9.469 10.000 73090.000
-2.394 4.103 9.174 10.000 73100.000
-1.853 4.716 9.145 10.000 73110.000
-1.259 5.178 9.088 10.000 73120.000
-1.019 5.365 9.457 10.000 73130.000
-0.926 5.341 9.962 10.000 73140.000
-1.072 5.164 10.218 10.000 73150.000
-1.271 5.137 10.503 10.000 73160.000
-1.189 5.358 10.965 10.000 73170.000
-0.962 5.789 11.291 10.000 73180.000
-0.433 5.906 11.638 10.000 73190.000
0.339 5.966 11.896 10.000 73200.000
0.833 5.779 11.978 10.000 73210.000
1.580 5.750 12.121 10.000 73220.000
2.078 5.851 12.095 10.000 73230.000
2.612 6.062 12.342 10.000 73240.000
3.332 6.220 12.437 10.000 73250.000
3.799 6.220 12.471 10.000 73260.000
4.548 6.342 12.155 10.000 73270.000
5.264 6.603 11.597 10.000 73280.000
5.793 6.916 11.190 10.000 73290.000
6.454 7.307 10.469 10.000 73300.000
6.833 7.575 10.098 10.000 73310.000
7.005 7.671 9.557 10.000 73320.000
7.235 7.793 8.875 10.000 73330.000
7.333 7.838 8.506 10.000 73340.000
7.469 7.843 8.022 15.000 73355.000
7.565 7.829 7.766 4.000 73359.000
7.644 7.824 7.505 11.000 73370.000
7.402 8.013 7.232 9.000 73379.000
7.122 8.243 7.074 10.000 73389.000
6.572 8.640 6.981 11.000 73400.000
5.980 9.002 7.034 9.000 73409.000
5.528 9.229 7.134 10.000 73419.000
4.936 9.516 7.218 11.000 73430.000
4.537 9.583 7.096 13.000 73443.000
4.137 9.651 6.974 7.000 73450.000
3.926 9.660 6.603 10.000 73460.000
3.854 9.610 6.248 9.000 73469.000
3.785 9.660 5.841 11.000 73480.000
3.715 9.710 5.434 13.000 73493.000
3.423 9.622 5.116 7.000 73500.000
3.098 9.471 4.831 9.000 73509.000
2.849 9.272 4.740 11.000 73520.000
2.547 9.045 4.673 14.000 73534.000
2.461 8.954 4.730 5.000 73539.000
2.336 8.966 4.673 11.000 73550.000
2.169 8.930 4.589 9.000 73559.000
2.054 8.923 4.481 11.000 73570.000
1.980 8.858 4.328 14.000 73584.000
2.051 8.659 4.228 6.000 73590.000
2.166 8.508 4.153 10.000 73600.000
2.315 8.310 4.055 10.000 73610.000
2.372 8.166 3.931 13.000 73623.000
2.355 8.116 3.835 7.000 73630.000
2.324 8.022 3.691 9.000 73639.000
2.260 7.977 3.572 11.000 73650.000
2.281 7.872 3.445 10.000 73660.000
2.303 7.766 3.318 10.000 73670.000
2.363 7.656 3.153 9.000 73679.000
2.458 7.558 2.908 10.000 73689.000
2.518 7.522 2.743 11.000 73700.000
2.557 7.568 2.525 12.000 73712.000
2.499 7.723 2.461 7.000 73719.000
2.406 7.867 2.475 10.000 73729.000
2.298 7.946 2.513 10.000 73739.000
2.212 7.943 2.604 10.000 73749.000
2.217 7.864 2.628 10.000 73759.000
2.212 7.797 2.504 10.000 73769.000
2.221 7.795 2.355 10.000 73779.000
2.212 7.836 2.183 10.000 73789.000
2.181 7.891 2.023 13.000 73802.000
2.159 7.934 2.011 7.000 73809.000
2.205 7.891 2.032 10.000 73819.000
2.269 7.805 2.078 10.000 73829.000
2.310 7.592 2.159 10.000 73839.000
2.408 7.295 2.360 10.000 73849.000
2.439 7.084 2.528 11.000 73860.000
2.470 6.801 2.806 9.000 73869.000
2.528 6.646 3.035 10.000 73879.000
2.466 6.610 3.217 10.000 73889.000
2.449 6.576 3.383 11.000 73900.000
2.432 6.615 3.438 9.000 73909.000
2.499 6.517 3.521 11.000 73920.000
2.628 6.382 3.533 9.000 73929.000
2.647 6.095 3.646 10.000 73939.000
2.576 5.722 3.892 11.000 73950.000
2.420 5.485 4.110 10.000 73960.000
2.173 5.152 4.388 9.000 73969.000
1.927 4.821 4.572 10.000 73979.000
1.771 4.577 4.623 10.000 73989.000
1.630 4.278 4.850 11.000 74000.000
1.580 4.074 5.018 9.000 74009.000
1.513 3.986 5.336 10.000 74019.000
1.484 3.852 5.707 11.000 74030.000
1.441 3.773 5.901 9.000 74039.000
1.446 3.672 6.217 11.000 74050.000
1.532 3.605 6.392 10.000 74060.000
1.599 3.586 6.337 9.000 74069.000
1.640 3.624 6.251 10.000 74079.000
1.632 3.684 6.042 10.000 74089.000
1.623 3.691 5.987 11.000 74100.000
1.611 3.663 6.291 9.000 74109.000
1.625 3.576 6.627 11.000 74120.000
1.446 3.363 7.139 9.000 74129.000
1.268 3.203 7.498 10.000 74139.000
0.864 2.966 7.781 11.000 74150.000
0.423 2.631 7.893 9.000 74159.000
0.177 2.422 7.829 10.000 74169.000
-0.100 2.102 7.656 10.000 74179.000
-0.167 1.891 7.378 10.000 74189.000
-0.213 1.728 7.007 11.000 74200.000
-0.107 1.525 6.562 9.000 74209.000
0.028 1.434 6.224 10.000 74219.000
-0.016 1.213 6.136 11.000 74230.000
-0.047 1.043 6.311 10.000 74240.000
-0.392 0.984 6.658 10.000 74250.000
-0.811 0.924 7.331 10.000 74260.000
-1.048 0.993 7.754 9.000 74269.000
-1.345 0.952 8.396 10.000 74279.000
-1.455 0.725 9.028 10.000 74289.000
-1.491 0.497 9.334 11.000 74300.000
-1.364 0.390 9.746 9.000 74309.000
-1.177 0.392 9.940 10.000 74319.000
-1.003 0.627 9.955 10.000 74329.000
-1.010 0.883 10.072 10.000 74339.000
-1.180 1.019 10.084 11.000 74350.000
-1.577 1.233 10.089 9.000 74359.000
-1.987 1.331 10.184 10.000 74369.000
-2.331 1.374 10.326 11.000 74380.000
-2.913 1.470 10.352 9.000 74389.000
-3.268 1.489 10.386 11.000 74400.000
-3.581 1.635 10.251 9.000 74409.000
-3.730 1.582 9.840 10.000 74419.000
-3.641 1.477 9.543 10.000 74429.000
-3.581 1.539 9.248 11.000 74440.000
-3.562 1.474 9.121 10.000 74450.000
-3.732 1.812 9.126 10.000 74460.000
-4.019 2.181 9.176 9.000 74469.000
-4.278 2.382 9.224 10.000 74479.000
-4.580 2.583 9.327 10.000 74489.000
-4.740 2.614 9.428 11.000 74500.000
-4.795 2.444 9.370 9.000 74509.000
-4.735 2.219 9.327 10.000 74519.000
-4.632 1.994 9.229 10.000 74529.000
-4.577 1.826 9.136 10.000 74539.000
-4.601 1.939 9.088 11.000 74550.000
-4.740 2.106 9.026 9.000 74559.000
-4.867 2.236 8.987 11.000 74570.000
-4.946 2.308 8.944 9.000 74579.000
-5.030 2.111 8.913 10.000 74589.000
-5.097 1.889 8.901 11.000 74600.000
-5.176 1.704 8.865 9.000 74609.000
-5.252 1.666 8.801 10.000 74619.000
-5.233 1.786 8.791 10.000 74629.000
-5.260 1.960 8.760 10.000 74639.000
-5.178 2.166 8.729 11.000 74650.000
-5.099 2.226 8.726 10.000 74660.000
-5.142 2.207 8.803 9.000 74669.000
-5.202 2.104 8.906 10.000 74679.000
-5.370 1.970 9.009 10.000 74689.000
-5.485 1.944 9.006 11.000 74700.000
-5.477 1.996 8.925 9.000 74709.000
-5.401 2.219 8.736 11.000 74720.000
-5.324 2.437 8.482 9.000 74729.000
-5.300 2.547 8.334 10.000 74739.000
-5.298 2.667 8.224 11.000 74750.000
-5.319 2.671 8.197 9.000 74759.000
-5.348 2.250 8.358 10.000 74769.000
-5.425 2.039 8.511 10.000 74779.000
-5.480 1.819 8.626 10.000 74789.000
-5.595 1.659 8.741 11.000 74800.000
-5.726 1.860 8.822 9.000 74809.000
-5.810 1.850 8.911 10.000 74819.000
-5.844 1.915 9.002 10.000 74829.000
-5.817 1.920 9.093 10.000 74839.000
-5.686 1.795 9.088 11.000 74850.000
-5.549 1.570 9.129 10.000 74860.000
-5.463 1.271 9.167 9.000 74869.000
-5.420 0.816 9.174 11.000 74880.000
-5.458 0.560 9.188 9.000 74889.000
-5.552 0.234 9.198 11.000 74900.000
-5.667 -0.014 9.325 9.000 74909.000
-5.738 -0.107 9.483 11.000 74920.000
-5.928 -0.174 9.797 9.000 74929.000
-6.229 -0.110 10.149 10.000 74939.000
-6.509 -0.122 10.383 11.000 74950.000
-6.864 -0.272 10.625 11.000 74961.000
-7.101 -0.450 10.711 8.000 74969.000
-7.230 -0.577 10.699 10.000 74979.000
-7.417 -0.608 10.702 10.000 74989.000
-7.529 -0.500 10.697 11.000 75000.000
-7.599 -0.347 10.831 9.000 75009.000
-7.613 -0.205 10.984 10.000 75019.000
-7.429 -0.193 11.336 10.000 75029.000
-7.149 -0.083 11.719 10.000 75039.000
-6.912 -0.019 11.963 11.000 75050.000
-6.603 0.045 11.968 10.000 75060.000
-6.177 0.311 11.549 9.000 75069.000
-5.846 0.478 11.099 14.000 75083.000
-5.535 0.871 10.589 6.000 75089.000
-5.295 1.264 10.319 11.000 75100.000
-5.535 1.757 10.386 9.000 75109.000
-5.743 2.492 10.721 11.000 75120.000
-5.932 3.002 11.116 9.000 75129.000
-6.229 3.663 11.767 10.000 75139.000
-6.306 4.055 12.291 11.000 75150.000
-6.837 4.031 12.595 9.000 75159.000
-7.371 4.374 12.619 11.000 75170.000
-7.797 4.565 12.387 9.000 75179.000
-8.370 4.939 12.014 14.000 75193.000
-8.470 5.564 11.451 7.000 75200.000
-8.568 5.822 11.168 9.000 75209.000
-8.269 6.098 10.706 10.000 75219.000
-7.824 6.191 10.386 12.000 75231.000
-7.369 6.205 10.196 9.000 75240.000
-6.900 6.234 9.974 10.000 75250.000
-6.828 6.246 9.931 10.000 75260.000
-6.162 6.040 9.921 9.000 75269.000
-5.082 5.499 9.821 14.000 75283.000
-4.017 4.944 9.753 6.000 75289.000
-2.588 4.733 9.627 11.000 75300.000
-1.752 4.740 9.466 9.000 75309.000
-1.575 5.181 9.248 11.000 75320.000
-1.398 5.621 9.030 10.000 75330.000
-1.233 5.659 8.880 10.000 75340.000
-0.715 5.762 8.525 10.000 75350.000
-0.011 5.770 8.329 9.000 75359.000
1.106 5.923 8.111 11.000 75370.000
2.106 6.239 7.613 9.000 75379.000
2.755 6.490 7.319 10.000 75389.000
3.462 6.931 6.871 11.000 75400.000
3.754 7.225 6.445 9.000 75409.000
3.725 7.388 6.133 10.000 75419.000
3.730 7.232 5.693 11.000 75430.000
3.677 6.888 5.406 9.000 75439.000
3.691 7.515 4.862 11.000 75450.000
3.792 8.169 4.477 10.000 75460.000
3.593 8.908 4.314 9.000 75469.000
3.354 9.411 4.046 10.000 75479.000
3.047 8.942 4.034 10.000 75489.000
2.762 8.286 3.955 11.000 75500.000
2.717 7.934 3.564 9.000 75509.000
2.712 7.819 3.280 11.000 75520.000
2.750 7.788 2.825 9.000 75529.000
2.767 7.943 2.437 10.000 75539.000
2.782 7.994 2.269 11.000 75550.000
2.734 7.965 2.003 9.000 75559.000
2.643 7.852 1.908 10.000 75569.000
2.595 7.673 1.731 10.000 75579.000
2.576 7.527 1.551 10.000 75589.000
2.679 7.493 1.142 11.000 75600.000
2.841 7.436 0.440 11.000 75611.000
2.961 7.445 -0.179 8.000 75619.000
3.009 7.230 -0.639 11.000 75630.000
2.528 6.222 0.550 9.000 75639.000
1.987 5.238 2.032 11.000 75650.000
1.412 4.630 2.173 10.000 75660.000
0.909 4.247 2.154 9.000 75669.000
1.470 4.450 0.557 10.000 75679.000
1.841 4.953 -0.857 10.000 75689.000
2.245 5.080 -0.931 11.000 75700.000
2.322 5.434 -0.902 9.000 75709.000
1.805 5.961 -0.617 10.000 75719.000
1.549 6.215 -0.629 10.000 75729.000
1.467 6.253 -0.605 11.000 75740.000
1.714 6.064 -0.684 10.000 75750.000
2.147 5.872 -0.893 9.000 75759.000
2.585 5.734 -0.984 10.000 75769.000
2.849 5.810 -1.110 10.000 75779.000
3.232 5.904 -1.046 10.000 75789.000
3.428 5.999 -0.852 11.000 75800.000
3.562 5.992 -0.464 9.000 75809.000
3.806 6.112 0.059 10.000 75819.000
3.931 6.215 0.392 10.000 75829.000
4.192 6.387 0.981 10.000 75839.000
4.438 6.584 1.374 11.000 75850.000
4.668 6.572 1.515 10.000 75860.000
5.068 6.452 1.668 9.000 75869.000
5.331 6.263 1.565 10.000 75879.000
5.456 6.023 1.742 10.000 75889.000
5.489 5.925 2.085 11.000 75900.000
5.353 5.935 2.415 10.000 75910.000
5.178 5.975 2.825 9.000 75919.000
5.142 6.066 2.954 10.000 75929.000
5.068 6.028 3.083 10.000 75939.000
4.939 5.954 3.138 11.000 75950.000
4.848 5.849 3.114 9.000 75959.000
4.685 5.616 3.177 10.000 75969.000
4.558 5.453 3.189 10.000 75979.000
4.393 5.195 3.272 10.000 75989.000
4.175 4.848 3.394 11.000 76000.000
4.029 4.627 3.430 9.000 76009.000
3.706 4.316 3.655 10.000 76019.000
3.390 4.074 4.079 10.000 76029.000
3.126 3.921 4.465 11.000 76040.000
2.650 3.742 5.181 10.000 76050.000
2.351 3.653 5.707 10.000 76060.000
2.042 3.612 6.246 9.000 76069.000
1.719 3.576 6.907 10.000 76079.000
1.608 3.567 7.237 10.000 76089.000
1.443 3.505 7.577 11.000 76100.000
1.374 3.457 7.709 9.000 76109.000
1.333 3.251 7.740 11.000 76120.000
1.244 3.100 7.821 9.000 76129.000
1.211 3.002 7.893 10.000 76139.000
1.127 3.009 7.929 11.000 76150.000
1.029 3.169 7.943 10.000 76160.000
0.847 3.201 7.967 9.000 76169.000
0.541 3.177 8.106 12.000 76181.000
0.284 3.047 8.281 9.000 76190.000
-0.165 2.834 8.506 10.000 76200.000
-0.617 2.604 8.602 9.000 76209.000
-0.945 2.430 8.583 11.000 76220.000
-1.297 2.130 8.585 9.000 76229.000
-1.455 1.915 8.537 11.000 76240.000
-1.568 1.898 8.549 10.000 76250.000
-1.757 1.778 8.485 10.000 76260.000
-1.922 1.783 8.398 9.000 76269.000
-2.114 1.757 8.372 10.000 76279.000
-2.217 1.623 8.355 10.000 76289.000
-2.233 1.783 8.406 10.000 76299.000
-2.394 1.805 8.530 10.000 76309.000
-2.528 1.857 8.595 11.000 76320.000
-2.724 1.762 8.829 9.000 76329.000
-3.088 1.472 9.160 10.000 76339.000
-3.308 1.321 9.416 10.000 76349.000
-3.569 1.201 9.706 10.000 76359.000
-3.768 1.230 9.825 10.000 76369.000
-3.816 1.233 9.837 10.000 76379.000
-3.981 1.154 9.854 10.000 76389.000
-4.106 1.043 9.837 11.000 76400.000
-4.285 0.814 9.890 9.000 76409.000
-4.458 0.612 9.964 10.000 76419.000
-4.604 0.612 10.072 10.000 76429.000
-4.881 0.665 10.151 10.000 76439.000
-5.104 0.837 10.160 11.000 76450.000
-5.336 1.103 10.225 11.000 76461.000
-5.595 1.228 10.189 9.000 76470.000
-5.722 1.300 10.182 10.000 76480.000
-5.896 1.395 10.182 10.000 76490.000
-6.062 1.398 10.127 10.000 76500.000
-6.165 1.505 10.101 10.000 76510.000
-6.234 1.532 10.156 10.000 76520.000
-6.256 1.534 10.204 10.000 76530.000
-6.313 1.549 10.271 10.000 76540.000
-6.315 1.479 10.371 10.000 76550.000
-6.545 1.472 10.335 10.000 76560.000
-6.773 1.460 10.216 10.000 76570.000
-6.964 1.436 10.077 10.000 76580.000
-7.223 1.443 9.785 10.000 76590.000
-7.347 1.383 9.459 10.000 76600.000
-7.474 1.328 9.217 10.000 76610.000
-7.611 1.108 8.851 10.000 76620.000
-7.680 0.857 8.638 10.000 76630.000
-7.587 0.718 8.441 10.000 76640.000
-7.417 0.644 8.317 10.000 76650.000
-7.237 0.735 8.317 10.000 76660.000
-6.924 0.699 8.200 10.000 76670.000
-6.713 0.636 8.154 10.000 76680.000
-6.634 0.275 8.006 10.000 76690.000
-6.631 -0.284 7.869 10.000 76700.000
-6.763 -0.718 7.850 10.000 76710.000
-6.871 -1.185 7.718 10.000 76720.000
-6.907 -1.589 7.582 10.000 76730.000
-6.866 -1.795 7.433 10.000 76740.000
-6.866 -2.011 7.354 10.000 76750.000
-6.890 -2.193 7.388 10.000 76760.000
-6.856 -2.217 7.412 10.000 76770.000
-6.734 -2.370 7.374 10.000 76780.000
-6.572 -2.513 7.266 10.000 76790.000
-6.313 -2.492 7.094 10.000 76800.000
-6.129 -2.456 6.967 10.000 76810.000
-6.040 -2.401 6.873 10.000 76820.000
-6.064 -2.523 6.940 10.000 76830.000
-6.184 -2.810 7.072 10.000 76840.000
-6.615 -3.296 7.366 10.000 76850.000
-7.173 -3.718 7.790 10.000 76860.000
-7.618 -3.962 8.054 10.000 76870.000
-8.228 -4.278 8.267 10.000 76880.000
-8.528 -4.395 8.317 10.000 76890.000
-8.798 -4.577 8.113 10.000 76900.000
-9.294 -4.762 7.905 10.000 76910.000
-9.624 -4.874 7.747 10.000 76920.000
-10.326 -4.814 7.716 10.000 76930.000
-10.922 -4.644 7.838 10.000 76940.000
-11.645 -4.259 8.382 10.000 76950.000
-12.370 -3.584 9.239 14.000 76964.000
-12.725 -3.081 9.969 10.000 76974.000
-12.737 -2.432 10.761 5.000 76979.000
-12.380 -2.006 10.699 11.000 76990.000
-12.021 -1.869 10.323 14.000 77004.000
-11.540 -1.549 9.821 10.000 77014.000
-11.401 -1.374 9.255 6.000 77020.000
-11.087 -0.720 9.016 10.000 77030.000
-10.764 -0.093 8.834 13.000 77043.000
-10.563 0.349 8.779 7.000 77050.000
-9.773 0.656 8.540 10.000 77060.000
-9.174 0.493 8.413 10.000 77070.000
-8.494 0.512 7.994 13.000 77083.000
-7.939 0.950 7.350 6.000 77089.000
-7.972 1.525 6.890 11.000 77100.000
-8.305 2.363 6.785 10.000 77110.000
-8.865 2.868 7.005 10.000 77120.000
-9.301 2.954 7.450 13.000 77133.000
-9.701 2.865 7.582 7.000 77140.000
-9.801 2.513 7.359 10.000 77150.000
-10.108 2.753 6.780 10.000 77160.000
-10.718 3.454 6.519 13.000 77173.000
-11.365 4.331 6.572 7.000 77180.000
-12.121 5.178 6.806 9.000 77189.000
-12.536 5.612 7.307 11.000 77200.000
-12.540 4.982 7.472 9.000 77209.000
-11.568 5.073 7.740 11.000 77220.000
-10.486 5.193 7.826 10.000 77230.000
-9.265 5.805 8.377 9.000 77239.000
-8.149 7.019 8.944 11.000 77250.000
-8.319 6.495 9.390 10.000 77260.000
-8.092 6.291 9.382 10.000 77270.000
-8.003 5.595 8.911 9.000 77279.000
-7.405 5.204 8.281 10.000 77289.000
-6.138 5.918 7.513 11.000 77300.000
-5.269 6.311 7.196 13.000 77313.000
-4.323 6.849 6.701 7.000 77320.000
-3.888 7.082 6.363 9.000 77329.000
-3.608 7.292 5.968 10.000 77339.000
-3.141 7.508 5.592 11.000 77350.000
-2.750 7.577 5.396 9.000 77359.000
-2.164 7.678 5.240 11.000 77370.000
-1.781 7.714 5.300 9.000 77379.000
-1.589 7.975 5.243 10.000 77389.000
-1.218 8.334 4.999 11.000 77400.000
-1.043 8.662 4.714 9.000 77409.000
-0.608 8.961 4.213 11.000 77420.000
-0.081 8.911 3.679 10.000 77430.000
0.265 8.762 3.332 10.000 77440.000
0.615 8.564 2.815 14.000 77454.000
0.703 8.394 2.513 6.000 77460.000
0.833 8.398 2.248 10.000 77470.000
1.031 8.544 1.924 10.000 77480.000
1.228 8.741 1.771 10.000 77490.000
1.549 8.920 1.553 10.000 77500.000
1.742 9.045 1.431 9.000 77509.000
1.881 8.746 1.371 11.000 77520.000
2.085 8.353 1.249 11.000 77531.000
2.164 7.977 1.192 9.000 77540.000
2.324 7.716 1.060 10.000 77550.000
2.398 7.620 1.113 9.000 77559.000
2.408 7.618 1.228 11.000 77570.000
2.343 7.527 1.371 9.000 77579.000
2.197 7.321 1.589 14.000 77593.000
2.094 7.481 1.486 7.000 77600.000
2.011 7.584 1.290 10.000 77610.000
2.001 7.776 1.065 10.000 77620.000
1.905 7.912 0.543 12.000 77632.000
1.833 7.860 -0.102 10.000 77642.000
1.742 7.864 -0.656 8.000 77650.000
1.635 7.805 -1.218 10.000 77660.000
1.613 7.800 -1.484 10.000 77670.000
1.649 7.651 -1.484 9.000 77679.000
1.668 7.443 -1.302 10.000 77689.000
1.704 7.299 -1.110 11.000 77700.000
1.731 7.187 -0.548 9.000 77709.000
1.704 7.158 0.004 11.000 77720.000
1.786 7.271 0.677 10.000 77730.000
1.577 7.134 1.297 9.000 77739.000
1.379 6.967 1.546 11.000 77750.000
1.405 6.629 1.903 10.000 77760.000
1.340 6.210 1.958 10.000 77770.000
1.592 5.865 1.635 9.000 77779.000
2.078 5.363 0.964 11.000 77790.000
2.339 5.030 0.186 10.000 77800.000
2.875 4.505 -0.749 9.000 77809.000
3.603 4.031 -1.175 11.000 77820.000
4.096 3.715 -1.254 10.000 77830.000
4.922 3.335 -1.039 9.000 77839.000
5.473 3.145 -0.665 11.000 77850.000
6.052 3.076 -0.129 10.000 77860.000
6.684 2.798 0.538 10.000 77870.000
6.983 2.585 0.912 9.000 77879.000
7.412 2.092 1.331 10.000 77889.000
7.594 1.604 1.508 11.000 77900.000
8.101 1.276 1.659 10.000 77910.000
8.482 0.780 1.687 10.000 77920.000
8.734 0.565 1.671 9.000 77929.000
8.777 0.404 1.721 11.000 77940.000
8.489 0.447 2.303 10.000 77950.000
8.329 0.658 3.007 9.000 77959.000
7.876 0.687 3.744 11.000 77970.000
7.632 0.660 4.414 9.000 77979.000
7.364 0.347 4.474 10.000 77989.000
7.098 -0.045 4.627 11.000 78000.000
7.125 -0.256 4.747 9.000 78009.000
7.024 -0.579 5.011 10.000 78019.000
6.900 -0.770 5.248 12.000 78031.000
6.557 -0.969 5.324 8.000 78039.000
6.179 -1.151 5.616 11.000 78050.000
5.928 -1.221 5.765 10.000 78060.000
5.475 -1.228 6.086 9.000 78069.000
4.805 -0.981 6.727 10.000 78079.000
4.170 -0.751 7.153 10.000 78089.000
3.318 -0.292 8.200 11.000 78100.000
2.667 0.105 9.074 9.000 78109.000
2.415 0.624 10.141 11.000 78120.000
2.118 1.414 11.243 10.000 78130.000
2.039 1.975 11.724 9.000 78139.000
2.348 2.681 11.305 11.000 78150.000
2.691 3.098 10.438 9.000 78159.000
2.928 2.815 9.528 11.000 78170.000
2.906 1.903 9.198 9.000 78179.000
2.497 0.845 9.768 10.000 78189.000
2.370 0.306 10.273 11.000 78200.000
2.394 0.196 10.788 9.000 78209.000
2.755 1.158 10.510 11.000 78220.000
2.940 1.400 10.486 10.000 78230.000
2.841 1.122 10.527 9.000 78239.000
1.580 0.397 12.567 11.000 78250.000
-1.000 -1.029 12.971 10.000 78260.000
-3.404 -1.735 13.122 9.000 78269.000
-4.041 -2.121 12.832 14.000 78283.000
-3.514 -2.059 10.544 6.000 78289.000
-1.517 -0.253 10.067 11.000 78300.000
-0.481 1.582 9.533 10.000 78310.000
-1.211 3.098 9.440 10.000 78320.000
-1.436 4.941 9.698 9.000 78329.000
-1.891 5.300 9.993 11.000 78340.000
-1.127 5.054 9.634 10.000 78350.000
0.416 4.618 10.062 9.000 78359.000
1.455 3.854 10.139 10.000 78369.000
3.258 3.933 10.048 15.000 78384.000
4.477 5.370 9.871 5.000 78389.000
4.915 6.995 8.906 11.000 78400.000
4.795 8.135 8.022 9.000 78409.000
3.912 8.432 7.307 10.000 78419.000
2.999 7.352 7.829 11.000 78430.000
1.616 6.325 8.372 9.000 78439.000
0.790 5.784 8.834 11.000 78450.000
0.134 5.501 9.193 10.000 78460.000
-0.167 5.813 9.112 9.000 78469.000
0.172 6.028 8.700 10.000 78479.000
0.648 6.004 8.137 10.000 78489.000
0.955 5.722 7.678 11.000 78500.000
1.288 5.365 7.364 9.000 78509.000
1.407 5.178 7.280 11.000 78520.000
1.391 5.231 7.347 9.000 78529.000
1.479 5.200 7.390 10.000 78539.000
1.541 5.243 7.287 11.000 78550.000
1.704 4.991 7.070 9.000 78559.000
2.027 4.903 6.816 11.000 78570.000
2.245 4.898 6.586 9.000 78579.000
2.456 4.814 6.564 10.000 78589.000
2.609 4.898 6.737 11.000 78600.000
2.602 4.853 7.058 9.000 78609.000
2.762 4.948 7.304 11.000 78620.000
2.930 5.123 7.343 10.000 78630.000
3.076 5.372 7.376 9.000 78639.000
3.114 5.528 7.453 11.000 78650.000
2.985 5.542 7.603 10.000 78660.000
2.817 5.698 7.747 9.000 78669.000
2.671 5.779 7.896 11.000 78680.000
2.652 6.014 7.876 9.000 78689.000
2.729 6.126 7.862 11.000 78700.000
2.844 6.098 7.855 10.000 78710.000
2.973 6.016 7.740 9.000 78719.000
3.083 5.841 7.637 10.000 78729.000
3.040 5.753 7.474 10.000 78739.000
3.033 5.623 7.259 10.000 78749.000
3.011 5.547 7.151 10.000 78759.000
2.975 5.415 7.096 10.000 78769.000
3.023 5.468 7.168 10.000 78779.000
3.035 5.561 7.292 10.000 78789.000
3.028 5.731 7.376 10.000 78799.000
3.035 5.956 7.407 10.000 78809.000
2.975 5.999 7.340 10.000 78819.000
2.918 6.124 7.395 10.000 78829.000
2.880 6.172 7.491 10.000 78839.000
2.925 6.191 7.587 10.000 78849.000
3.011 6.244 7.709 11.000 78860.000
3.114 6.136 7.582 9.000 78869.000
3.215 5.851 7.376 10.000 78879.000
3.232 5.595 7.170 10.000 78889.000
3.217 5.355 7.094 10.000 78899.000
3.315 5.286 7.149 10.000 78909.000
3.416 5.394 7.283 10.000 78919.000
3.545 5.272 7.230 10.000 78929.000
3.706 5.133 7.048 11.000 78940.000
3.608 4.781 6.878 10.000 78950.000
3.524 4.510 6.878 9.000 78959.000
3.411 4.469 7.065 10.000 78969.000
3.378 4.323 7.235 10.000 78979.000
3.471 4.299 7.388 10.000 78989.000
3.651 4.232 7.345 11.000 79000.000
3.785 4.268 7.316 10.000 79010.000
3.840 4.410 7.304 10.000 79020.000
3.646 4.546 7.304 9.000 79029.000
3.246 4.508 7.388 10.000 79039.000
2.892 4.367 7.457 11.000 79050.000
2.504 3.995 7.805 10.000 79060.000
2.365 3.629 8.140 10.000 79070.000
2.310 3.411 8.688 9.000 79079.000
2.339 3.344 9.315 11.000 79090.000
2.401 3.507 9.665 10.000 79100.000
2.346 3.914 10.177 9.000 79109.000
2.312 4.309 10.419 11.000 79120.000
2.166 4.757 10.958 9.000 79129.000
2.398 5.176 11.317 11.000 79140.000
2.748 5.351 11.513 10.000 79150.000
3.574 5.511 11.405 9.000 79159.000
4.429 5.468 10.922 10.000 79169.000
5.331 5.451 10.381 10.000 79179.000
6.162 5.631 9.397 10.000 79189.000
6.517 5.825 8.717 11.000 79200.000
6.734 6.232 7.740 9.000 79209.000
6.445 6.538 5.458 10.000 79219.000
6.227 6.648 3.620 10.000 79229.000
5.968 6.847 1.841 10.000 79239.000
5.846 6.833 0.359 11.000 79250.000
5.559 7.192 1.048 10.000 79260.000
5.511 7.594 2.252 9.000 79269.000
5.504 7.908 3.397 10.000 79279.000
5.724 8.073 4.893 10.000 79289.000
6.191 7.967 5.760 11.000 79300.000
6.627 7.639 5.614 9.000 79309.000
6.842 6.813 4.060 10.000 79319.000
6.830 6.136 2.154 10.000 79329.000
7.584 5.343 -0.344 11.000 79340.000
8.157 4.809 -2.001 10.000 79350.000
8.949 4.774 -2.250 9.000 79359.000
9.081 4.855 -1.891 10.000 79369.000
8.446 5.051 -0.938 10.000 79379.000
7.493 5.465 0.457 10.000 79389.000
6.387 6.062 2.401 11.000 79400.000
5.942 6.540 3.737 9.000 79409.000
5.564 6.912 4.625 10.000 79419.000
5.477 6.986 4.726 10.000 79429.000
5.363 6.485 3.301 10.000 79439.000
5.216 5.482 1.704 11.000 79450.000
5.003 4.587 0.555 10.000 79460.000
4.915 3.385 0.043 9.000 79469.000
4.283 2.372 1.278 10.000 79479.000
3.682 1.862 2.686 10.000 79489.000
2.609 1.015 5.391 11.000 79500.000
1.412 0.474 7.460 9.000 79509.000
1.788 0.059 7.230 10.000 79519.000
2.370 -0.146 5.444 10.000 79529.000
3.423 -0.014 2.360 10.000 79539.000
4.055 0.500 -0.138 10.000 79549.000
3.840 1.091 -1.110 10.000 79559.000
3.904 1.675 1.192 10.000 79569.000
4.965 2.999 2.796 10.000 79579.000
6.447 3.940 3.816 10.000 79589.000
8.978 6.047 3.746 10.000 79599.000
10.845 7.419 3.143 10.000 79609.000
11.717 8.051 3.239 10.000 79619.000
11.654 7.900 1.972 10.000 79629.000
10.544 6.584 1.795 10.000 79639.000
9.299 5.695 1.137 10.000 79649.000
7.838 5.130 1.046 11.000 79660.000
7.311 5.348 2.317 9.000 79669.000
6.811 5.638 3.667 10.000 79679.000
6.622 6.033 4.314 10.000 79689.000
6.842 6.021 4.321 10.000 79699.000
7.311 5.959 3.845 10.000 79709.000
7.754 5.825 3.289 10.000 79719.000
8.236 5.760 2.609 10.000 79729.000
8.394 5.588 2.099 10.000 79739.000
8.303 5.465 2.073 11.000 79750.000
7.972 5.540 2.195 11.000 79761.000
7.603 5.544 2.442 8.000 79769.000
7.105 5.846 2.499 10.000 79779.000
6.605 6.052 2.602 10.000 79789.000
6.344 6.062 2.557 11.000 79800.000
6.277 6.047 2.243 9.000 79809.000
6.469 5.928 2.020 10.000 79819.000
6.782 5.712 1.762 10.000 79829.000
7.161 5.537 1.515 10.000 79839.000
7.345 5.386 1.537 10.000 79849.000
7.247 5.027 1.551 11.000 79860.000
7.690 4.955 1.642 9.000 79869.000
8.068 4.843 1.721 10.000 79879.000
7.869 5.355 1.860 10.000 79889.000
7.953 6.076 2.006 10.000 79899.000
7.026 6.473 2.518 11.000 79910.000
6.540 6.732 2.504 9.000 79919.000
6.631 6.366 2.430 10.000 79929.000
6.737 6.019 2.403 10.000 79939.000
7.192 5.899 1.924 10.000 79949.000
7.120 5.911 2.006 10.000 79959.000
7.134 5.951 2.166 10.000 79969.000
7.134 5.973 2.279 10.000 79979.000
7.072 5.980 2.329 10.000 79989.000
7.105 6.110 2.391 10.000 79999.000
7.053 6.210 2.375 10.000 80009.000
6.947 6.344 2.461 10.000 80019.000
6.904 6.493 2.609 10.000 80029.000
6.931 6.768 2.597 10.000 80039.000
6.885 6.890 2.547 11.000 80050.000
6.892 6.979 2.394 11.000 80061.000
6.816 6.979 2.181 8.000 80069.000
6.660 6.737 2.082 10.000 80079.000
6.576 6.631 1.972 10.000 80089.000
6.440 6.593 2.051 10.000 80099.000
6.387 6.643 2.190 10.000 80109.000
6.325 6.725 2.260 11.000 80120.000
6.263 6.823 2.379 9.000 80129.000
6.303 6.758 2.252 10.000 80139.000
6.330 6.665 2.128 10.000 80149.000
6.366 6.540 2.073 10.000 80159.000
6.378 6.428 2.094 10.000 80169.000
6.390 6.459 2.121 10.000 80179.000
6.416 6.519 2.145 11.000 80190.000
6.495 6.531 2.231 10.000 80200.000
6.598 6.531 2.240 9.000 80209.000
6.636 6.473 2.226 11.000 80220.000
6.646 6.406 2.205 10.000 80230.000
6.603 6.387 2.121 9.000 80239.000
6.540 6.363 2.094 11.000 80250.000
6.493 6.404 2.195 10.000 80260.000
6.473 6.454 2.303 11.000 80271.000
6.478 6.526 2.403 9.000 80280.000
6.502 6.603 2.446 10.000 80290.000
6.540 6.567 2.430 10.000 80300.000
6.533 6.528 2.367 10.000 80310.000
6.502 6.469 2.312 10.000 80320.000
6.495 6.409 2.262 10.000 80330.000
6.473 6.406 2.221 10.000 80340.000
6.461 6.423 2.279 10.000 80350.000
6.380 6.528 2.511 10.000 80360.000
6.275 6.634 2.738 10.000 80370.000
6.162 6.706 2.925 10.000 80380.000
6.086 6.761 3.059 10.000 80390.000
6.210 6.679 2.801 10.000 80400.000
6.461 6.584 2.444 10.000 80410.000
6.720 6.521 2.128 11.000 80421.000
6.866 6.385 1.850 8.000 80429.000
6.924 6.268 1.754 10.000 80439.000
6.854 6.165 1.757 10.000 80449.000
6.801 6.179 1.886 11.000 80460.000
6.861 6.268 1.977 9.000 80469.000
6.845 6.325 2.025 10.000 80479.000
6.828 6.313 2.027 10.000 80489.000
6.794 6.184 1.903 10.000 80499.000
6.734 6.078 1.742 10.000 80509.000
6.708 6.033 1.661 10.000 80519.000
6.598 6.177 1.680 10.000 80529.000
6.514 6.502 1.716 10.000 80539.000
6.457 6.804 1.788 10.000 80549.000
6.519 6.792 1.833 10.000 80559.000
6.615 6.722 1.893 10.000 80569.000
6.684 6.471 1.936 10.000 80579.000
6.643 6.289 2.207 10.000 80589.000
6.483 6.421 2.504 11.000 80600.000
6.373 6.505 2.703 9.000 80609.000
6.308 6.567 2.743 21.000 80630.000
6.361 6.560 2.583 9.000 80639.000
6.414 6.552 2.422 11.000 80650.000
6.481 6.545 2.312 10.000 80660.000
6.521 6.543 2.365 10.000 80670.000
6.555 6.540 2.391 10.000 80680.000
6.567 6.550 2.360 9.000 80689.000
6.560 6.548 2.339 11.000 80700.000
6.533 6.562 2.312 9.000 80709.000
6.471 6.576 2.267 10.000 80719.000
6.430 6.579 2.279 10.000 80729.000
6.385 6.596 2.231 10.000 80739.000
6.356 6.584 2.243 10.000 80749.000
6.363 6.572 2.274 11.000 80760.000
6.385 6.555 2.351 9.000 80769.000
6.416 6.521 2.456 10.000 80779.000
6.459 6.500 2.394 10.000 80789.000
6.447 6.502 2.336 10.000 80799.000
6.421 6.509 2.233 10.000 80809.000
6.375 6.509 2.128 10.000 80819.000
6.330 6.533 2.214 10.000 80829.000
6.339 6.533 2.296 10.000 80839.000
6.366 6.528 2.384 10.000 80849.000
6.411 6.531 2.475 10.000 80859.000
6.416 6.521 2.434 11.000 80870.000
6.430 6.476 2.319 10.000 80880.000
6.428 6.435 2.197 9.000 80889.000
6.426 6.447 2.202 11.000 80900.000
6.435 6.464 2.255 10.000 80910.000
6.440 6.533 2.353 10.000 80920.000
6.404 6.593 2.442 10.000 80930.000
6.368 6.600 2.403 10.000 80940.000
6.368 6.600 2.370 10.000 80950.000
6.385 6.550 2.284 10.000 80960.000
6.442 6.509 2.207 10.000 80970.000
6.519 6.490 2.200 10.000 80980.000
6.560 6.478 2.188 10.000 80990.000
6.540 6.524 2.322 10.000 81000.000
6.526 6.576 2.463 10.000 81010.000
6.493 6.607 2.535 10.000 81020.000
6.399 6.572 2.540 10.000 81030.000
6.344 6.512 2.480 10.000 81040.000
6.337 6.430 2.401 10.000 81050.000
6.397 6.342 2.329 10.000 81060.000
6.517 6.320 2.324 10.000 81070.000
6.586 6.263 2.308 10.000 81080.000
6.598 6.265 2.300 10.000 81090.000
6.543 6.275 2.286 10.000 81100.000
6.512 6.217 2.157 10.000 81110.000
6.531 6.196 2.039 10.000 81120.000
6.557 6.397 2.185 10.000 81130.000
6.438 6.471 2.422 10.000 81140.000
6.294 6.612 2.774 10.000 81150.000
6.291 6.727 2.920 10.000 81160.000
6.287 6.574 2.806 10.000 81170.000
6.397 6.473 2.583 10.000 81180.000
6.488 6.416 2.382 10.000 81190.000
6.438 6.385 2.387 10.000 81200.000
6.368 6.519 2.499 10.000 81210.000
6.330 6.727 2.628 10.000 81220.000
6.215 6.880 2.782 10.000 81230.000
6.124 6.964 2.861 10.000 81240.000
6.052 6.883 2.832 10.000 81250.000
6.035 6.825 2.736 10.000 81260.000
6.081 6.806 2.662 9.000 81269.000
6.102 6.856 2.662 10.000 81279.000
6.169 6.852 2.585 10.000 81289.000
6.181 6.823 2.576 11.000 81300.000
6.260 6.730 2.454 9.000 81309.000
6.306 6.619 2.375 10.000 81319.000
6.306 6.564 2.372 10.000 81329.000
6.275 6.567 2.401 10.000 81339.000
6.210 6.607 2.475 11.000 81350.000
6.186 6.651 2.485 9.000 81359.000
6.205 6.677 2.487 10.000 81369.000
6.256 6.646 2.458 10.000 81379.000
6.308 6.579 2.391 10.000 81389.000
6.330 6.514 2.363 11.000 81400.000
6.308 6.466 2.341 9.000 81409.000
6.268 6.459 2.351 11.000 81420.000
6.224 6.488 2.398 9.000 81429.000
6.224 6.528 2.468 10.000 81439.000
6.251 6.548 2.504 11.000 81450.000
6.296 6.526 2.509 10.000 81460.000
6.337 6.512 2.485 10.000 81470.000
6.358 6.497 2.422 10.000 81480.000
6.342 6.476 2.406 10.000 81490.000
6.351 6.433 2.394 10.000 81500.000
6.366 6.382 2.410 10.000 81510.000
6.442 6.277 2.319 10.000 81520.000
6.497 6.232 2.391 10.000 81530.000
6.526 6.208 2.458 10.000 81540.000
6.457 6.224 2.418 10.000 81550.000
6.325 6.296 2.485 10.000 81560.000
6.253 6.478 2.616 11.000 81571.000
6.138 6.636 2.636 8.000 81579.000
6.121 6.754 2.762 10.000 81589.000
6.148 6.823 2.940 11.000 81600.000
6.148 6.751 2.877 9.000 81609.000
6.279 6.866 2.908 10.000 81619.000
6.387 6.715 2.901 11.000 81630.000
6.452 6.612 2.844 9.000 81639.000
6.576 6.454 2.671 11.000 81650.000
6.605 6.193 2.339 10.000 81660.000
6.658 6.198 2.044 9.000 81669.000
6.600 6.224 2.013 10.000 81679.000
6.483 6.306 2.097 10.000 81689.000
6.473 6.560 2.454 11.000 81700.000
6.325 6.754 2.827 9.000 81709.000
6.287 6.926 2.937 11.000 81720.000
6.222 7.024 2.956 9.000 81729.000
6.057 6.890 2.882 10.000 81739.000
6.069 6.703 2.557 11.000 81750.000
6.208 6.517 2.147 9.000 81759.000
6.373 6.404 1.829 10.000 81769.000
6.916 6.105 1.278 10.000 81779.000
7.113 6.023 1.335 10.000 81789.000
7.182 5.942 1.477 11.000 81800.000
6.969 6.117 1.994 10.000 81810.000
6.378 6.478 2.743 10.000 81820.000
5.908 6.725 3.272 15.000 81835.000
5.755 6.854 3.452 5.000 81840.000
5.884 6.727 3.256 10.000 81850.000
6.193 6.619 2.916 10.000 81860.000
6.689 6.521 2.422 10.000 81870.000
6.710 6.483 2.401 9.000 81879.000
6.739 6.457 2.413 11.000 81890.000
6.588 6.411 2.568 10.000 81900.000
6.452 6.380 2.643 9.000 81909.000
6.454 6.404 2.604 11.000 81920.000
6.449 6.416 2.533 9.000 81929.000
6.416 6.447 2.422 11.000 81940.000
6.368 6.464 2.394 10.000 81950.000
6.339 6.471 2.410 10.000 81960.000
6.335 6.442 2.415 10.000 81970.000
6.358 6.394 2.458 10.000 81980.000
6.421 6.363 2.473 9.000 81989.000
6.483 6.344 2.432 11.000 82000.000
6.490 6.370 2.427 9.000 82009.000
6.461 6.402 2.468 10.000 82019.000
6.394 6.416 2.537 10.000 82029.000
6.368 6.447 2.614 10.000 82039.000
6.409 6.399 2.607 10.000 82049.000
6.485 6.347 2.554 11.000 82060.000
6.528 6.325 2.530 9.000 82069.000
6.531 6.287 2.499 10.000 82079.000
6.438 6.323 2.604 10.000 82089.000
6.411 6.397 2.640 10.000 82099.000
