# Accelerometer Data File
# 
#
#
# sensor Vendor: Bosch
# sensor Name: BMA254
# sensor Resolution: 0.009576807m/sec^2; Max Range: 39.2; Min Delay: 10000 microseconds
# The sensor's attributes are the result hardware and the Android capabilities.
# It means that the Android may not utilize all features provided by the hardware.
#
# Some devices and Android versions save battery too much so the device may go to sleep.
# It just happens after couple of minutes from turning off the scree and it is easy to find it out.
#
# The following file provides the data from accelerometer in the m/s^2 format.
# The diff value is just a time delta between the samples
#
#
# data format:
# so we have 4 columns with values separated by the " "
# X Y Z time_from_previous_sample(ms)

# sensor speed set to:FASTEST
# units set to: m/sec^2
# gravity NOT filtered out
# Accuracy: HIGH
6.646 -2.212 4.587 10.000 62550.000
6.517 -2.214 4.218 10.000 62560.000
5.918 -2.200 3.864 10.000 62570.000
5.415 -2.243 3.557 10.000 62580.000
4.036 -2.308 5.312 10.000 62590.000
2.786 -1.505 8.911 10.000 62600.000
2.006 -0.720 12.495 10.000 62610.000
-0.332 0.486 13.086 10.000 62620.000
-1.795 1.714 11.616 10.000 62630.000
-3.617 1.417 9.950 10.000 62640.000
-5.087 0.335 8.109 10.000 62650.000
-4.999 -1.168 9.260 10.000 62660.000
-4.465 -2.343 9.504 10.000 62670.000
-3.667 -2.801 8.422 10.000 62680.000
-2.384 -2.240 7.785 10.000 62690.000
-1.034 -1.491 7.560 10.000 62700.000
-0.129 -1.070 8.243 10.000 62710.000
0.337 -0.761 9.279 10.000 62720.000
-0.033 -0.684 10.046 10.000 62730.000
-0.244 -0.885 10.508 10.000 62740.000
-0.395 -0.802 11.152 10.000 62750.000
-0.107 -0.605 11.441 10.000 62760.000
-0.270 -0.146 11.812 10.000 62770.000
-0.720 0.620 11.482 10.000 62780.000
-1.230 1.101 10.970 10.000 62790.000
-1.302 1.125 10.529 10.000 62800.000
-0.924 0.885 10.007 10.000 62810.000
-1.012 0.241 9.662 10.000 62820.000
-2.063 -1.067 10.477 10.000 62830.000
-3.552 -1.920 11.219 10.000 62840.000
-4.446 -0.881 10.850 10.000 62850.000
-4.812 0.344 10.898 10.000 62860.000
-3.603 1.891 9.911 10.000 62870.000
-1.963 2.674 8.664 10.000 62880.000
-0.919 1.565 8.528 10.000 62890.000
0.409 0.435 8.573 10.000 62900.000
1.197 -0.306 8.506 10.000 62910.000
1.553 -0.284 8.700 10.000 62920.000
1.517 -0.248 9.052 10.000 62930.000
1.197 -0.191 9.222 10.000 62940.000
0.555 -0.138 9.382 10.000 62950.000
-0.320 -0.124 9.473 10.000 62960.000
-0.804 -0.124 9.406 10.000 62970.000
-1.419 -0.239 9.301 10.000 62980.000
-1.786 -0.392 9.193 10.000 62990.000
-1.977 -0.754 9.196 10.000 63000.000
-2.140 -1.132 9.270 10.000 63010.000
-2.171 -1.395 9.382 10.000 63020.000
-2.513 -1.666 9.576 10.000 63030.000
-2.777 -1.565 9.799 10.000 63040.000
-3.069 -1.448 9.950 10.000 63050.000
-3.280 -1.295 10.108 10.000 63060.000
-3.179 -1.134 10.184 10.000 63070.000
-2.992 -1.189 10.211 10.000 63080.000
-2.755 -1.467 10.390 10.000 63090.000
-2.600 -1.781 10.563 10.000 63100.000
-2.415 -2.233 10.742 10.000 63110.000
-2.336 -2.595 10.903 10.000 63120.000
-2.384 -2.657 10.891 10.000 63130.000
-2.480 -2.600 10.934 9.000 63139.000
-2.604 -2.403 10.970 11.000 63150.000
-2.791 -2.173 11.075 10.000 63160.000
-3.184 -2.027 11.317 10.000 63170.000
-3.529 -2.001 11.504 10.000 63180.000
-4.228 -2.121 11.877 10.000 63190.000
-4.865 -2.274 12.181 10.000 63200.000
-5.410 -2.461 12.368 10.000 63210.000
-6.081 -2.561 12.476 10.000 63220.000
-6.397 -2.516 12.397 10.000 63230.000
-6.727 -2.396 12.291 10.000 63240.000
-6.866 -2.236 12.186 10.000 63250.000
-6.816 -2.185 12.306 10.000 63260.000
-6.670 -2.221 12.452 10.000 63270.000
-6.509 -2.331 12.624 10.000 63280.000
-6.126 -2.451 12.653 10.000 63290.000
-5.741 -2.451 12.466 10.000 63300.000
-5.451 -2.365 12.253 10.000 63310.000
-5.190 -2.104 11.860 10.000 63320.000
-5.152 -1.833 11.611 10.000 63330.000
-5.243 -1.678 11.207 9.000 63339.000
-5.193 -1.515 10.809 10.000 63349.000
-5.114 -1.527 10.591 10.000 63359.000
-4.807 -1.458 10.249 10.000 63369.000
-4.438 -1.369 10.132 10.000 63379.000
-4.084 -1.194 9.907 10.000 63389.000
-3.694 -0.893 9.713 10.000 63399.000
-3.531 -0.672 9.643 10.000 63409.000
-3.366 -0.304 9.615 10.000 63419.000
-3.327 -0.028 9.686 10.000 63429.000
-3.342 0.359 9.756 10.000 63439.000
-3.459 0.938 9.909 10.000 63449.000
-3.579 1.369 10.022 10.000 63459.000
-3.643 1.889 10.113 10.000 63469.000
-3.615 2.363 10.012 10.000 63479.000
-3.483 2.645 9.828 10.000 63489.000
-3.495 3.038 9.806 10.000 63499.000
-3.562 3.342 9.806 10.000 63509.000
-3.785 3.634 10.120 10.000 63519.000
-3.960 4.194 10.137 10.000 63529.000
-3.991 4.644 9.991 10.000 63539.000
-4.173 5.193 9.888 11.000 63550.000
-4.276 5.559 9.634 10.000 63560.000
-4.422 5.789 9.777 10.000 63570.000
-4.460 6.205 9.859 10.000 63580.000
-4.347 6.524 9.897 10.000 63590.000
-4.158 6.931 9.787 10.000 63600.000
-4.017 7.194 9.564 10.000 63610.000
-3.983 7.271 9.404 10.000 63620.000
-3.883 7.357 9.318 10.000 63630.000
-3.859 7.354 9.380 10.000 63640.000
-3.646 7.419 9.459 10.000 63650.000
-3.414 7.582 9.521 10.000 63660.000
-3.248 7.735 9.509 10.000 63670.000
-3.134 7.953 9.531 10.000 63680.000
-3.165 8.116 9.548 10.000 63690.000
-3.193 7.699 9.564 10.000 63700.000
-3.016 7.091 9.447 10.000 63710.000
-2.789 6.418 9.296 10.000 63720.000
-2.279 6.993 8.968 10.000 63730.000
-1.898 7.800 8.683 10.000 63740.000
-1.723 8.798 8.532 10.000 63750.000
-1.438 9.591 8.140 10.000 63760.000
-1.436 9.136 7.924 10.000 63770.000
-1.261 8.736 7.637 10.000 63780.000
-1.130 8.245 7.149 10.000 63790.000
-1.108 7.960 6.902 10.000 63800.000
-1.036 7.656 6.459 10.000 63810.000
-1.029 7.546 6.062 10.000 63820.000
-0.912 7.479 5.803 10.000 63830.000
-0.924 7.486 5.461 10.000 63840.000
-0.986 7.513 5.315 10.000 63850.000
-1.170 7.477 5.176 10.000 63860.000
-1.431 7.376 5.080 10.000 63870.000
-1.563 7.201 5.068 10.000 63880.000
-1.860 6.856 5.080 10.000 63890.000
-2.035 6.574 5.085 10.000 63900.000
-2.183 6.296 5.166 10.000 63910.000
-2.181 6.045 5.152 10.000 63920.000
-2.013 5.963 5.114 10.000 63930.000
-1.927 5.875 4.979 10.000 63940.000
-1.857 5.894 4.788 10.000 63950.000
-2.171 5.755 4.491 10.000 63960.000
-2.533 5.410 3.983 10.000 63970.000
-2.813 5.073 3.572 10.000 63980.000
-2.949 4.522 2.971 10.000 63990.000
-2.916 3.864 2.463 10.000 64000.000
-2.834 3.411 2.166 10.000 64010.000
-2.928 2.748 1.776 10.000 64020.000
-3.165 2.298 1.575 10.000 64030.000
-3.232 2.133 1.462 10.000 64040.000
-3.294 2.094 1.462 10.000 64050.000
-3.181 2.267 1.556 10.000 64060.000
-3.088 2.576 1.853 10.000 64070.000
-3.102 2.839 2.169 10.000 64080.000
-2.712 2.954 2.530 10.000 64090.000
-2.149 2.801 2.999 10.000 64100.000
-1.568 2.511 3.265 10.000 64110.000
-0.816 1.941 3.699 10.000 64120.000
-0.509 1.187 4.292 10.000 64130.000
-0.375 0.701 4.778 10.000 64140.000
-0.404 0.102 5.561 10.000 64150.000
-0.603 -0.215 6.177 10.000 64160.000
-0.964 -0.148 6.967 10.000 64170.000
-1.419 0.095 7.917 10.000 64180.000
-1.711 0.452 8.571 10.000 64190.000
-2.173 0.711 9.095 10.000 64200.000
-2.437 0.790 9.126 10.000 64210.000
-2.437 0.562 9.124 10.000 64220.000
-2.391 0.301 9.270 10.000 64230.000
-2.176 0.138 9.545 10.000 64240.000
-2.013 -0.023 9.904 10.000 64250.000
-1.831 -0.282 10.302 10.000 64260.000
-1.695 -0.507 10.551 10.000 64270.000
-1.273 -0.560 10.584 10.000 64280.000
-0.799 -0.612 10.534 10.000 64290.000
-0.335 -0.265 10.122 10.000 64300.000
0.265 -0.050 9.653 10.000 64310.000
0.581 -0.007 9.399 10.000 64320.000
0.895 -0.093 9.172 10.000 64330.000
1.029 -0.354 9.141 10.000 64340.000
0.684 -0.555 9.303 10.000 64350.000
0.169 -0.792 9.315 10.000 64360.000
-0.342 -0.900 9.301 10.000 64370.000
-0.866 -1.041 9.318 10.000 64380.000
-1.206 -1.015 9.394 10.000 64390.000
-1.376 -0.952 9.622 10.000 64400.000
-1.752 -0.878 9.868 10.000 64410.000
-2.116 -0.770 10.084 10.000 64420.000
-2.355 -0.909 10.043 10.000 64430.000
-2.640 -1.000 10.002 10.000 64440.000
-2.719 -1.103 9.943 10.000 64450.000
-2.789 -1.201 10.081 10.000 64460.000
-2.825 -1.149 10.280 10.000 64470.000
-2.870 -1.070 10.527 10.000 64480.000
-2.796 -0.897 10.828 10.000 64490.000
-2.731 -0.730 10.931 10.000 64500.000
-2.516 -0.641 11.034 10.000 64510.000
-2.245 -0.627 11.089 10.000 64520.000
-2.075 -0.758 11.037 10.000 64530.000
-1.951 -0.864 11.089 20.000 64550.000
-2.135 -0.890 10.986 10.000 64560.000
-2.442 -0.940 10.953 10.000 64570.000
-2.767 -0.938 10.972 10.000 64580.000
-3.215 -1.041 10.912 10.000 64590.000
-3.505 -1.144 11.008 10.000 64600.000
-3.694 -1.211 11.180 10.000 64610.000
-3.799 -1.264 11.343 10.000 64620.000
-3.737 -1.237 11.480 10.000 64630.000
-3.665 -1.158 11.580 10.000 64640.000
-3.572 -1.091 11.535 10.000 64650.000
-3.761 -1.130 11.370 10.000 64660.000
-3.926 -1.264 11.106 10.000 64670.000
-4.101 -1.450 10.879 10.000 64680.000
-4.220 -1.699 10.639 10.000 64690.000
-4.156 -1.975 10.568 10.000 64700.000
-4.115 -2.154 10.594 10.000 64710.000
-4.134 -2.384 10.560 10.000 64720.000
-4.209 -2.552 10.539 10.000 64730.000
-4.383 -2.552 10.417 10.000 64740.000
-4.687 -2.497 10.261 10.000 64750.000
-4.932 -2.391 10.165 10.000 64760.000
-5.154 -2.166 10.081 10.000 64770.000
-5.262 -1.991 10.060 10.000 64780.000
-5.070 -1.735 10.077 10.000 64790.000
-4.675 -1.381 10.132 10.000 64800.000
-4.302 -1.146 10.175 10.000 64810.000
-3.938 -0.902 10.201 10.000 64820.000
-3.825 -0.835 10.168 10.000 64830.000
-3.916 -0.866 10.096 10.000 64840.000
-4.079 -0.926 9.904 10.000 64850.000
-4.232 -0.995 9.730 10.000 64860.000
-4.299 -1.079 9.516 10.000 64870.000
-4.546 -1.237 9.291 10.000 64880.000
-4.721 -1.367 9.186 10.000 64890.000
-5.130 -1.584 9.062 10.000 64900.000
-5.544 -1.747 9.030 10.000 64910.000
-5.899 -1.987 9.011 10.000 64920.000
-6.421 -2.272 8.997 10.000 64930.000
-6.708 -2.468 9.002 10.000 64940.000
-7.175 -2.578 9.109 10.000 64950.000
-7.785 -2.243 9.421 10.000 64960.000
-8.228 -1.862 9.727 10.000 64970.000
-8.841 -1.422 10.146 10.000 64980.000
-9.275 -1.067 10.462 10.000 64990.000
-9.330 -1.022 10.426 10.000 65000.000
-9.366 -1.012 10.170 10.000 65010.000
-9.232 -1.063 9.801 10.000 65020.000
-9.169 -1.089 9.418 10.000 65030.000
-9.222 -1.101 9.184 10.000 65040.000
-9.301 -0.926 9.267 10.000 65050.000
-9.275 -0.569 9.339 10.000 65060.000
-9.176 -0.237 9.425 10.000 65070.000
-9.009 0.064 9.473 10.000 65080.000
-8.813 0.359 9.433 10.000 65090.000
-8.722 0.471 9.404 10.000 65100.000
-8.547 0.426 9.375 11.000 65111.000
-8.441 0.411 9.385 8.000 65119.000
-8.281 0.335 9.406 10.000 65129.000
-8.015 0.375 9.406 10.000 65139.000
-7.833 0.574 9.406 11.000 65150.000
-7.620 0.766 9.265 9.000 65159.000
-7.484 0.876 9.102 10.000 65169.000
-7.479 1.017 8.904 10.000 65179.000
-7.553 1.338 8.777 10.000 65189.000
-7.659 1.666 8.791 11.000 65200.000
-7.826 1.905 8.942 9.000 65209.000
-7.757 2.106 9.174 10.000 65219.000
-7.608 2.128 9.334 10.000 65229.000
-7.410 2.367 9.337 10.000 65239.000
-7.149 2.695 9.203 10.000 65249.000
-7.003 2.873 9.004 10.000 65259.000
-6.727 3.083 8.789 10.000 65269.000
-6.502 3.076 8.731 10.000 65279.000
-6.270 3.148 8.688 10.000 65289.000
-6.133 3.260 8.686 11.000 65300.000
-6.074 3.418 8.657 10.000 65310.000
-5.858 3.622 8.599 10.000 65320.000
-5.650 3.746 8.528 10.000 65330.000
-5.142 3.940 8.415 10.000 65340.000
-4.630 4.022 8.269 10.000 65350.000
-4.273 4.058 8.152 10.000 65360.000
-3.876 4.053 7.915 10.000 65370.000
-3.778 3.979 7.718 10.000 65380.000
-3.651 4.015 7.572 10.000 65390.000
-3.512 4.041 7.438 10.000 65400.000
-3.414 4.108 7.424 10.000 65410.000
-3.366 4.110 7.484 10.000 65420.000
-3.404 4.036 7.570 10.000 65430.000
-3.406 3.991 7.649 10.000 65440.000
-3.313 4.027 7.644 10.000 65450.000
-3.169 4.127 7.565 10.000 65460.000
-2.997 4.256 7.407 10.000 65470.000
-2.873 4.367 7.244 10.000 65480.000
-2.791 4.378 7.038 10.000 65490.000
-2.499 4.498 6.691 10.000 65500.000
-2.236 4.589 6.423 10.000 65510.000
-2.047 4.695 6.114 10.000 65520.000
-1.924 4.865 5.875 10.000 65530.000
-2.013 4.927 5.777 10.000 65540.000
-1.877 5.109 5.645 10.000 65550.000
-1.666 5.276 5.554 10.000 65560.000
-1.280 5.521 5.516 10.000 65570.000
-0.857 5.810 5.442 10.000 65580.000
-0.658 5.980 5.401 10.000 65590.000
-0.284 6.306 5.327 10.000 65600.000
-0.071 6.507 5.257 10.000 65610.000
0.184 6.713 5.226 10.000 65620.000
0.368 6.852 5.173 10.000 65630.000
0.378 6.835 5.154 10.000 65640.000
0.272 6.612 5.011 10.000 65650.000
0.141 6.536 4.714 10.000 65660.000
0.081 6.526 4.438 10.000 65670.000
0.174 6.684 4.137 10.000 65680.000
0.383 7.048 3.960 10.000 65690.000
0.541 7.232 3.895 10.000 65700.000
0.809 7.299 3.900 10.000 65710.000
0.924 7.199 3.931 10.000 65720.000
1.266 6.986 4.077 10.000 65730.000
1.604 6.756 4.261 10.000 65740.000
1.905 6.433 4.474 10.000 65750.000
2.212 5.884 4.673 10.000 65760.000
2.291 5.449 4.757 10.000 65770.000
2.372 4.843 4.872 10.000 65780.000
2.212 4.192 5.183 10.000 65790.000
2.047 3.766 5.509 10.000 65800.000
1.912 3.172 6.088 10.000 65810.000
1.776 2.748 6.636 10.000 65820.000
1.862 2.394 7.060 10.000 65830.000
2.123 1.994 7.340 10.000 65840.000
2.353 1.762 7.366 10.000 65850.000
2.782 1.683 7.347 10.000 65860.000
3.155 1.790 7.158 10.000 65870.000
3.426 2.078 7.192 10.000 65880.000
3.679 2.413 7.259 10.000 65890.000
3.734 2.595 7.371 10.000 65900.000
3.708 2.738 7.637 10.000 65910.000
3.538 2.710 7.881 10.000 65920.000
3.385 2.633 8.092 10.000 65930.000
3.124 2.528 8.262 10.000 65940.000
2.944 2.461 8.279 10.000 65950.000
2.726 2.427 8.178 10.000 65960.000
2.463 2.439 8.030 10.000 65970.000
2.308 2.480 7.922 10.000 65980.000
2.133 2.588 7.771 10.000 65990.000
2.068 2.700 7.680 10.000 66000.000
1.941 2.760 7.611 10.000 66010.000
1.709 2.791 7.536 10.000 66020.000
1.496 2.755 7.505 10.000 66030.000
1.175 2.693 7.515 10.000 66040.000
0.758 2.528 7.613 10.000 66050.000
0.447 2.391 7.716 10.000 66060.000
-0.023 2.200 7.841 10.000 66070.000
-0.387 2.035 7.924 10.000 66080.000
-0.608 2.020 7.800 10.000 66090.000
-0.835 1.980 7.568 10.000 66100.000
-0.902 1.994 7.314 10.000 66110.000
-0.895 1.953 7.062 10.000 66120.000
-0.828 1.872 6.957 10.000 66130.000
-0.730 1.762 6.916 10.000 66140.000
-0.703 1.529 6.847 10.000 66150.000
-0.751 1.352 6.775 10.000 66160.000
-0.754 1.098 6.694 10.000 66170.000
-0.797 0.909 6.890 10.000 66180.000
-0.768 0.842 7.115 10.000 66190.000
-0.902 0.577 7.572 10.000 66200.000
-1.082 0.387 8.039 10.000 66210.000
-1.477 0.079 8.518 10.000 66220.000
-2.078 -0.158 9.258 10.000 66230.000
-2.516 -0.196 9.765 10.000 66240.000
-2.985 -0.086 10.328 10.000 66250.000
-3.222 0.134 10.644 10.000 66260.000
-2.896 0.191 10.668 10.000 66270.000
-2.310 0.263 10.757 10.000 66280.000
-1.692 0.186 10.790 10.000 66290.000
-1.144 0.265 10.931 10.000 66300.000
-1.074 0.481 11.130 10.000 66310.000
-1.266 0.682 11.264 10.000 66320.000
-1.493 0.926 11.413 10.000 66330.000
-1.651 1.015 11.453 10.000 66340.000
-1.640 1.084 11.496 10.000 66350.000
-1.687 1.233 11.537 10.000 66360.000
-1.699 1.338 11.563 10.000 66370.000
-1.778 1.505 11.640 10.000 66380.000
-1.905 1.647 11.688 10.000 66390.000
-2.109 1.786 11.719 10.000 66400.000
-2.370 1.939 11.719 10.000 66410.000
-2.564 2.030 11.669 10.000 66420.000
-2.765 2.157 11.580 10.000 66430.000
-2.829 2.207 11.511 10.000 66440.000
-2.803 2.252 11.441 10.000 66450.000
-2.803 2.226 11.353 10.000 66460.000
-2.796 2.164 11.303 10.000 66470.000
-2.863 2.051 11.200 10.000 66480.000
-3.062 1.900 11.077 10.000 66490.000
-3.234 1.821 10.975 10.000 66500.000
-3.497 1.683 10.850 10.000 66510.000
-3.687 1.594 10.778 10.000 66520.000
-3.845 1.453 10.699 10.000 66530.000
-4.017 1.233 10.539 10.000 66540.000
-4.098 1.072 10.400 10.000 66550.000
-4.213 0.837 10.196 10.000 66560.000
-4.261 0.684 10.050 10.000 66570.000
-4.271 0.550 9.926 10.000 66580.000
-4.264 0.342 9.722 10.000 66590.000
-4.223 0.208 9.583 10.000 66600.000
-4.170 0.009 9.392 10.000 66610.000
-4.067 -0.143 9.239 10.000 66620.000
-3.981 -0.222 9.165 10.000 66630.000
-3.854 -0.335 9.129 10.000 66640.000
-3.739 -0.383 9.145 10.000 66650.000
-3.608 -0.440 9.157 10.000 66660.000
-3.442 -0.500 9.074 10.000 66670.000
-3.318 -0.526 8.951 10.000 66680.000
-3.201 -0.543 8.820 10.000 66690.000
-3.174 -0.536 8.714 10.000 66700.000
-3.179 -0.524 8.817 10.000 66710.000
-3.244 -0.483 9.100 10.000 66720.000
-3.301 -0.452 9.392 10.000 66730.000
-3.306 -0.421 9.643 10.000 66740.000
-3.253 -0.462 9.782 10.000 66750.000
-3.141 -0.531 9.742 10.000 66760.000
-2.925 -0.617 9.679 10.000 66770.000
-2.762 -0.703 9.658 10.000 66780.000
-2.602 -0.711 9.552 10.000 66790.000
-2.398 -0.694 9.447 10.000 66800.000
-2.298 -0.660 9.363 10.000 66810.000
-2.229 -0.574 9.260 10.000 66820.000
-2.217 -0.497 9.241 10.000 66830.000
-2.489 -0.428 9.370 10.000 66840.000
-3.081 -0.385 9.744 10.000 66850.000
-3.641 -0.395 10.137 10.000 66860.000
-4.297 -0.411 10.661 10.000 66870.000
-4.599 -0.502 11.061 10.000 66880.000
-4.582 -0.567 11.216 10.000 66890.000
-4.443 -0.502 11.348 10.000 66900.000
-4.209 -0.430 11.348 10.000 66910.000
-4.034 -0.138 11.171 10.000 66920.000
-3.914 0.181 10.934 10.000 66930.000
-3.916 0.373 10.721 10.000 66940.000
-3.926 0.603 10.508 10.000 66950.000
-3.988 0.670 10.448 10.000 66960.000
-4.041 0.830 10.520 15.000 66975.000
-4.158 1.125 10.630 6.000 66981.000
-4.268 1.381 10.740 9.000 66990.000
-4.333 1.726 10.886 10.000 67000.000
-4.302 2.023 10.960 10.000 67010.000
-4.206 2.185 10.996 10.000 67020.000
-4.041 2.437 10.951 10.000 67030.000
-3.921 2.600 10.869 10.000 67040.000
-3.778 2.762 10.673 10.000 67050.000
-3.612 2.949 10.366 10.000 67060.000
-3.517 3.047 10.141 10.000 67070.000
-3.416 3.136 9.806 10.000 67080.000
-3.390 3.150 9.586 9.000 67089.000
-3.394 3.157 9.351 10.000 67099.000
-3.402 3.141 9.004 10.000 67109.000
-3.414 3.134 8.767 10.000 67119.000
-3.445 3.055 8.480 10.000 67129.000
-3.466 2.959 8.317 10.000 67139.000
-3.485 2.892 8.219 10.000 67149.000
-3.627 2.959 8.080 10.000 67159.000
-3.749 3.098 7.991 10.000 67169.000
-4.036 3.160 7.857 10.000 67179.000
-4.333 3.459 7.757 10.000 67189.000
-4.508 3.624 7.697 11.000 67200.000
-4.642 3.804 7.649 9.000 67209.000
-4.611 4.060 7.647 10.000 67219.000
-4.498 3.825 7.642 10.000 67229.000
-4.228 3.581 7.603 10.000 67239.000
-3.998 3.323 7.553 10.000 67249.000
-3.651 3.124 7.438 10.000 67259.000
-3.375 3.174 7.340 10.000 67269.000
-3.136 3.339 7.275 10.000 67279.000
-2.595 3.658 7.290 10.000 67289.000
-2.171 3.916 7.369 11.000 67300.000
-1.608 4.335 7.558 10.000 67310.000
-1.206 4.742 7.733 10.000 67320.000
-1.106 4.996 7.829 10.000 67330.000
-0.816 5.386 7.836 10.000 67340.000
-0.665 5.616 7.733 10.000 67350.000
-0.488 5.813 7.651 10.000 67360.000
-0.421 6.050 7.649 10.000 67370.000
-0.543 6.150 7.735 10.000 67380.000
-0.493 6.320 7.941 10.000 67390.000
-0.430 6.430 8.140 10.000 67400.000
-0.308 6.488 8.212 10.000 67410.000
-0.148 6.598 8.190 10.000 67420.000
-0.160 6.639 8.049 10.000 67430.000
-0.038 6.758 7.905 10.000 67440.000
0.119 6.871 7.807 10.000 67450.000
0.239 6.931 7.802 10.000 67460.000
0.320 6.955 7.800 10.000 67470.000
0.268 6.900 7.800 10.000 67480.000
0.181 6.885 7.783 10.000 67490.000
0.136 6.916 7.759 10.000 67500.000
0.129 6.983 7.733 10.000 67510.000
0.126 7.055 7.651 10.000 67520.000
0.172 7.105 7.589 10.000 67530.000
0.167 7.084 7.498 10.000 67540.000
0.160 6.998 7.359 10.000 67550.000
0.148 6.907 7.275 10.000 67560.000
0.126 6.682 7.175 10.000 67570.000
0.122 6.390 7.062 10.000 67580.000
0.119 6.162 6.998 10.000 67590.000
0.079 5.901 6.880 10.000 67600.000
0.047 5.774 6.780 10.000 67610.000
-0.023 5.717 6.720 10.000 67620.000
-0.059 5.626 6.696 10.000 67630.000
-0.057 5.568 6.725 10.000 67640.000
-0.043 5.449 6.782 10.000 67650.000
0.004 5.353 6.847 10.000 67660.000
-0.021 5.257 6.902 10.000 67670.000
0.033 5.212 6.967 10.000 67680.000
0.076 5.228 7.003 10.000 67690.000
0.237 5.269 7.026 10.000 67700.000
0.483 5.305 6.979 10.000 67710.000
0.648 5.291 6.921 10.000 67720.000
0.897 5.269 6.821 10.000 67730.000
1.029 5.224 6.732 10.000 67740.000
1.168 5.224 6.675 10.000 67750.000
1.417 5.260 6.591 10.000 67760.000
1.582 5.303 6.550 10.000 67770.000
1.917 5.398 6.473 10.000 67780.000
2.197 5.487 6.411 10.000 67790.000
2.494 5.573 6.349 10.000 67800.000
2.839 5.635 6.263 10.000 67810.000
3.014 5.645 6.212 10.000 67820.000
3.239 5.597 6.172 10.000 67830.000
3.390 5.458 6.172 10.000 67840.000
3.493 5.343 6.196 10.000 67850.000
3.651 5.219 6.229 10.000 67860.000
3.758 5.152 6.253 9.000 67869.000
3.790 5.102 6.251 10.000 67879.000
3.804 5.011 6.224 12.000 67891.000
3.763 4.929 6.189 8.000 67899.000
3.665 4.826 6.117 10.000 67909.000
3.591 4.764 6.057 10.000 67919.000
3.488 4.735 6.014 10.000 67929.000
3.308 4.692 5.985 10.000 67939.000
3.186 4.671 5.992 10.000 67949.000
2.968 4.627 6.026 10.000 67959.000
2.796 4.592 6.066 10.000 67969.000
2.552 4.505 6.160 10.000 67979.000
2.207 4.359 6.313 10.000 67989.000
1.958 4.235 6.440 10.000 67999.000
1.663 4.055 6.572 10.000 68009.000
1.470 3.900 6.660 10.000 68019.000
1.376 3.804 6.689 10.000 68029.000
1.292 3.766 6.713 10.000 68039.000
1.254 3.782 6.732 11.000 68050.000
1.290 3.912 6.698 9.000 68059.000
1.343 4.017 6.648 10.000 68069.000
1.386 4.065 6.603 11.000 68080.000
1.422 4.012 6.574 10.000 68090.000
1.431 3.888 6.574 10.000 68100.000
1.352 3.670 6.622 10.000 68110.000
1.192 3.445 6.718 10.000 68120.000
1.039 3.320 6.797 10.000 68130.000
0.881 3.141 6.921 10.000 68140.000
0.754 3.002 7.067 10.000 68150.000
0.708 2.870 7.165 10.000 68160.000
0.600 2.681 7.383 10.000 68170.000
0.497 2.547 7.556 10.000 68180.000
0.488 2.406 7.826 10.000 68190.000
0.538 2.231 8.183 10.000 68200.000
0.651 2.114 8.420 10.000 68210.000
0.679 2.154 8.707 10.000 68220.000
0.656 2.279 8.844 10.000 68230.000
0.550 2.595 8.944 10.000 68240.000
0.344 2.935 9.176 10.000 68250.000
0.222 3.117 9.358 10.000 68260.000
0.129 3.342 9.607 10.000 68270.000
0.047 3.428 9.725 10.000 68280.000
0.067 3.490 9.710 10.000 68290.000
0.081 3.564 9.751 10.000 68300.000
0.067 3.596 9.725 10.000 68310.000
-0.009 3.627 9.794 10.000 68320.000
-0.172 3.655 9.835 10.000 68330.000
-0.330 3.672 9.821 9.000 68339.000
-0.545 3.651 9.763 11.000 68350.000
-0.689 3.610 9.691 9.000 68359.000
-0.799 3.552 9.639 10.000 68369.000
-0.950 3.529 9.579 10.000 68379.000
-1.043 3.543 9.562 10.000 68389.000
-1.165 3.591 9.521 10.000 68399.000
-1.323 3.675 9.495 10.000 68409.000
-1.441 3.725 9.476 10.000 68419.000
-1.675 3.799 9.466 10.000 68429.000
-1.881 3.840 9.481 10.000 68439.000
-2.085 3.871 9.509 10.000 68449.000
-2.303 3.912 9.543 10.000 68459.000
-2.403 3.928 9.567 10.000 68469.000
-2.566 3.914 9.588 10.000 68479.000
-2.643 3.892 9.591 10.000 68489.000
-2.760 3.871 9.579 10.000 68499.000
-2.971 3.835 9.569 10.000 68509.000
-3.119 3.830 9.562 10.000 68519.000
-3.315 3.823 9.588 10.000 68529.000
-3.505 3.794 9.662 10.000 68539.000
-3.600 3.780 9.734 11.000 68550.000
-3.713 3.751 9.787 10.000 68560.000
-3.778 3.725 9.806 10.000 68570.000
-3.809 3.679 9.763 10.000 68580.000
-3.859 3.593 9.701 10.000 68590.000
-3.892 3.521 9.658 10.000 68600.000
-4.012 3.371 9.603 10.000 68610.000
-4.118 3.251 9.572 10.000 68620.000
-4.271 3.102 9.550 10.000 68630.000
-4.455 2.904 9.504 10.000 68640.000
-4.553 2.784 9.471 10.000 68650.000
-4.695 2.609 9.416 10.000 68660.000
-4.800 2.449 9.361 10.000 68670.000
-4.874 2.339 9.330 10.000 68680.000
-4.960 2.178 9.279 10.000 68690.000
-5.003 2.073 9.251 10.000 68700.000
-5.049 1.958 9.176 10.000 68710.000
-5.099 1.793 9.088 10.000 68720.000
-5.137 1.678 9.018 10.000 68730.000
-5.197 1.508 8.906 10.000 68740.000
-5.224 1.403 8.848 10.000 68750.000
-5.264 1.280 8.774 10.000 68760.000
-5.331 1.084 8.693 10.000 68770.000
-5.377 0.943 8.655 10.000 68780.000
-5.434 0.727 8.628 10.000 68790.000
-5.487 0.481 8.678 10.000 68800.000
-5.513 0.308 8.736 10.000 68810.000
-5.537 0.040 8.832 10.000 68820.000
-5.549 -0.153 8.916 10.000 68830.000
-5.547 -0.318 8.987 10.000 68840.000
-5.516 -0.541 9.093 10.000 68850.000
-5.487 -0.667 9.160 10.000 68860.000
-5.430 -0.857 9.208 9.000 68869.000
-5.372 -0.976 9.222 10.000 68879.000
-5.331 -1.098 9.169 10.000 68889.000
-5.293 -1.276 9.150 10.000 68899.000
-5.284 -1.391 9.150 10.000 68909.000
-5.137 -1.491 9.191 10.000 68919.000
-5.003 -1.532 9.265 10.000 68929.000
-4.845 -1.513 9.325 10.000 68939.000
-4.616 -1.498 9.370 10.000 68949.000
-4.522 -1.498 9.375 10.000 68959.000
-4.369 -1.541 9.394 10.000 68969.000
-4.283 -1.577 9.416 10.000 68979.000
-4.268 -1.608 9.452 10.000 68989.000
-4.311 -1.628 9.521 10.000 68999.000
-4.414 -1.604 9.576 10.000 69009.000
-4.489 -1.604 9.708 10.000 69019.000
-4.568 -1.640 9.928 10.000 69029.000
-4.589 -1.687 10.115 10.000 69039.000
-4.505 -1.831 10.287 10.000 69049.000
-4.405 -1.963 10.362 10.000 69059.000
-4.106 -2.140 10.366 10.000 69069.000
-3.624 -2.434 10.378 11.000 69080.000
-3.248 -2.633 10.405 10.000 69090.000
-2.638 -2.858 10.402 10.000 69100.000
-1.975 -2.913 10.266 10.000 69110.000
-1.493 -2.851 10.122 10.000 69120.000
-0.955 -2.758 9.911 10.000 69130.000
-0.651 -2.638 9.730 10.000 69140.000
-0.617 -2.509 9.670 10.000 69150.000
-0.553 -2.138 9.689 10.000 69160.000
-0.545 -1.798 9.775 10.000 69170.000
-0.543 -1.386 9.976 10.000 69180.000
-0.517 -1.072 10.170 10.000 69190.000
-0.581 -0.818 10.433 10.000 69200.000
-0.739 -0.304 10.642 10.000 69210.000
-0.893 0.138 10.735 10.000 69220.000
-1.041 0.725 10.749 10.000 69230.000
-1.254 1.357 10.668 10.000 69240.000
-1.374 1.728 10.642 10.000 69250.000
-1.462 2.430 10.761 10.000 69260.000
-1.556 2.987 10.960 10.000 69270.000
-1.508 3.531 11.226 10.000 69280.000
-1.438 4.209 11.530 10.000 69290.000
-1.400 4.556 11.688 10.000 69300.000
-1.383 5.046 11.705 10.000 69310.000
-1.383 5.324 11.602 10.000 69320.000
-1.462 5.494 11.338 10.000 69330.000
-1.640 5.707 11.077 10.000 69340.000
-1.795 5.777 10.958 10.000 69350.000
-1.977 5.997 10.735 10.000 69360.000
-2.138 6.248 10.536 10.000 69370.000
-2.200 6.457 10.335 10.000 69380.000
-2.238 6.660 10.141 10.000 69390.000
-2.250 6.713 10.050 10.000 69400.000
-2.116 6.593 9.900 10.000 69410.000
-1.999 6.813 9.574 10.000 69420.000
-1.905 7.038 9.241 10.000 69430.000
-1.972 7.347 8.810 10.000 69440.000
-2.149 7.771 8.537 10.000 69450.000
-2.415 7.891 8.377 10.000 69460.000
-2.664 7.972 8.157 10.000 69470.000
-2.753 7.970 8.034 10.000 69480.000
-2.743 7.841 7.836 10.000 69490.000
-2.533 7.422 7.553 10.000 69500.000
-2.339 7.041 7.331 10.000 69510.000
-2.051 6.557 7.019 10.000 69520.000
-1.862 6.200 6.785 10.000 69530.000
-1.697 6.138 6.598 10.000 69540.000
-1.429 6.212 6.385 10.000 69550.000
-1.254 6.390 6.260 10.000 69560.000
-1.098 6.545 6.071 10.000 69570.000
-1.015 6.660 5.980 10.000 69580.000
-1.067 6.651 5.995 10.000 69590.000
-1.067 6.651 5.980 10.000 69600.000
-1.048 6.672 6.030 10.000 69610.000
-0.955 6.634 5.978 10.000 69620.000
-0.718 6.493 5.681 10.000 69630.000
-0.533 6.342 5.413 10.000 69640.000
-0.141 6.090 4.989 10.000 69650.000
0.177 5.899 4.668 10.000 69660.000
0.402 5.710 4.381 10.000 69670.000
0.646 5.485 3.940 10.000 69680.000
0.682 5.360 3.655 10.000 69690.000
0.916 5.286 3.136 10.000 69700.000
1.134 5.300 2.748 10.000 69710.000
1.422 5.322 2.348 10.000 69720.000
1.860 5.319 1.968 10.000 69730.000
2.099 5.267 1.821 10.000 69740.000
2.446 5.193 1.719 10.000 69750.000
2.705 5.147 1.781 10.000 69760.000
2.877 5.195 1.865 10.000 69770.000
3.162 5.382 1.853 11.000 69781.000
3.339 5.590 1.798 9.000 69790.000
3.514 5.786 1.750 10.000 69800.000
3.811 5.868 1.714 10.000 69810.000
3.995 5.810 1.774 10.000 69820.000
4.539 5.686 1.788 10.000 69830.000
5.085 5.573 1.795 10.000 69840.000
5.588 5.331 1.889 10.000 69850.000
6.059 5.013 2.015 10.000 69860.000
6.172 4.762 2.188 10.000 69870.000
6.493 4.582 2.207 10.000 69880.000
6.670 4.577 2.087 9.000 69889.000
7.007 4.695 1.972 11.000 69900.000
7.096 4.762 1.915 9.000 69909.000
6.976 4.757 2.011 10.000 69919.000
6.698 4.644 2.341 10.000 69929.000
6.042 4.278 2.487 10.000 69939.000
5.635 3.962 2.576 10.000 69949.000
5.228 3.349 2.588 10.000 69959.000
4.979 2.844 2.365 10.000 69969.000
5.511 2.463 2.952 10.000 69979.000
5.908 1.941 3.869 10.000 69989.000
6.306 1.716 4.862 10.000 69999.000
6.335 1.350 6.026 10.000 70009.000
5.832 1.067 6.526 10.000 70019.000
5.382 1.043 6.821 10.000 70029.000
5.070 1.151 7.072 10.000 70039.000
5.128 1.400 7.153 10.000 70049.000
5.281 1.711 7.268 10.000 70059.000
5.621 1.829 7.417 10.000 70069.000
5.822 1.814 7.608 10.000 70079.000
5.911 1.802 7.757 14.000 70093.000
5.904 1.728 7.872 6.000 70099.000
5.805 1.795 8.032 10.000 70109.000
5.365 1.798 8.087 10.000 70119.000
5.037 1.798 8.185 12.000 70131.000
4.493 1.714 8.197 8.000 70139.000
3.936 1.565 8.006 10.000 70149.000
3.610 1.264 7.943 10.000 70159.000
2.983 0.902 8.109 10.000 70169.000
2.571 0.624 8.360 10.000 70179.000
2.238 0.493 8.422 10.000 70189.000
2.310 0.617 8.508 10.000 70199.000
2.683 0.802 8.367 10.000 70209.000
2.964 1.000 8.130 10.000 70219.000
3.165 1.053 8.082 10.000 70229.000
2.837 1.312 7.908 10.000 70239.000
2.140 1.656 7.960 10.000 70249.000
1.537 1.987 8.109 10.000 70259.000
0.811 2.303 8.516 11.000 70270.000
0.320 2.375 9.002 9.000 70279.000
0.052 2.080 9.344 10.000 70289.000
-0.519 1.546 9.799 10.000 70299.000
-0.969 1.027 9.995 10.000 70309.000
-1.572 0.478 10.268 10.000 70319.000
-1.853 0.363 10.357 10.000 70329.000
-1.829 0.488 10.333 10.000 70339.000
-1.618 0.600 10.263 10.000 70349.000
-1.254 0.742 10.117 10.000 70359.000
-0.792 0.787 10.089 10.000 70369.000
-0.227 0.974 9.962 10.000 70379.000
0.150 1.173 9.880 10.000 70389.000
0.344 1.503 9.777 10.000 70399.000
0.263 1.776 9.658 10.000 70409.000
-0.031 1.922 9.658 10.000 70419.000
-0.251 2.039 9.698 10.000 70429.000
-0.287 2.025 9.761 10.000 70439.000
-0.215 2.037 9.837 11.000 70450.000
-0.016 2.111 9.859 9.000 70459.000
0.107 2.214 9.840 10.000 70469.000
0.160 2.375 9.804 10.000 70479.000
0.105 2.509 9.753 10.000 70489.000
0.009 2.585 9.801 11.000 70500.000
-0.134 2.621 9.895 10.000 70510.000
-0.205 2.600 10.005 10.000 70520.000
-0.253 2.578 10.117 10.000 70530.000
-0.277 2.537 10.165 10.000 70540.000
-0.217 2.583 10.156 10.000 70550.000
-0.203 2.619 10.139 10.000 70560.000
-0.213 2.655 10.120 10.000 70570.000
-0.253 2.628 10.137 10.000 70580.000
-0.313 2.521 10.184 10.000 70590.000
-0.328 2.422 10.240 10.000 70600.000
-0.402 2.296 10.187 10.000 70610.000
-0.445 2.231 10.098 10.000 70620.000
-0.545 2.073 9.943 10.000 70630.000
-0.718 1.843 9.722 10.000 70640.000
-0.830 1.642 9.610 10.000 70650.000
-1.077 1.369 9.354 10.000 70660.000
-1.283 1.225 9.145 10.000 70670.000
-1.577 1.110 8.856 10.000 70680.000
-2.123 1.029 8.489 10.000 70690.000
-2.535 1.019 8.267 10.000 70700.000
-3.236 1.134 8.142 10.000 70710.000
-3.778 1.292 8.164 10.000 70720.000
-4.225 1.510 8.449 10.000 70730.000
-4.800 1.738 8.896 10.000 70740.000
-5.085 1.841 9.246 10.000 70750.000
-5.319 1.793 9.689 10.000 70760.000
-5.384 1.520 10.034 10.000 70770.000
-5.322 1.237 10.216 10.000 70780.000
-5.264 0.986 10.503 10.000 70790.000
-5.257 0.885 10.697 10.000 70800.000
-5.307 0.974 10.900 10.000 70810.000
-5.389 0.991 11.066 10.000 70820.000
-5.465 0.976 11.125 10.000 70830.000
-5.475 0.794 11.128 10.000 70840.000
-5.379 0.383 10.986 10.000 70850.000
-5.252 0.043 10.884 10.000 70860.000
-5.058 -0.442 10.776 10.000 70870.000
-4.932 -0.761 10.726 10.000 70880.000
-4.793 -0.964 10.735 10.000 70890.000
-4.606 -1.187 10.709 10.000 70900.000
-4.486 -1.264 10.687 10.000 70910.000
-4.311 -1.395 10.661 10.000 70920.000
-4.209 -1.470 10.620 10.000 70930.000
-4.048 -1.685 10.486 10.000 70940.000
-3.799 -1.953 10.278 10.000 70950.000
-3.605 -2.166 10.074 10.000 70960.000
-3.406 -2.387 9.749 10.000 70970.000
-3.313 -2.446 9.552 10.000 70980.000
-3.320 -2.573 9.358 10.000 70990.000
-3.349 -2.794 9.102 10.000 71000.000
-3.383 -3.007 8.968 10.000 71010.000
-3.471 -3.292 8.853 10.000 71020.000
-3.610 -3.497 8.844 10.000 71030.000
-3.727 -3.610 8.896 10.000 71040.000
-3.900 -3.727 8.980 10.000 71050.000
-4.017 -3.773 9.045 10.000 71060.000
-4.065 -3.818 9.069 10.000 71070.000
-4.101 -3.912 9.064 10.000 71080.000
-4.082 -4.000 9.028 10.000 71090.000
-4.007 -4.060 9.006 10.000 71100.000
-3.940 -4.079 8.992 10.000 71110.000
-3.883 -4.034 8.939 10.000 71120.000
-3.938 -3.983 8.856 10.000 71130.000
-4.048 -3.962 8.757 10.000 71140.000
-4.302 -3.948 8.796 10.000 71150.000
-4.589 -3.907 9.004 10.000 71160.000
-4.764 -3.871 9.244 10.000 71170.000
-5.025 -3.785 9.593 11.000 71181.000
-5.142 -3.691 9.806 9.000 71190.000
-5.272 -3.541 10.117 10.000 71200.000
-5.248 -3.375 10.417 10.000 71210.000
-5.137 -3.260 10.606 10.000 71220.000
-4.783 -3.100 10.606 10.000 71230.000
-4.386 -3.040 10.405 10.000 71240.000
-4.106 -2.839 10.117 10.000 71250.000
-3.902 -2.492 9.883 10.000 71260.000
-3.943 -2.190 9.837 10.000 71270.000
-3.916 -1.800 9.897 10.000 71280.000
-3.837 -1.510 10.137 10.000 71290.000
-3.682 -1.367 10.323 10.000 71300.000
-3.557 -1.137 10.539 10.000 71310.000
-3.500 -0.995 10.649 10.000 71320.000
-3.521 -0.802 10.658 10.000 71330.000
-3.483 -0.414 10.642 9.000 71339.000
-3.414 -0.112 10.596 11.000 71350.000
-3.385 0.296 10.544 10.000 71360.000
-3.366 0.598 10.510 10.000 71370.000
-3.402 0.907 10.503 10.000 71380.000
-3.390 1.316 10.443 10.000 71390.000
-3.337 1.618 10.390 10.000 71400.000
-3.215 1.848 10.304 10.000 71410.000
-3.098 1.764 10.144 10.000 71420.000
-3.028 1.580 10.036 10.000 71430.000
-3.112 2.037 10.050 10.000 71440.000
-3.265 2.566 10.098 10.000 71450.000
-3.605 3.074 10.321 10.000 71460.000
-3.902 3.591 10.477 10.000 71470.000
-4.046 3.466 10.510 10.000 71480.000
-4.067 3.414 10.477 10.000 71490.000
-3.902 3.495 10.342 10.000 71500.000
-3.658 3.529 10.194 10.000 71510.000
-3.260 3.632 9.976 10.000 71520.000
-2.985 3.663 9.825 10.000 71530.000
-2.664 3.790 9.686 10.000 71540.000
-2.466 3.955 9.629 10.000 71550.000
-2.497 4.134 9.713 10.000 71560.000
-2.595 4.398 9.782 10.000 71570.000
-2.738 4.565 9.840 10.000 71580.000
-2.961 4.781 9.885 10.000 71590.000
-2.952 4.979 9.842 10.000 71600.000
-2.875 5.094 9.813 10.000 71610.000
-2.564 5.245 9.777 10.000 71620.000
-2.173 5.348 9.753 10.000 71630.000
-1.900 5.394 9.794 10.000 71640.000
-1.647 5.451 9.722 10.000 71650.000
-1.628 5.473 9.658 10.000 71660.000
-1.893 5.346 9.373 10.000 71670.000
-2.197 5.209 9.040 10.000 71680.000
-2.547 5.075 8.669 10.000 71690.000
-2.487 5.099 8.197 10.000 71700.000
-2.142 5.272 7.946 10.000 71710.000
-1.580 5.456 7.690 10.000 71720.000
-0.852 5.585 7.457 10.000 71730.000
-0.533 5.556 7.326 10.000 71740.000
-0.344 5.477 7.055 10.000 71750.000
-0.373 5.386 6.789 10.000 71760.000
-0.308 5.365 6.555 10.000 71770.000
0.009 5.315 6.366 10.000 71780.000
0.457 5.315 6.315 10.000 71790.000
0.847 5.166 5.853 10.000 71800.000
1.043 4.989 5.487 10.000 71810.000
0.430 4.661 4.707 10.000 71820.000
0.136 4.469 3.691 10.000 71830.000
-0.100 4.426 3.088 10.000 71840.000
-0.418 4.299 2.372 10.000 71850.000
-0.418 4.216 2.006 10.000 71860.000
-0.737 3.995 1.874 10.000 71870.000
-0.940 3.727 1.953 10.000 71880.000
-1.063 3.543 2.145 10.000 71890.000
-0.893 3.229 2.516 10.000 71900.000
-0.383 2.923 3.478 10.000 71910.000
0.011 2.664 4.230 10.000 71920.000
0.782 2.530 5.353 10.000 71930.000
1.498 2.662 6.315 10.000 71940.000
1.381 2.489 6.837 10.000 71950.000
1.280 2.209 7.845 10.000 71960.000
0.804 1.805 8.482 10.000 71970.000
0.275 1.529 9.157 10.000 71980.000
0.636 1.640 9.380 10.000 71990.000
0.981 1.857 9.117 10.000 72000.000
1.829 2.147 8.815 10.000 72010.000
2.729 2.308 8.475 10.000 72020.000
3.236 2.351 8.504 10.000 72030.000
3.691 2.418 8.449 10.000 72040.000
3.643 2.413 8.432 10.000 72050.000
3.521 2.298 8.248 10.000 72060.000
3.394 2.212 7.996 10.000 72070.000
3.356 1.958 7.900 10.000 72080.000
3.222 1.479 7.845 10.000 72090.000
3.162 1.110 7.958 10.000 72100.000
2.889 0.617 7.876 10.000 72110.000
2.219 0.282 7.869 10.000 72120.000
1.644 0.172 7.821 10.000 72130.000
0.794 0.148 7.675 10.000 72140.000
0.158 0.248 7.723 10.000 72150.000
-0.119 0.387 7.642 10.000 72160.000
-0.529 0.725 7.862 10.000 72170.000
-0.663 0.976 8.180 10.000 72180.000
-0.981 1.175 8.561 10.000 72190.000
-1.297 1.321 8.925 10.000 72200.000
-1.577 1.161 9.071 10.000 72210.000
-1.874 0.993 9.270 10.000 72220.000
-1.987 0.878 9.406 10.000 72230.000
-1.857 0.715 9.622 10.000 72240.000
-1.467 0.670 9.823 10.000 72250.000
-1.060 0.632 9.971 10.000 72260.000
-0.641 0.699 10.357 10.000 72270.000
-0.464 0.814 10.663 10.000 72280.000
-0.632 0.948 11.121 10.000 72290.000
-0.768 0.940 11.750 10.000 72300.000
-0.916 0.828 12.143 10.000 72310.000
-0.782 0.634 12.504 10.000 72320.000
-0.469 0.411 12.646 10.000 72330.000
0.119 0.490 12.670 10.000 72340.000
0.835 0.723 12.567 10.000 72350.000
1.268 1.036 12.495 10.000 72360.000
1.838 1.261 12.239 10.000 72370.000
2.102 1.326 11.927 10.000 72380.000
2.633 1.204 11.350 10.000 72390.000
3.560 1.249 11.257 10.000 72400.000
4.350 1.383 11.348 10.000 72410.000
5.391 1.932 11.568 10.000 72420.000
6.308 3.153 12.076 10.000 72430.000
6.830 4.206 12.100 10.000 72440.000
7.694 5.626 11.985 10.000 72450.000
8.307 6.631 11.741 10.000 72460.000
8.750 6.976 11.480 10.000 72470.000
9.117 7.544 11.279 10.000 72480.000
9.141 7.745 11.216 10.000 72490.000
8.937 8.358 11.140 10.000 72500.000
8.633 8.992 11.185 10.000 72510.000
8.192 9.710 11.180 10.000 72520.000
7.575 10.678 11.156 10.000 72530.000
7.184 11.233 11.147 10.000 72540.000
6.627 11.961 11.171 10.000 72550.000
5.959 12.512 11.049 10.000 72560.000
5.468 12.813 10.946 10.000 72570.000
4.709 13.223 10.642 10.000 72580.000
4.118 13.460 10.304 10.000 72590.000
3.792 13.397 9.909 10.000 72600.000
3.526 12.914 9.258 10.000 72610.000
3.529 12.322 8.808 10.000 72620.000
3.569 11.250 7.991 10.000 72630.000
3.667 10.347 7.369 10.000 72640.000
3.883 9.612 6.739 10.000 72650.000
4.034 8.827 6.157 10.000 72660.000
4.146 8.523 5.942 10.000 72670.000
4.393 8.123 5.674 10.000 72680.000
4.527 7.963 5.430 10.000 72690.000
4.726 7.852 5.137 10.000 72700.000
4.922 7.855 4.762 10.000 72710.000
4.984 7.953 4.438 10.000 72720.000
4.941 7.979 4.352 10.000 72730.000
4.675 7.553 3.976 10.000 72740.000
4.412 7.015 3.684 10.000 72750.000
4.041 5.997 3.447 10.000 72760.000
3.711 5.066 3.213 10.000 72770.000
3.586 1.778 3.560 10.000 72780.000
3.598 2.085 3.473 10.000 72790.000
3.718 2.870 3.332 10.000 72800.000
3.351 3.394 3.234 10.000 72810.000
2.659 6.330 3.301 10.000 72820.000
1.831 5.671 3.801 10.000 72830.000
1.309 4.474 4.137 10.000 72840.000
1.273 3.538 4.429 10.000 72850.000
1.551 2.626 4.417 10.000 72860.000
1.537 1.486 4.766 10.000 72870.000
1.216 0.885 5.281 10.000 72880.000
1.010 0.572 5.284 10.000 72890.000
0.833 0.632 5.133 10.000 72900.000
0.998 0.665 5.188 10.000 72910.000
0.600 0.395 5.346 10.000 72920.000
0.088 -0.162 6.016 10.000 72930.000
-0.462 -0.720 6.356 10.000 72940.000
-0.672 -0.957 6.392 10.000 72950.000
-0.320 -0.890 6.325 10.000 72960.000
0.193 -0.636 6.308 10.000 72970.000
0.746 -0.383 6.622 10.000 72980.000
1.003 0.067 6.823 10.000 72990.000
1.338 0.811 7.110 10.000 73000.000
1.510 1.369 7.347 10.000 73010.000
1.704 2.219 7.575 10.000 73020.000
1.805 2.806 7.651 10.000 73030.000
1.786 3.251 7.570 10.000 73040.000
1.683 3.722 7.462 10.000 73050.000
1.558 3.902 7.364 10.000 73060.000
1.453 4.058 7.264 10.000 73070.000
1.482 4.077 7.117 10.000 73080.000
1.594 4.070 6.998 10.000 73090.000
1.759 4.156 6.744 10.000 73100.000
1.905 4.266 6.493 10.000 73110.000
1.958 4.429 6.358 10.000 73120.000
1.862 4.584 6.294 10.000 73130.000
1.714 4.647 6.363 10.000 73140.000
1.520 4.711 6.557 10.000 73150.000
1.326 4.707 6.751 10.000 73160.000
1.314 4.774 6.928 10.000 73170.000
1.335 4.922 7.129 11.000 73181.000
1.403 5.068 7.206 9.000 73190.000
1.407 5.166 7.297 10.000 73200.000
1.379 5.200 7.335 10.000 73210.000
1.154 5.214 7.400 10.000 73220.000
0.859 5.209 7.503 10.000 73230.000
0.627 5.252 7.592 10.000 73240.000
0.306 5.231 7.924 10.000 73250.000
0.055 5.240 8.295 10.000 73260.000
-0.126 5.269 8.628 10.000 73270.000
-0.172 5.403 8.884 10.000 73280.000
-0.129 5.602 8.896 10.000 73290.000
0.186 5.600 8.765 10.000 73300.000
0.574 5.552 8.621 10.000 73310.000
0.825 5.398 8.554 10.000 73320.000
1.019 5.173 8.497 10.000 73330.000
1.034 5.056 8.494 10.000 73340.000
0.988 5.090 8.494 10.000 73350.000
0.900 5.073 8.489 10.000 73360.000
0.869 5.128 8.475 10.000 73370.000
0.837 5.078 8.422 10.000 73380.000
0.737 4.886 8.365 10.000 73390.000
0.679 4.745 8.312 10.000 73400.000
0.596 4.642 8.224 10.000 73410.000
0.512 4.644 8.173 10.000 73420.000
0.454 4.695 8.101 10.000 73430.000
0.344 4.716 8.010 10.000 73440.000
0.260 4.699 7.955 10.000 73450.000
0.131 4.661 7.893 10.000 73460.000
0.033 4.611 7.867 10.000 73470.000
-0.050 4.616 7.843 10.000 73480.000
-0.189 4.635 7.802 10.000 73490.000
-0.282 4.675 7.769 10.000 73500.000
-0.462 4.769 7.723 10.000 73510.000
-0.679 4.903 7.680 10.000 73520.000
-0.842 5.023 7.654 10.000 73530.000
-1.027 5.224 7.625 10.000 73540.000
-1.125 5.372 7.608 10.000 73550.000
-1.168 5.504 7.594 10.000 73560.000
-1.237 5.671 7.558 10.000 73570.000
-1.285 5.758 7.524 10.000 73580.000
-1.388 5.865 7.472 10.000 73590.000
-1.470 5.923 7.431 10.000 73600.000
-1.620 5.975 7.429 10.000 73610.000
-1.829 6.083 7.450 10.000 73620.000
-1.982 6.169 7.491 10.000 73630.000
-2.202 6.313 7.570 10.000 73640.000
-2.343 6.461 7.680 10.000 73650.000
-2.427 6.555 7.766 10.000 73660.000
-2.480 6.660 7.874 10.000 73670.000
-2.466 6.708 7.943 10.000 73680.000
-2.422 6.744 7.946 10.000 73690.000
-2.415 6.792 7.943 10.000 73700.000
-2.439 6.828 7.920 10.000 73710.000
-2.504 6.854 7.908 10.000 73720.000
-2.580 6.856 7.915 10.000 73730.000
-2.655 6.840 7.948 10.000 73740.000
-2.755 6.835 7.987 10.000 73750.000
-2.815 6.840 8.013 10.000 73760.000
-2.904 6.852 8.056 10.000 73770.000
-2.992 6.885 8.087 10.000 73780.000
-3.055 6.907 8.113 10.000 73790.000
-3.160 6.936 8.137 10.000 73800.000
-3.236 6.957 8.145 10.000 73810.000
-3.265 6.936 8.106 10.000 73820.000
-3.275 6.837 8.061 10.000 73830.000
-3.241 6.732 8.018 10.000 73840.000
-3.186 6.562 7.958 10.000 73850.000
-3.145 6.421 7.934 10.000 73860.000
-3.119 6.327 7.924 10.000 73870.000
-3.057 6.234 7.943 10.000 73880.000
-3.016 6.205 7.979 10.000 73890.000
-2.916 6.169 8.042 10.000 73900.000
-2.686 6.165 8.101 10.000 73910.000
-2.492 6.160 8.133 10.000 73920.000
-2.159 6.196 8.154 10.000 73930.000
-1.886 6.239 8.149 10.000 73940.000
-1.625 6.368 8.130 10.000 73950.000
-1.242 6.593 8.116 10.000 73960.000
-0.998 6.777 8.111 10.000 73970.000
-0.648 7.000 8.085 10.000 73980.000
-0.421 7.134 8.068 10.000 73990.000
-0.213 7.182 8.025 10.000 74000.000
0.069 7.271 8.010 10.000 74010.000
0.246 7.321 8.018 10.000 74020.000
0.469 7.465 8.027 10.000 74030.000
0.588 7.599 8.058 10.000 74040.000
0.639 7.762 8.032 10.000 74050.000
0.672 7.943 7.972 10.000 74060.000
0.660 8.032 7.910 10.000 74070.000
0.605 8.128 7.824 10.000 74080.000
0.459 8.085 7.829 10.000 74090.000
0.330 8.022 7.867 10.000 74100.000
0.083 7.910 7.960 10.000 74110.000
-0.119 7.790 8.078 11.000 74121.000
-0.368 7.649 8.214 9.000 74130.000
-0.825 7.206 8.396 10.000 74140.000
-1.165 6.813 8.523 10.000 74150.000
-1.575 6.670 8.765 10.000 74160.000
-1.853 6.617 8.925 10.000 74170.000
-1.936 6.861 9.085 10.000 74180.000
-2.140 6.840 9.227 10.000 74190.000
-2.274 6.569 9.253 10.000 74200.000
-2.482 6.086 9.227 10.000 74210.000
-2.750 5.604 9.181 10.000 74220.000
-2.899 5.389 9.155 10.000 74230.000
-3.136 5.111 9.141 10.000 74240.000
-3.299 5.046 9.179 10.000 74250.000
-3.447 4.888 9.215 10.000 74260.000
-3.610 4.671 9.301 10.000 74270.000
-3.684 4.515 9.375 10.000 74280.000
-3.806 4.259 9.411 10.000 74290.000
-3.869 4.098 9.423 10.000 74300.000
-3.907 3.919 9.466 10.000 74310.000
-3.952 3.617 9.576 10.000 74320.000
-3.950 3.416 9.725 10.000 74330.000
-3.948 3.157 9.847 10.000 74340.000
-3.952 2.992 9.885 10.000 74350.000
-3.950 2.949 9.856 10.000 74360.000
-3.936 2.987 9.880 10.000 74370.000
-3.921 3.083 9.931 10.000 74380.000
-3.859 3.143 10.038 10.000 74390.000
-3.706 3.155 10.086 10.000 74400.000
-3.564 3.086 10.081 10.000 74410.000
-3.380 3.009 10.014 10.000 74420.000
-3.246 2.954 9.892 10.000 74430.000
-3.126 3.052 9.828 10.000 74440.000
-2.858 3.215 9.761 10.000 74450.000
-2.633 3.385 9.756 10.000 74460.000
-2.281 3.507 9.689 10.000 74470.000
-1.869 3.466 9.574 10.000 74480.000
-1.606 3.361 9.461 11.000 74491.000
-1.173 3.272 9.363 9.000 74500.000
-0.866 3.232 9.327 10.000 74510.000
-0.603 3.315 9.323 10.000 74520.000
-0.198 3.572 9.334 10.000 74530.000
0.035 3.811 9.332 10.000 74540.000
0.438 4.199 9.433 10.000 74550.000
0.746 4.520 9.552 10.000 74560.000
1.197 4.491 9.366 10.000 74570.000
1.886 4.422 9.083 10.000 74580.000
2.408 4.204 8.698 10.000 74590.000
2.930 3.916 8.396 10.000 74600.000
3.069 3.778 8.372 10.000 74610.000
2.968 3.679 8.444 10.000 74620.000
2.841 3.694 8.504 10.000 74630.000
2.715 3.778 8.480 10.000 74640.000
2.616 4.062 8.520 10.000 74650.000
2.449 4.441 8.530 10.000 74660.000
2.308 4.707 8.552 10.000 74670.000
2.202 4.970 8.382 10.000 74680.000
2.169 5.061 8.159 10.000 74690.000
2.308 5.164 7.807 10.000 74700.000
2.360 5.324 7.469 10.000 74710.000
2.377 5.487 7.323 10.000 74720.000
2.255 5.693 7.043 10.000 74730.000
2.097 5.940 6.710 10.000 74740.000
2.025 6.129 6.363 10.000 74750.000
2.056 6.452 5.784 10.000 74760.000
2.226 6.732 5.339 10.000 74770.000
2.432 6.888 4.917 10.000 74780.000
2.738 7.024 4.175 10.000 74790.000
2.942 7.026 3.665 10.000 74800.000
3.318 7.175 2.973 10.000 74810.000
3.591 7.302 2.470 10.000 74820.000
3.632 7.417 1.922 10.000 74830.000
3.598 7.405 1.266 10.000 74840.000
3.392 7.247 0.792 10.000 74850.000
3.306 7.103 0.447 10.000 74860.000
3.351 6.991 0.469 10.000 74870.000
3.361 7.041 0.730 10.000 74880.000
3.184 7.103 1.084 10.000 74890.000
2.887 7.151 1.309 10.000 74900.000
2.509 7.168 1.508 10.000 74910.000
2.303 7.139 1.575 10.000 74920.000
2.284 7.098 1.549 10.000 74930.000
2.389 7.089 1.628 10.000 74940.000
2.576 7.110 1.733 10.000 74950.000
2.801 7.149 1.884 10.000 74960.000
3.153 7.096 2.161 10.000 74970.000
3.380 7.012 2.334 10.000 74980.000
3.641 6.816 2.578 10.000 74990.000
3.801 6.612 2.777 10.000 75000.000
3.871 6.483 3.031 10.000 75010.000
3.974 6.440 3.471 10.000 75020.000
4.043 6.509 3.840 10.000 75030.000
4.180 6.663 4.417 10.000 75040.000
4.390 6.694 4.915 10.000 75050.000
4.568 6.639 5.226 10.000 75060.000
4.841 6.318 5.643 10.000 75070.000
5.046 5.913 5.851 10.000 75080.000
5.224 5.449 5.884 10.000 75090.000
5.398 4.848 5.846 10.000 75100.000
5.477 4.513 5.702 10.000 75110.000
5.504 4.223 5.561 10.000 75120.000
5.449 4.132 5.492 11.000 75131.000
5.403 4.326 5.674 8.000 75139.000
5.094 4.584 6.215 10.000 75149.000
4.838 4.797 6.754 10.000 75159.000
4.402 5.068 7.410 10.000 75169.000
3.945 5.262 7.769 10.000 75179.000
3.751 5.391 7.769 10.000 75189.000
3.576 5.552 7.436 10.000 75199.000
3.581 5.655 6.986 10.000 75209.000
3.596 5.631 6.339 11.000 75220.000
3.545 5.501 5.552 9.000 75229.000
3.476 5.341 5.097 10.000 75239.000
3.284 5.092 4.687 11.000 75250.000
3.098 4.898 4.592 9.000 75259.000
2.944 4.778 4.695 11.000 75270.000
2.655 4.529 4.541 9.000 75279.000
2.487 4.369 4.343 11.000 75290.000
2.166 3.974 3.825 10.000 75300.000
1.608 3.368 2.995 9.000 75309.000
1.187 2.892 2.420 10.000 75319.000
0.098 2.154 2.504 10.000 75329.000
-0.837 1.651 2.906 10.000 75339.000
-4.271 2.511 7.079 11.000 75350.000
-9.203 1.747 7.038 9.000 75359.000
-13.467 1.244 6.339 10.000 75369.000
-13.728 0.938 9.251 10.000 75379.000
-11.224 -0.488 8.647 10.000 75389.000
-6.567 0.033 9.610 11.000 75400.000
-2.643 0.871 8.590 9.000 75409.000
-2.722 1.513 3.960 10.000 75419.000
-2.123 2.602 1.438 10.000 75429.000
-1.201 4.453 4.232 10.000 75439.000
0.452 5.987 9.009 11.000 75450.000
3.165 9.720 13.433 9.000 75459.000
5.200 13.005 15.749 13.000 75472.000
8.504 15.370 13.275 7.000 75479.000
10.508 15.437 8.927 11.000 75490.000
11.453 13.306 4.932 10.000 75500.000
12.220 10.737 1.798 10.000 75510.000
10.740 8.001 0.785 10.000 75520.000
9.725 8.298 2.255 10.000 75530.000
7.223 8.695 3.596 10.000 75540.000
4.900 9.531 4.074 10.000 75550.000
2.252 9.883 4.982 10.000 75560.000
0.780 9.394 5.633 10.000 75570.000
0.794 8.805 6.414 10.000 75580.000
1.388 8.810 7.424 10.000 75590.000
2.308 9.299 8.006 10.000 75600.000
3.406 9.911 7.639 10.000 75610.000
5.331 10.046 6.330 10.000 75620.000
6.677 9.586 4.790 10.000 75630.000
8.781 9.119 2.671 10.000 75640.000
10.366 8.633 1.149 10.000 75650.000
10.900 8.657 0.344 10.000 75660.000
10.608 8.497 -0.129 10.000 75670.000
9.557 8.343 -0.023 10.000 75680.000
7.599 8.032 -0.215 10.000 75690.000
4.972 7.237 -0.282 10.000 75700.000
3.172 6.627 -0.679 10.000 75710.000
0.201 5.518 -0.471 10.000 75720.000
-1.862 4.568 0.033 10.000 75730.000
-5.533 3.718 2.035 10.000 75740.000
-8.829 1.826 6.359 10.000 75750.000
-10.955 0.433 10.077 10.000 75760.000
-10.467 -0.021 12.684 10.000 75770.000
-7.479 -0.124 13.895 10.000 75780.000
-0.610 3.351 11.032 10.000 75790.000
6.643 8.286 6.002 10.000 75800.000
11.283 12.282 2.082 10.000 75810.000
13.072 14.587 -2.049 10.000 75820.000
10.606 14.355 -4.429 10.000 75830.000
6.648 10.879 -1.869 10.000 75840.000
2.956 8.226 1.271 10.000 75850.000
2.116 7.264 4.625 10.000 75860.000
1.369 7.132 7.175 10.000 75870.000
1.884 8.382 6.871 10.000 75880.000
2.133 8.808 5.985 10.000 75890.000
2.636 8.966 4.635 10.000 75900.000
3.045 8.293 4.089 10.000 75910.000
3.818 7.910 3.543 10.000 75920.000
4.515 7.472 3.062 10.000 75930.000
4.958 7.302 3.045 10.000 75940.000
5.331 7.237 3.122 10.000 75950.000
5.006 7.309 3.263 11.000 75961.000
4.757 7.436 3.339 9.000 75970.000
4.350 7.568 3.418 10.000 75980.000
4.012 7.594 3.404 10.000 75990.000
3.864 7.721 3.476 10.000 76000.000
3.756 8.010 3.502 10.000 76010.000
3.806 8.295 3.526 10.000 76020.000
3.955 8.559 3.543 10.000 76030.000
4.094 8.700 3.490 10.000 76040.000
4.247 8.365 3.409 20.000 76060.000
4.400 8.030 3.327 10.000 76070.000
4.501 7.709 3.282 10.000 76080.000
4.601 7.388 3.236 10.000 76090.000
4.707 7.433 3.239 10.000 76100.000
4.774 7.460 3.222 10.000 76110.000
4.795 7.493 3.177 10.000 76120.000
4.848 7.472 3.083 10.000 76130.000
4.814 7.465 3.035 10.000 76140.000
4.819 7.477 3.007 10.000 76150.000
4.814 7.580 2.961 10.000 76160.000
4.778 7.738 2.964 10.000 76170.000
4.735 7.740 3.045 10.000 76180.000
4.764 7.649 3.071 10.000 76190.000
4.802 7.467 3.114 10.000 76200.000
4.936 7.335 3.177 10.000 76210.000
5.104 7.292 3.141 10.000 76220.000
5.202 7.290 3.191 10.000 76230.000
5.243 7.271 3.232 10.000 76240.000
5.188 7.201 3.253 10.000 76250.000
5.209 7.086 3.222 10.000 76260.000
5.262 7.050 3.131 10.000 76270.000
5.372 7.031 3.050 10.000 76280.000
5.513 6.976 3.162 10.000 76290.000
5.578 6.967 3.327 10.000 76300.000
5.655 6.916 3.394 10.000 76310.000
5.755 6.871 3.339 10.000 76320.000
5.825 6.861 3.090 10.000 76330.000
5.844 6.742 2.880 10.000 76340.000
5.817 6.636 2.796 10.000 76350.000
5.777 6.581 2.870 10.000 76360.000
5.793 6.598 2.930 10.000 76370.000
5.861 6.725 2.952 10.000 76380.000
5.884 6.792 3.055 10.000 76390.000
5.935 6.787 3.124 10.000 76400.000
5.928 6.710 3.208 10.000 76410.000
5.930 6.567 3.270 10.000 76420.000
5.975 6.483 3.251 10.000 76430.000
5.971 6.423 3.105 10.000 76440.000
5.987 6.387 3.047 10.000 76450.000
5.995 6.418 3.011 10.000 76460.000
6.030 6.414 3.055 10.000 76470.000
6.081 6.402 3.222 10.000 76480.000
6.110 6.325 3.272 10.000 76490.000
6.090 6.244 3.220 10.000 76500.000
6.042 6.198 3.088 10.000 76510.000
5.944 6.272 2.940 10.000 76520.000
5.844 6.404 2.985 10.000 76530.000
5.791 6.540 3.134 10.000 76540.000
5.707 6.576 3.205 10.000 76550.000
5.674 6.493 3.294 10.000 76560.000
5.693 6.380 3.205 10.000 76570.000
5.698 6.210 3.124 10.000 76580.000
5.734 6.141 3.119 10.000 76590.000
6.074 5.343 2.868 10.000 76600.000
6.363 4.558 2.628 10.000 76610.000
6.418 5.027 2.547 10.000 76620.000
6.054 5.453 2.949 10.000 76630.000
5.386 6.607 3.598 10.000 76640.000
4.714 7.697 4.163 10.000 76650.000
4.290 7.589 4.563 10.000 76660.000
4.623 7.505 4.426 10.000 76670.000
4.915 7.211 4.285 10.000 76680.000
5.212 6.981 4.228 10.000 76690.000
5.468 6.677 3.926 10.000 76700.000
5.645 6.517 3.416 10.000 76710.000
5.863 6.567 2.911 10.000 76720.000
6.141 6.701 2.293 10.000 76730.000
6.459 6.909 1.920 10.000 76740.000
6.457 6.730 2.032 10.000 76750.000
6.370 6.550 2.061 10.000 76760.000
6.224 6.287 2.202 10.000 76770.000
6.019 6.275 2.439 10.000 76780.000
5.875 6.526 2.451 10.000 76790.000
5.707 6.888 2.664 10.000 76800.000
5.537 7.184 2.825 10.000 76810.000
5.427 7.230 2.889 10.000 76820.000
5.432 7.331 3.167 10.000 76830.000
5.623 7.307 3.557 10.000 76840.000
5.817 7.347 4.000 10.000 76850.000
5.499 7.369 4.709 10.000 76860.000
5.066 7.335 5.204 10.000 76870.000
4.711 6.871 4.843 10.000 76880.000
4.932 6.564 4.422 10.000 76890.000
5.664 6.277 3.734 10.000 76900.000
6.129 6.239 3.392 10.000 76910.000
6.435 6.646 3.677 10.000 76920.000
5.851 6.926 3.888 10.000 76930.000
5.403 7.094 3.907 10.000 76940.000
5.224 7.012 3.581 10.000 76950.000
5.202 6.952 3.354 10.000 76960.000
5.372 6.933 3.256 10.000 76970.000
5.406 7.026 3.349 10.000 76980.000
5.257 7.122 4.386 10.000 76990.000
4.951 7.196 5.324 10.000 77000.000
4.541 7.285 5.233 10.000 77010.000
4.936 7.053 4.817 10.000 77020.000
5.513 6.818 3.457 10.000 77030.000
6.019 6.672 2.231 10.000 77040.000
6.751 6.440 2.039 10.000 77050.000
6.473 6.507 2.334 10.000 77060.000
6.234 6.615 2.564 10.000 77070.000
6.066 6.634 2.659 10.000 77080.000
5.937 6.543 2.449 10.000 77090.000
6.059 6.459 2.056 10.000 77100.000
6.143 6.335 1.728 10.000 77110.000
6.198 6.311 1.826 10.000 77120.000
6.215 6.397 2.231 10.000 77130.000
6.169 6.567 2.664 10.000 77140.000
6.062 6.763 3.105 10.000 77150.000
5.983 6.859 3.119 10.000 77160.000
5.832 6.981 3.174 10.000 77170.000
5.698 7.034 3.222 10.000 77180.000
5.647 7.060 3.224 10.000 77190.000
5.659 7.089 3.148 10.000 77200.000
5.743 7.091 3.031 10.000 77210.000
5.882 6.998 2.803 10.000 77220.000
5.985 6.873 2.621 10.000 77230.000
6.026 6.746 2.518 10.000 77240.000
6.086 6.641 2.449 10.000 77250.000
6.090 6.631 2.489 10.000 77260.000
6.076 6.670 2.592 10.000 77270.000
5.987 6.797 2.796 10.000 77280.000
5.880 6.902 2.966 10.000 77290.000
5.679 7.089 3.210 10.000 77300.000
5.511 7.259 3.385 10.000 77310.000
5.453 7.256 3.339 10.000 77320.000
5.410 7.280 3.380 10.000 77330.000
5.461 7.223 3.347 10.000 77340.000
5.511 7.125 3.181 10.000 77350.000
5.533 7.141 3.294 10.000 77360.000
5.540 7.132 3.320 10.000 77370.000
5.616 7.103 3.174 10.000 77380.000
5.693 7.115 3.160 10.000 77390.000
5.789 7.026 2.782 10.000 77400.000
5.884 6.900 2.533 10.000 77410.000
5.911 6.792 2.456 10.000 77420.000
5.980 6.706 2.274 10.000 77430.000
6.023 6.689 2.298 10.000 77440.000
6.078 6.734 2.267 10.000 77450.000
6.052 6.818 2.466 10.000 77460.000
5.983 6.880 2.770 10.000 77470.000
5.889 6.950 2.908 10.000 77480.000
5.784 6.995 2.973 10.000 77490.000
5.822 7.000 2.741 10.000 77500.000
5.839 7.005 2.691 10.000 77510.000
5.880 7.003 2.806 10.000 77520.000
5.861 7.024 2.865 10.000 77530.000
5.978 7.094 2.736 10.000 77540.000
6.117 7.163 2.425 10.000 77550.000
6.349 7.165 2.164 10.000 77560.000
6.641 7.144 1.958 10.000 77570.000
6.531 6.883 2.195 10.000 77580.000
6.272 6.603 2.523 10.000 77590.000
5.920 6.390 2.801 10.000 77600.000
5.537 6.241 2.942 10.000 77610.000
5.358 6.287 2.896 10.000 77620.000
5.291 6.603 2.650 10.000 77630.000
5.288 7.046 2.774 10.000 77640.000
5.317 7.424 3.035 10.000 77650.000
5.386 7.718 3.150 10.000 77660.000
5.499 7.565 3.335 10.000 77670.000
5.547 7.285 3.148 10.000 77680.000
5.686 6.962 2.940 10.000 77690.000
5.784 6.722 2.877 10.000 77700.000
5.882 6.670 2.949 10.000 77710.000
5.908 6.720 2.992 10.000 77720.000
5.844 6.813 3.057 10.000 77730.000
5.645 6.933 3.246 10.000 77740.000
5.439 7.062 3.342 10.000 77750.000
5.264 7.228 3.567 10.000 77760.000
4.996 7.285 3.835 10.000 77770.000
4.862 7.316 3.979 10.000 77780.000
4.812 7.338 3.916 10.000 77790.000
4.678 7.079 3.287 10.000 77800.000
4.637 6.928 2.614 10.000 77810.000
5.425 6.947 1.541 10.000 77820.000
6.129 6.976 0.675 10.000 77830.000
6.936 7.165 0.600 10.000 77840.000
7.149 7.196 0.881 10.000 77850.000
6.533 7.058 1.561 10.000 77860.000
5.695 6.943 2.487 10.000 77870.000
4.879 6.809 3.088 10.000 77880.000
4.759 6.847 3.404 10.000 77890.000
4.745 6.902 3.488 10.000 77900.000
4.953 6.933 3.325 10.000 77910.000
5.073 6.921 3.457 10.000 77920.000
4.967 6.993 3.660 10.000 77930.000
4.757 7.048 4.096 10.000 77940.000
4.604 7.170 4.398 10.000 77950.000
4.539 7.335 4.405 10.000 77960.000
4.707 7.398 4.094 10.000 77970.000
4.972 7.280 3.720 10.000 77980.000
5.181 7.096 3.481 10.000 77990.000
5.408 6.897 3.294 10.000 78000.000
5.525 6.703 3.284 10.000 78010.000
5.494 6.849 3.402 10.000 78020.000
5.334 6.943 3.591 10.000 78030.000
5.154 7.050 3.727 10.000 78040.000
4.999 7.275 3.998 10.000 78050.000
4.829 7.347 4.211 10.000 78060.000
4.788 7.472 4.352 10.000 78070.000
4.637 7.596 4.311 10.000 78080.000
4.462 7.603 4.137 10.000 78090.000
4.616 7.508 3.713 10.000 78100.000
4.781 7.357 3.380 10.000 78110.000
5.056 7.206 3.229 10.000 78120.000
5.248 6.981 3.136 10.000 78130.000
5.176 6.852 3.284 10.000 78140.000
5.099 6.801 3.301 10.000 78150.000
5.097 6.756 3.248 10.000 78160.000
5.178 6.785 3.138 10.000 78170.000
5.339 6.878 2.968 10.000 78180.000
5.482 7.017 2.875 10.000 78190.000
5.552 7.151 2.851 10.000 78200.000
5.583 7.201 2.856 10.000 78210.000
5.535 7.187 2.920 10.000 78220.000
5.530 7.084 2.999 10.000 78230.000
5.521 6.964 2.889 10.000 78240.000
5.549 6.928 2.750 10.000 78250.000
5.612 6.852 2.607 10.000 78260.000
5.640 6.794 2.413 10.000 78270.000
5.700 6.811 2.518 10.000 78280.000
5.657 6.931 2.583 10.000 78290.000
5.580 7.091 2.652 10.000 78300.000
5.489 7.213 2.894 10.000 78310.000
5.372 7.278 3.026 10.000 78320.000
5.406 7.180 3.198 10.000 78330.000
5.444 7.074 3.023 10.000 78340.000
5.497 7.007 2.676 10.000 78350.000
5.590 6.892 2.389 10.000 78360.000
5.688 6.904 2.387 10.000 78370.000
5.781 6.924 2.731 10.000 78380.000
5.837 7.053 2.964 10.000 78390.000
5.851 7.230 3.136 10.000 78400.000
5.755 7.287 3.040 10.000 78410.000
5.671 7.264 2.942 10.000 78420.000
5.626 7.129 2.956 10.000 78430.000
5.602 6.926 2.908 10.000 78440.000
5.635 6.775 2.844 10.000 78450.000
5.683 6.756 2.645 10.000 78460.000
5.724 6.799 2.540 10.000 78470.000
5.743 6.912 2.497 10.000 78480.000
5.755 7.053 2.590 10.000 78490.000
5.738 7.134 2.796 10.000 78500.000
5.729 7.153 2.908 10.000 78510.000
5.750 7.115 3.081 10.000 78520.000
5.779 7.048 3.117 10.000 78530.000
5.810 6.959 3.074 10.000 78540.000
5.834 6.895 2.837 10.000 78550.000
5.827 6.888 2.540 10.000 78560.000
5.839 6.890 2.310 10.000 78570.000
5.851 6.924 2.183 10.000 78580.000
5.851 6.979 2.372 10.000 78590.000
5.849 7.053 2.657 10.000 78600.000
5.827 7.117 2.875 11.000 78611.000
5.765 7.177 3.086 9.000 78620.000
5.693 7.144 3.143 10.000 78630.000
5.623 7.091 3.105 10.000 78640.000
5.552 6.986 3.016 10.000 78650.000
5.521 6.885 2.935 10.000 78660.000
5.588 6.912 2.779 10.000 78670.000
5.722 6.964 2.638 10.000 78680.000
5.858 7.070 2.547 10.000 78690.000
5.906 7.125 2.638 10.000 78700.000
5.870 7.067 2.760 11.000 78711.000
5.767 6.983 2.868 9.000 78720.000
5.700 6.928 2.920 10.000 78730.000
5.722 6.924 2.791 10.000 78740.000
5.758 6.986 2.750 10.000 78750.000
5.798 7.003 2.612 10.000 78760.000
5.803 6.991 2.528 10.000 78770.000
5.815 6.943 2.260 10.000 78780.000
5.827 6.861 1.977 10.000 78790.000
5.889 6.845 2.023 10.000 78800.000
5.978 6.830 2.097 10.000 78810.000
6.059 6.852 2.355 10.000 78820.000
6.071 6.866 2.513 10.000 78830.000
6.028 6.861 2.442 10.000 78840.000
5.942 6.804 2.264 10.000 78850.000
5.868 6.775 2.054 10.000 78860.000
5.863 6.754 1.944 10.000 78870.000
5.875 6.789 2.030 10.000 78880.000
5.920 6.871 2.128 10.000 78890.000
5.954 6.924 2.260 10.000 78900.000
5.973 6.952 2.288 10.000 78910.000
5.975 6.924 2.121 10.000 78920.000
5.942 6.864 1.968 10.000 78930.000
5.935 6.811 2.020 10.000 78940.000
5.942 6.782 2.176 10.000 78950.000
5.980 6.773 2.365 10.000 78960.000
6.038 6.799 2.604 10.000 78970.000
6.028 6.859 2.621 10.000 78980.000
5.980 6.974 2.619 10.000 78990.000
5.901 7.070 2.583 10.000 79000.000
5.817 7.156 2.454 10.000 79010.000
5.829 7.141 2.425 10.000 79020.000
5.880 7.072 2.415 10.000 79030.000
5.954 7.005 2.461 10.000 79040.000
6.033 6.947 2.600 10.000 79050.000
6.028 6.962 2.564 10.000 79060.000
5.995 7.022 2.537 10.000 79070.000
5.937 7.079 2.456 10.000 79080.000
5.913 7.144 2.420 10.000 79090.000
5.918 7.196 2.475 10.000 79100.000
5.959 7.182 2.540 10.000 79110.000
5.963 7.149 2.485 10.000 79120.000
5.935 7.108 2.384 10.000 79130.000
5.901 7.036 2.296 10.000 79140.000
5.863 7.038 2.243 10.000 79150.000
5.861 7.060 2.310 10.000 79160.000
5.880 7.072 2.410 10.000 79170.000
5.904 7.115 2.499 10.000 79180.000
5.961 7.108 2.466 10.000 79190.000
5.995 7.065 2.315 10.000 79200.000
6.007 7.031 2.130 10.000 79210.000
5.997 7.003 1.953 10.000 79220.000
5.951 6.971 1.843 10.000 79230.000
5.947 6.995 1.946 10.000 79240.000
5.911 7.046 2.035 10.000 79250.000
5.896 7.091 2.116 10.000 79260.000
5.880 7.132 2.224 10.000 79270.000
5.846 7.153 2.236 10.000 79280.000
5.863 7.141 2.324 10.000 79290.000
5.956 7.103 2.193 10.000 79300.000
6.052 7.070 2.035 10.000 79310.000
6.234 7.019 1.687 10.000 79320.000
6.234 6.878 1.429 10.000 79330.000
6.157 6.763 1.391 10.000 79340.000
5.978 6.610 1.448 10.000 79350.000
5.712 6.473 1.695 10.000 79360.000
5.659 6.392 1.350 10.000 79370.000
5.822 6.536 1.122 10.000 79380.000
6.088 6.718 0.799 10.000 79390.000
6.205 7.007 0.957 10.000 79400.000
6.272 7.340 1.556 10.000 79410.000
6.011 7.429 2.185 10.000 79420.000
5.734 7.548 2.796 10.000 79430.000
5.604 7.560 2.925 10.000 79440.000
5.487 7.558 2.968 10.000 79450.000
5.521 7.577 3.007 10.000 79460.000
5.571 7.565 3.064 10.000 79470.000
5.638 7.556 3.098 10.000 79480.000
5.693 7.560 3.217 10.000 79490.000
5.667 7.546 3.136 10.000 79500.000
5.609 7.508 3.040 10.000 79510.000
5.535 7.467 2.968 10.000 79520.000
5.463 7.433 2.899 10.000 79530.000
5.434 7.417 2.887 10.000 79540.000
5.382 7.383 3.019 10.000 79550.000
5.212 7.278 3.234 10.000 79560.000
5.039 7.165 3.447 10.000 79570.000
4.833 7.105 3.718 10.000 79580.000
4.623 7.156 3.971 9.000 79589.000
4.529 7.278 4.141 11.000 79600.000
4.450 7.484 4.469 10.000 79610.000
4.405 7.637 4.740 10.000 79620.000
4.474 7.788 4.733 10.000 79630.000
4.474 7.807 4.252 10.000 79640.000
4.460 7.742 3.612 10.000 79650.000
4.175 7.457 2.703 10.000 79660.000
3.835 7.105 1.958 9.000 79669.000
4.685 7.091 1.146 10.000 79679.000
5.679 7.103 0.081 11.000 79690.000
6.943 7.335 -0.713 9.000 79699.000
7.960 7.455 -1.321 10.000 79709.000
7.501 7.247 -0.742 10.000 79719.000
6.897 7.012 0.090 10.000 79729.000
6.088 6.761 1.041 10.000 79739.000
5.525 6.622 1.805 11.000 79750.000
5.516 6.797 1.810 9.000 79759.000
5.576 6.947 1.939 10.000 79769.000
5.841 7.115 1.951 10.000 79779.000
5.949 7.189 2.008 10.000 79789.000
5.861 7.072 2.178 11.000 79800.000
5.659 7.089 2.140 9.000 79809.000
5.537 7.101 2.181 10.000 79819.000
5.573 7.206 2.176 10.000 79829.000
5.619 7.273 2.231 10.000 79839.000
5.695 7.208 2.329 11.000 79850.000
5.693 7.149 2.348 9.000 79859.000
5.736 7.120 2.377 11.000 79870.000
5.770 7.129 2.346 10.000 79880.000
5.822 7.216 2.327 10.000 79890.000
5.870 7.261 2.243 10.000 79900.000
5.872 7.275 2.149 10.000 79910.000
5.858 7.299 2.102 10.000 79920.000
5.837 7.268 2.082 10.000 79930.000
5.791 7.299 2.197 10.000 79940.000
5.734 7.343 2.327 10.000 79950.000
5.693 7.376 2.410 10.000 79960.000
5.645 7.347 2.482 10.000 79970.000
5.568 7.299 2.530 10.000 79980.000
5.504 7.240 2.564 10.000 79990.000
5.398 7.206 2.518 10.000 80000.000
5.300 7.235 2.485 10.000 80010.000
5.305 7.304 2.396 10.000 80020.000
5.336 7.343 2.413 10.000 80030.000
5.408 7.354 2.509 10.000 80040.000
5.475 7.338 2.571 10.000 80050.000
5.497 7.278 2.643 10.000 80060.000
5.521 7.230 2.482 10.000 80070.000
5.600 7.139 2.200 10.000 80080.000
5.683 7.077 1.951 10.000 80090.000
5.779 7.022 1.728 10.000 80100.000
5.846 6.986 1.632 10.000 80110.000
5.884 7.003 1.783 10.000 80120.000
5.887 7.053 1.977 10.000 80130.000
5.877 7.096 2.145 12.000 80142.000
5.837 7.175 2.288 8.000 80150.000
5.801 7.192 2.209 9.000 80159.000
5.801 7.175 2.087 10.000 80169.000
5.856 7.070 1.838 10.000 80179.000
5.942 6.928 1.613 10.000 80189.000
6.028 6.900 1.575 11.000 80200.000
6.141 6.940 1.541 9.000 80209.000
6.198 7.070 1.635 10.000 80219.000
6.263 7.206 1.723 10.000 80229.000
6.296 7.283 1.723 10.000 80239.000
6.294 7.223 1.608 11.000 80250.000
6.279 7.120 1.491 9.000 80259.000
6.258 7.010 1.379 10.000 80269.000
6.232 6.931 1.288 10.000 80279.000
6.215 6.916 1.362 10.000 80289.000
6.210 6.945 1.438 11.000 80300.000
6.196 7.007 1.592 9.000 80309.000
6.186 7.038 1.723 11.000 80320.000
6.138 7.132 1.812 9.000 80329.000
6.095 7.189 1.946 10.000 80339.000
6.062 7.213 2.003 10.000 80349.000
5.999 7.232 2.073 10.000 80359.000
5.975 7.192 2.130 10.000 80369.000
5.911 7.208 2.059 10.000 80379.000
5.861 7.211 2.037 10.000 80389.000
5.839 7.218 2.003 10.000 80399.000
5.839 7.213 1.886 10.000 80409.000
5.887 7.129 1.824 11.000 80420.000
5.920 7.060 1.711 9.000 80429.000
5.951 7.029 1.680 11.000 80440.000
5.961 7.010 1.733 9.000 80449.000
5.944 7.077 1.759 10.000 80459.000
5.966 7.139 1.802 11.000 80470.000
5.990 7.163 1.764 10.000 80480.000
6.021 7.194 1.750 10.000 80490.000
6.066 7.196 1.790 10.000 80500.000
6.066 7.175 1.867 10.000 80510.000
6.057 7.156 1.970 10.000 80520.000
6.040 7.129 2.049 10.000 80530.000
6.042 7.115 2.073 10.000 80540.000
6.057 7.079 1.910 10.000 80550.000
6.081 7.041 1.721 10.000 80560.000
6.145 6.969 1.407 10.000 80570.000
6.191 6.885 1.149 10.000 80580.000
6.416 6.833 0.603 10.000 80590.000
6.354 6.806 0.739 10.000 80600.000
6.251 6.813 1.000 10.000 80610.000
6.279 6.777 0.967 10.000 80620.000
6.124 6.761 1.355 10.000 80630.000
6.323 6.833 1.007 10.000 80640.000
6.081 6.665 0.957 10.000 80650.000
5.707 6.540 1.201 10.000 80660.000
5.547 6.612 1.956 10.000 80670.000
5.413 6.830 2.638 10.000 80680.000
5.719 7.287 3.023 10.000 80690.000
5.858 7.663 3.246 10.000 80700.000
5.784 7.843 2.959 10.000 80710.000
5.657 7.685 2.920 10.000 80720.000
5.544 7.546 3.007 10.000 80730.000
5.600 7.489 3.256 10.000 80740.000
5.679 7.515 3.356 10.000 80750.000
5.717 7.618 3.332 10.000 80760.000
5.712 7.690 3.229 10.000 80770.000
5.657 7.723 3.423 10.000 80780.000
5.578 7.673 3.766 10.000 80790.000
5.408 7.596 3.871 10.000 80800.000
5.339 7.558 3.689 10.000 80810.000
5.319 7.558 3.210 10.000 80820.000
5.449 7.639 2.406 10.000 80830.000
5.669 7.747 1.838 10.000 80840.000
5.427 7.625 1.106 10.000 80850.000
5.410 6.921 -0.409 10.000 80860.000
5.245 6.136 -1.599 10.000 80870.000
5.827 5.631 -2.425 10.000 80880.000
6.799 5.329 -2.844 10.000 80890.000
7.733 5.901 -1.951 10.000 80900.000
8.101 6.485 -0.778 10.000 80910.000
7.723 6.789 0.031 10.000 80920.000
7.062 6.962 0.854 10.000 80930.000
6.215 6.842 1.149 10.000 80940.000
5.978 6.701 1.067 10.000 80950.000
5.844 6.665 1.127 10.000 80960.000
5.992 6.761 1.173 10.000 80970.000
6.145 6.926 1.448 10.000 80980.000
6.203 7.127 1.936 10.000 80990.000
6.157 7.223 2.284 10.000 81000.000
6.054 7.333 2.492 10.000 81010.000
5.947 7.374 2.470 10.000 81020.000
5.901 7.283 2.090 10.000 81030.000
5.908 7.206 1.601 10.000 81040.000
5.973 7.115 1.252 10.000 81050.000
6.074 7.043 0.964 10.000 81060.000
6.162 7.077 0.919 10.000 81070.000
6.236 7.096 1.043 10.000 81080.000
6.260 7.113 1.120 10.000 81090.000
6.248 7.110 1.134 10.000 81100.000
6.155 7.149 1.017 10.000 81110.000
6.078 7.247 0.871 10.000 81120.000
6.052 7.347 0.773 10.000 81130.000
6.064 7.450 0.797 10.000 81140.000
6.157 7.513 0.952 10.000 81150.000
6.074 7.546 1.192 10.000 81160.000
5.896 7.572 1.477 10.000 81170.000
5.681 7.596 1.640 10.000 81180.000
