# Accelerometer Data File
# 
#
#
# sensor Vendor: Bosch
# sensor Name: BMA254
# sensor Resolution: 0.009576807m/sec^2; Max Range: 39.2; Min Delay: 10000 microseconds
# The sensor's attributes are the result hardware and the Android capabilities.
# It means that the Android may not utilize all features provided by the hardware.
#
# Some devices and Android versions save battery too much so the device may go to sleep.
# It just happens after couple of minutes from turning off the scree and it is easy to find it out.
#
# The following file provides the data from accelerometer in the m/s^2 format.
# The diff value is just a time delta between the samples
#
#
# data format:
# so we have 4 columns with values separated by the " "
# X Y Z time_from_previous_sample(ms)

# sensor speed set to:FASTEST
# units set to: m/sec^2
# gravity NOT filtered out
# Accuracy: HIGH
-2.607 6.943 5.822 10.000 66000.000
-2.564 7.084 5.494 10.000 66010.000
-2.461 7.010 5.391 10.000 66020.000
-2.492 7.084 5.339 10.000 66030.000
-2.444 7.213 5.279 10.000 66040.000
-2.434 7.462 5.305 10.000 66050.000
-2.509 7.544 5.274 10.000 66060.000
-2.573 7.508 5.099 10.000 66070.000
-2.717 7.417 4.932 11.000 66081.000
-2.817 7.323 4.843 10.000 66091.000
-2.834 7.398 4.812 9.000 66100.000
-3.071 7.108 4.872 9.000 66109.000
-3.117 7.129 5.152 11.000 66120.000
-3.205 7.153 5.353 9.000 66129.000
-3.430 7.089 5.710 13.000 66142.000
-3.375 7.311 6.086 12.000 66154.000
-3.469 7.158 6.258 5.000 66159.000
-3.581 6.988 6.323 11.000 66170.000
-3.557 6.907 6.232 10.000 66180.000
-3.490 6.936 6.138 9.000 66189.000
-3.462 7.058 6.196 11.000 66200.000
-3.414 7.196 6.361 10.000 66210.000
-3.311 7.436 6.696 10.000 66220.000
-3.251 7.565 7.034 10.000 66230.000
-3.208 7.620 7.242 14.000 66244.000
-3.150 7.659 7.422 6.000 66250.000
-3.148 7.596 7.431 10.000 66260.000
-3.191 7.517 7.448 11.000 66271.000
-3.241 7.443 7.553 12.000 66283.000
-3.306 7.386 7.687 7.000 66290.000
-3.406 7.204 7.948 10.000 66300.000
-3.462 7.038 8.202 9.000 66309.000
-3.543 6.758 8.418 11.000 66320.000
-3.670 6.385 8.714 14.000 66334.000
-3.761 6.136 8.884 7.000 66341.000
-3.924 5.832 9.057 8.000 66349.000
-4.041 5.683 9.141 10.000 66359.000
-4.110 5.571 9.100 10.000 66369.000
-4.177 5.384 9.004 10.000 66379.000
-4.173 5.252 8.906 11.000 66390.000
-4.141 4.982 8.793 9.000 66399.000
-4.113 4.769 8.724 12.000 66411.000
-4.077 4.503 8.798 8.000 66419.000
-4.015 4.094 9.006 10.000 66429.000
-3.979 3.823 9.229 10.000 66439.000
-3.902 3.416 9.512 10.000 66449.000
-3.828 3.033 9.734 13.000 66462.000
-3.780 2.794 9.823 12.000 66474.000
-3.672 2.451 9.902 5.000 66479.000
-3.605 2.245 9.921 10.000 66489.000
-3.462 1.968 9.921 10.000 66499.000
-3.246 1.491 9.952 10.000 66509.000
-3.090 1.118 9.993 10.000 66519.000
-2.889 0.474 10.053 10.000 66529.000
-2.772 0.004 10.103 11.000 66540.000
-2.679 -0.502 10.110 12.000 66552.000
-2.468 -1.130 10.096 8.000 66560.000
-2.303 -1.486 10.062 10.000 66570.000
-1.896 -1.910 9.979 10.000 66580.000
-1.537 -2.097 9.907 10.000 66590.000
-1.295 -2.375 9.809 12.000 66602.000
-0.967 -2.810 9.651 12.000 66614.000
-0.881 -3.179 9.543 6.000 66620.000
-0.684 -3.579 9.430 10.000 66630.000
-0.471 -3.778 9.457 10.000 66640.000
-0.344 -3.818 9.543 13.000 66653.000
-0.203 -3.914 9.684 17.000 66670.000
-0.114 -4.103 9.897 9.000 66679.000
0.131 -4.393 10.093 13.000 66692.000
0.378 -4.683 10.290 12.000 66704.000
0.715 -4.984 10.443 10.000 66714.000
0.897 -5.240 10.395 7.000 66721.000
0.905 -5.386 10.273 9.000 66730.000
0.869 -5.638 10.058 9.000 66739.000
0.727 -5.822 9.830 10.000 66749.000
0.574 -6.129 9.749 10.000 66759.000
0.627 -6.658 9.545 11.000 66770.000
0.723 -7.082 9.435 9.000 66779.000
0.981 -7.575 9.143 10.000 66789.000
1.350 -7.867 8.839 10.000 66799.000
1.637 -7.958 8.573 11.000 66810.000
1.733 -8.030 8.092 9.000 66819.000
1.666 -8.032 7.793 10.000 66829.000
1.659 -7.766 6.890 10.000 66839.000
1.527 -7.479 6.071 10.000 66849.000
1.549 -7.026 5.549 10.000 66859.000
1.503 -6.782 5.336 10.000 66869.000
1.398 -6.806 5.726 10.000 66879.000
1.321 -6.801 6.184 10.000 66889.000
1.221 -6.919 6.782 10.000 66899.000
1.187 -6.828 7.072 10.000 66909.000
1.101 -6.706 7.496 10.000 66919.000
0.986 -6.612 7.852 10.000 66929.000
0.718 -6.521 8.061 10.000 66939.000
0.313 -6.268 8.355 10.000 66949.000
-0.038 -6.045 8.516 10.000 66959.000
-0.395 -5.609 8.705 10.000 66969.000
-0.536 -5.233 8.820 10.000 66979.000
-0.608 -4.876 8.894 10.000 66989.000
-0.629 -4.474 9.114 10.000 66999.000
-0.574 -4.311 9.409 21.000 67020.000
-0.433 -4.125 9.715 10.000 67030.000
-0.225 -4.082 9.976 10.000 67040.000
0.040 -3.981 9.967 10.000 67050.000
0.234 -3.854 9.854 11.000 67061.000
0.464 -3.708 9.622 8.000 67069.000
0.857 -3.512 9.253 10.000 67079.000
1.142 -3.418 9.009 10.000 67089.000
1.539 -3.313 8.655 10.000 67099.000
1.814 -3.251 8.408 10.000 67109.000
2.130 -3.210 8.334 10.000 67119.000
2.664 -3.162 8.310 10.000 67129.000
3.086 -3.126 8.396 10.000 67139.000
3.694 -3.150 8.461 10.000 67149.000
4.098 -3.203 8.489 10.000 67159.000
4.458 -3.253 8.255 10.000 67169.000
4.884 -3.277 7.867 10.000 67179.000
5.123 -3.241 7.501 10.000 67189.000
5.319 -3.323 7.206 10.000 67199.000
5.226 -3.538 7.196 11.000 67210.000
5.066 -3.780 7.340 9.000 67219.000
4.726 -4.151 7.386 10.000 67229.000
4.429 -4.405 7.359 10.000 67239.000
4.036 -4.639 7.220 10.000 67249.000
3.244 -4.908 7.268 10.000 67259.000
2.631 -5.046 7.414 10.000 67269.000
1.685 -5.137 7.850 10.000 67279.000
0.952 -5.123 8.327 10.000 67289.000
0.459 -5.039 8.882 10.000 67299.000
-0.074 -4.991 9.478 10.000 67309.000
-0.275 -4.991 9.785 10.000 67319.000
-0.507 -4.888 9.945 10.000 67329.000
-0.572 -4.754 9.701 10.000 67339.000
-0.596 -4.584 9.416 11.000 67350.000
-0.845 -4.532 9.198 9.000 67359.000
-1.063 -4.582 9.126 10.000 67369.000
-1.276 -4.620 9.299 10.000 67379.000
-1.505 -4.467 9.507 10.000 67389.000
-1.510 -4.197 9.648 10.000 67399.000
-1.549 -3.768 9.935 11.000 67410.000
-1.623 -3.457 10.204 10.000 67420.000
-1.680 -3.337 10.436 9.000 67429.000
-1.630 -2.992 10.606 10.000 67439.000
-1.546 -2.806 10.630 10.000 67449.000
-1.328 -2.614 10.426 10.000 67459.000
-1.027 -2.559 10.046 10.000 67469.000
-0.833 -2.729 9.727 10.000 67479.000
-0.610 -2.966 9.308 10.000 67489.000
-0.497 -3.169 9.030 11.000 67500.000
-0.450 -3.315 8.815 9.000 67509.000
-0.342 -3.493 8.700 10.000 67519.000
-0.263 -3.603 8.686 10.000 67529.000
-0.208 -3.703 8.798 11.000 67540.000
-0.172 -3.725 9.026 9.000 67549.000
-0.074 -3.643 9.129 10.000 67559.000
0.086 -3.529 9.186 10.000 67569.000
0.270 -3.423 9.117 10.000 67579.000
0.524 -3.284 9.064 10.000 67589.000
0.701 -3.122 9.105 10.000 67599.000
0.816 -2.992 9.191 11.000 67610.000
0.972 -2.786 9.306 9.000 67619.000
1.058 -2.614 9.404 10.000 67629.000
1.185 -2.468 9.416 10.000 67639.000
1.352 -2.269 9.447 10.000 67649.000
1.479 -2.147 9.449 10.000 67659.000
1.635 -1.963 9.385 10.000 67669.000
1.704 -1.848 9.337 10.000 67679.000
1.747 -1.752 9.193 10.000 67689.000
1.663 -1.699 8.925 11.000 67700.000
1.551 -1.709 8.724 9.000 67709.000
1.374 -1.742 8.355 10.000 67719.000
1.165 -1.831 7.864 10.000 67729.000
1.084 -1.877 7.498 10.000 67739.000
0.902 -1.975 6.993 10.000 67749.000
0.785 -2.049 6.655 10.000 67759.000
0.600 -2.248 6.481 10.000 67769.000
0.287 -2.669 6.337 10.000 67779.000
0.074 -3.038 6.332 10.000 67789.000
-0.464 -3.524 6.347 11.000 67800.000
-1.058 -4.062 6.133 19.000 67819.000
-1.620 -3.835 6.579 10.000 67829.000
-2.183 -3.608 7.024 10.000 67839.000
-2.116 -3.153 7.228 10.000 67849.000
-1.711 -2.451 7.829 10.000 67859.000
-1.209 -2.293 7.740 10.000 67869.000
-0.560 -2.533 7.520 10.000 67879.000
-0.215 -2.882 7.522 10.000 67889.000
-0.248 -3.057 7.671 10.000 67899.000
-0.117 -2.971 7.833 10.000 67909.000
-0.131 -2.487 8.128 10.000 67919.000
0.014 -1.699 8.516 10.000 67929.000
0.339 -1.134 8.623 10.000 67939.000
0.287 -1.218 8.805 11.000 67950.000
0.129 -1.766 9.071 9.000 67959.000
-0.189 -2.619 9.244 10.000 67969.000
-0.751 -3.421 9.459 10.000 67979.000
-1.072 -3.706 9.591 10.000 67989.000
-1.288 -3.526 9.639 11.000 68000.000
-1.503 -3.442 9.660 19.000 68019.000
-1.493 -3.562 9.694 10.000 68029.000
-1.477 -3.737 9.521 10.000 68039.000
-1.460 -3.912 9.349 10.000 68049.000
-1.345 -4.089 9.023 10.000 68059.000
-1.211 -4.113 8.643 10.000 68069.000
-1.218 -4.218 8.525 10.000 68079.000
-1.467 -4.338 8.528 10.000 68089.000
-1.814 -4.359 8.710 11.000 68100.000
-2.188 -4.467 8.798 9.000 68109.000
-2.456 -4.568 8.825 10.000 68119.000
-2.470 -4.307 8.700 10.000 68129.000
-2.454 -4.041 8.657 10.000 68139.000
-2.236 -3.931 8.700 20.000 68159.000
-1.989 -3.665 8.930 10.000 68169.000
-1.692 -3.620 9.224 20.000 68189.000
-1.426 -3.579 9.437 10.000 68199.000
-1.726 -3.129 9.775 20.000 68219.000
-2.054 -2.834 9.926 10.000 68229.000
-2.389 -2.858 9.763 10.000 68239.000
-2.724 -2.882 9.600 10.000 68249.000
-2.640 -3.011 9.169 10.000 68259.000
-2.669 -3.057 8.688 10.000 68269.000
-2.753 -2.911 8.487 10.000 68279.000
-2.746 -2.861 8.240 10.000 68289.000
-2.535 -2.937 8.104 10.000 68299.000
-2.212 -3.098 8.018 10.000 68309.000
-1.884 -3.241 8.008 10.000 68319.000
-1.647 -3.289 8.044 10.000 68329.000
-1.774 -3.138 8.267 11.000 68340.000
-1.987 -2.997 8.554 9.000 68349.000
-2.205 -2.873 8.765 10.000 68359.000
-2.540 -2.796 9.066 10.000 68369.000
-2.743 -2.853 9.222 10.000 68379.000
-2.925 -3.016 9.490 10.000 68389.000
-2.863 -3.169 9.998 10.000 68399.000
-2.683 -3.275 10.414 11.000 68410.000
-2.367 -3.440 10.817 9.000 68419.000
-1.975 -3.378 10.903 11.000 68430.000
-1.826 -3.325 10.749 9.000 68439.000
-1.647 -3.344 10.553 10.000 68449.000
-1.752 -3.454 10.455 13.000 68462.000
-1.869 -3.677 10.496 8.000 68470.000
-2.133 -4.060 10.527 9.000 68479.000
-2.427 -4.371 10.601 10.000 68489.000
-2.597 -4.580 10.685 10.000 68499.000
-2.767 -4.788 10.769 10.000 68509.000
-3.021 -4.814 10.864 10.000 68519.000
-3.344 -4.752 10.910 10.000 68529.000
-3.643 -4.642 10.862 10.000 68539.000
-4.062 -4.604 10.754 10.000 68549.000
-4.326 -4.541 10.726 10.000 68559.000
-4.520 -4.568 10.747 11.000 68570.000
-4.752 -4.558 10.860 9.000 68579.000
-4.865 -4.477 11.032 10.000 68589.000
-4.730 -4.249 11.243 10.000 68599.000
-4.388 -3.962 11.427 11.000 68610.000
-4.007 -3.711 11.520 9.000 68619.000
-3.569 -3.402 11.571 10.000 68629.000
-3.303 -3.284 11.501 10.000 68639.000
-3.208 -3.141 11.573 11.000 68650.000
-3.040 -2.985 11.724 9.000 68659.000
-2.930 -2.887 11.918 10.000 68669.000
-2.691 -2.726 12.038 10.000 68679.000
-2.451 -2.557 11.920 10.000 68689.000
-2.284 -2.398 11.724 10.000 68699.000
-1.982 -2.195 11.401 10.000 68709.000
-1.810 -2.054 11.152 10.000 68719.000
-1.534 -1.984 10.747 11.000 68730.000
-1.132 -1.936 10.034 10.000 68740.000
-0.864 -1.934 9.447 10.000 68750.000
-0.483 -1.788 8.769 10.000 68760.000
-0.244 -1.666 8.370 10.000 68770.000
0.011 -1.314 8.149 10.000 68780.000
0.361 -0.828 7.800 9.000 68789.000
0.598 -0.486 7.541 10.000 68799.000
0.778 0.040 7.376 11.000 68810.000
0.948 0.275 7.539 9.000 68819.000
1.024 0.375 7.831 10.000 68829.000
1.003 0.588 8.152 10.000 68839.000
1.039 0.617 8.379 11.000 68850.000
0.936 0.924 8.382 9.000 68859.000
1.165 1.510 8.346 11.000 68870.000
1.493 1.984 8.281 9.000 68879.000
1.924 2.585 8.269 10.000 68889.000
2.360 2.992 8.283 10.000 68899.000
2.260 3.167 8.494 10.000 68909.000
2.051 3.509 8.906 10.000 68919.000
1.740 3.725 9.265 10.000 68929.000
1.587 3.971 9.696 10.000 68939.000
1.637 4.170 9.969 10.000 68949.000
2.133 4.146 9.816 10.000 68959.000
2.542 4.271 9.651 10.000 68969.000
2.794 4.364 9.414 10.000 68979.000
3.045 4.613 9.143 10.000 68989.000
2.959 5.054 8.995 10.000 68999.000
2.959 5.346 8.858 11.000 69010.000
2.906 5.695 8.585 9.000 69019.000
2.853 5.889 8.346 10.000 69029.000
2.753 5.901 8.123 10.000 69039.000
2.578 5.887 7.903 10.000 69049.000
2.456 5.815 7.819 10.000 69059.000
2.351 5.760 7.764 10.000 69069.000
2.293 5.750 7.795 10.000 69079.000
2.334 5.731 7.790 10.000 69089.000
2.365 5.674 7.898 10.000 69099.000
2.379 5.600 7.977 11.000 69110.000
2.442 5.535 7.991 9.000 69119.000
2.511 5.497 7.922 10.000 69129.000
2.590 5.497 7.740 10.000 69139.000
2.746 5.456 7.453 10.000 69149.000
2.853 5.406 7.230 10.000 69159.000
2.999 5.341 7.089 10.000 69169.000
2.877 5.176 6.933 10.000 69179.000
2.679 5.051 6.883 10.000 69189.000
2.327 4.805 6.799 10.000 69199.000
1.905 4.582 6.751 11.000 69210.000
1.781 4.381 6.777 9.000 69219.000
1.721 4.237 6.885 10.000 69229.000
1.814 4.216 7.026 10.000 69239.000
1.941 4.175 7.108 10.000 69249.000
2.147 4.189 6.964 10.000 69259.000
2.288 4.146 6.739 11.000 69270.000
2.568 4.070 6.426 9.000 69279.000
2.815 4.012 6.172 10.000 69289.000
2.916 3.971 6.138 10.000 69299.000
2.777 3.936 6.320 10.000 69309.000
2.499 3.933 6.591 13.000 69322.000
2.073 3.924 6.950 7.000 69329.000
1.757 3.866 7.165 11.000 69340.000
1.680 3.804 7.165 10.000 69350.000
1.733 3.677 6.967 10.000 69360.000
1.934 3.557 6.679 10.000 69370.000
2.147 3.383 6.287 10.000 69380.000
2.308 3.016 5.753 10.000 69390.000
2.339 2.715 5.418 20.000 69410.000
2.300 2.360 5.011 11.000 69421.000
2.128 2.114 4.805 9.000 69430.000
1.936 2.032 4.831 12.000 69442.000
1.745 1.951 4.857 9.000 69451.000
1.513 1.886 5.099 10.000 69461.000
1.331 1.824 5.334 10.000 69471.000
1.110 1.695 5.501 9.000 69480.000
0.873 1.484 5.700 12.000 69492.000
0.746 1.309 5.755 9.000 69501.000
0.435 1.036 5.990 10.000 69511.000
0.045 0.732 6.406 10.000 69521.000
-0.328 0.509 6.792 10.000 69531.000
-0.785 0.239 7.252 11.000 69542.000
-1.058 0.067 7.532 9.000 69551.000
-1.122 0.117 7.630 10.000 69561.000
-1.206 0.210 7.819 10.000 69571.000
-1.206 0.351 7.934 10.000 69581.000
-1.295 0.351 8.228 11.000 69592.000
-1.403 0.253 8.499 8.000 69600.000
-1.544 0.119 8.769 11.000 69611.000
-1.678 0.055 9.038 10.000 69621.000
-1.723 0.131 9.126 10.000 69631.000
-1.750 0.229 9.251 11.000 69642.000
-1.714 0.153 9.409 8.000 69650.000
-1.685 0.007 9.569 11.000 69661.000
-1.711 -0.251 9.701 11.000 69672.000
-1.757 -0.531 9.797 8.000 69680.000
-1.833 -0.682 9.782 10.000 69690.000
-1.891 -0.921 9.852 10.000 69700.000
-1.893 -1.048 9.950 10.000 69710.000
-2.106 -1.331 10.218 10.000 69720.000
-2.298 -1.575 10.472 10.000 69730.000
-2.456 -1.805 10.759 10.000 69740.000
-2.540 -2.102 10.924 11.000 69751.000
-2.413 -2.243 10.919 8.000 69759.000
-2.336 -2.511 10.785 11.000 69770.000
-2.171 -2.659 10.498 10.000 69780.000
-2.080 -2.741 10.333 10.000 69790.000
-2.138 -2.978 10.077 10.000 69800.000
-2.145 -3.088 9.950 10.000 69810.000
-2.396 -3.361 9.753 9.000 69819.000
-2.568 -3.744 9.514 11.000 69830.000
-2.592 -3.971 9.366 10.000 69840.000
-2.806 -4.254 9.248 10.000 69850.000
-2.916 -4.419 9.236 10.000 69860.000
-3.002 -4.352 9.318 9.000 69869.000
-3.201 -4.328 9.382 10.000 69879.000
-3.210 -4.249 9.416 11.000 69890.000
-3.380 -4.129 9.380 10.000 69900.000
-3.653 -4.132 9.294 9.000 69909.000
-3.888 -4.091 9.339 13.000 69922.000
-4.285 -4.125 9.411 8.000 69930.000
-4.522 -4.199 9.552 10.000 69940.000
-4.917 -4.268 9.658 10.000 69950.000
-5.161 -4.288 9.696 10.000 69960.000
-5.243 -4.232 9.708 10.000 69970.000
-5.370 -4.235 9.710 10.000 69980.000
-5.339 -4.242 9.749 10.000 69990.000
-5.597 -4.347 9.780 10.000 70000.000
-6.026 -4.520 9.909 10.000 70010.000
-6.409 -4.635 10.048 10.000 70020.000
-6.744 -4.735 10.182 10.000 70030.000
-6.866 -4.788 10.275 10.000 70040.000
-6.821 -4.788 10.211 10.000 70050.000
-6.780 -4.783 10.156 10.000 70060.000
-6.787 -4.793 10.105 10.000 70070.000
-6.703 -4.711 9.993 10.000 70080.000
-6.691 -4.632 9.844 9.000 70089.000
-6.675 -4.558 9.686 11.000 70100.000
-6.799 -4.467 9.500 9.000 70109.000
-7.015 -4.467 9.375 10.000 70119.000
-7.168 -4.390 9.294 10.000 70129.000
-7.462 -4.311 9.160 10.000 70139.000
-7.615 -4.249 9.054 11.000 70150.000
-7.675 -4.029 8.985 9.000 70159.000
-7.723 -3.869 8.968 10.000 70169.000
-7.496 -3.646 9.038 10.000 70179.000
-7.208 -3.359 8.997 16.000 70195.000
-7.015 -3.229 8.920 4.000 70199.000
-6.694 -3.055 8.729 11.000 70210.000
-6.418 -2.947 8.422 9.000 70219.000
-6.203 -2.904 8.226 10.000 70229.000
-6.023 -2.889 7.958 10.000 70239.000
-5.971 -2.920 7.805 10.000 70249.000
-6.040 -2.997 7.603 10.000 70259.000
-6.050 -3.086 7.378 10.000 70269.000
-6.023 -3.145 7.225 10.000 70279.000
-5.961 -3.174 7.117 10.000 70289.000
-5.865 -3.155 7.139 10.000 70299.000
-5.772 -3.093 7.204 10.000 70309.000
-5.626 -3.157 7.256 10.000 70319.000
-5.516 -3.253 7.264 10.000 70329.000
-5.317 -3.373 7.230 10.000 70339.000
-5.133 -3.471 7.187 10.000 70349.000
-5.001 -3.442 7.156 10.000 70359.000
-4.886 -3.387 7.170 11.000 70370.000
-4.860 -3.308 7.225 10.000 70380.000
-4.881 -3.205 7.280 10.000 70390.000
-4.977 -3.076 7.412 10.000 70400.000
-5.056 -2.973 7.498 10.000 70410.000
-5.099 -2.794 7.608 10.000 70420.000
-5.137 -2.691 7.709 10.000 70430.000
-5.169 -2.628 7.738 10.000 70440.000
-5.360 -2.631 7.750 13.000 70453.000
-5.588 -2.710 7.738 7.000 70460.000
-5.820 -2.712 7.750 10.000 70470.000
-5.884 -2.659 7.800 11.000 70481.000
-5.789 -2.542 7.867 10.000 70491.000
-5.659 -2.420 8.013 10.000 70501.000
-5.525 -2.375 8.135 9.000 70510.000
-5.537 -2.442 8.257 10.000 70520.000
-5.573 -2.650 8.413 10.000 70530.000
-5.643 -2.863 8.489 10.000 70540.000
-5.662 -3.138 8.568 10.000 70550.000
-5.635 -3.342 8.604 10.000 70560.000
-5.592 -3.493 8.564 10.000 70570.000
-5.521 -3.636 8.547 10.000 70580.000
-5.499 -3.718 8.528 10.000 70590.000
-5.453 -3.828 8.578 11.000 70601.000
-5.322 -3.708 8.777 10.000 70611.000
-5.219 -3.596 8.951 9.000 70620.000
-5.039 -3.608 9.165 11.000 70631.000
-4.884 -3.591 9.308 11.000 70642.000
-4.747 -3.311 9.402 8.000 70650.000
-4.718 -2.980 9.603 11.000 70661.000
-4.766 -2.525 9.765 10.000 70671.000
-4.786 -1.936 9.969 9.000 70680.000
-4.699 -1.570 10.259 12.000 70692.000
-4.505 -1.254 10.441 8.000 70700.000
-4.264 -0.797 10.766 12.000 70712.000
-3.804 -0.265 10.994 12.000 70724.000
-3.509 0.083 11.080 7.000 70731.000
-3.131 0.569 11.204 10.000 70741.000
-2.801 0.914 11.185 9.000 70750.000
-2.559 1.134 11.214 12.000 70762.000
-2.317 1.355 11.243 9.000 70771.000
-2.315 1.194 11.286 10.000 70781.000
-2.293 0.962 11.434 10.000 70791.000
-2.430 0.646 11.592 10.000 70801.000
-2.542 0.332 11.607 11.000 70812.000
-2.499 0.263 11.568 9.000 70821.000
-2.341 0.311 11.274 10.000 70831.000
-2.221 0.306 10.888 10.000 70841.000
-2.126 0.299 10.647 10.000 70851.000
-2.221 0.426 10.431 11.000 70862.000
-2.700 0.555 10.304 9.000 70871.000
-3.141 0.737 10.268 9.000 70880.000
-3.136 1.345 10.093 11.000 70891.000
-2.940 1.819 9.892 10.000 70901.000
-3.043 2.061 9.785 11.000 70912.000
-3.229 2.444 9.794 9.000 70921.000
-3.861 2.401 9.943 9.000 70930.000
-4.321 2.547 10.127 12.000 70942.000
-4.232 2.877 10.280 8.000 70950.000
-3.960 2.987 10.160 11.000 70961.000
-3.366 3.138 9.926 10.000 70971.000
-2.944 3.100 9.655 9.000 70980.000
-2.458 3.011 9.473 12.000 70992.000
-1.996 2.863 9.265 8.000 71000.000
-1.855 2.674 9.172 11.000 71011.000
-1.477 2.853 8.944 10.000 71021.000
-1.163 3.083 8.628 10.000 71031.000
-1.235 3.040 8.358 10.000 71041.000
-1.292 3.098 8.042 10.000 71051.000
-1.587 2.786 7.860 10.000 71061.000
-1.991 2.489 7.608 10.000 71071.000
-2.087 2.604 7.493 10.000 71081.000
-2.147 2.535 7.264 11.000 71092.000
-2.049 2.322 6.833 8.000 71100.000
-1.841 2.094 6.471 11.000 71111.000
-1.453 1.819 6.069 10.000 71121.000
-1.115 1.628 5.827 10.000 71131.000
-1.046 1.493 5.863 12.000 71143.000
-0.919 1.338 5.858 7.000 71150.000
-0.972 1.230 5.894 11.000 71161.000
-0.878 1.209 5.928 10.000 71171.000
-0.713 1.300 5.971 9.000 71180.000
-0.605 1.412 6.054 12.000 71192.000
-0.567 1.647 6.222 8.000 71200.000
-0.675 1.795 6.392 10.000 71210.000
-0.742 2.030 6.562 12.000 71222.000
-0.972 2.255 6.627 8.000 71230.000
-1.132 2.358 6.607 12.000 71242.000
-1.489 2.310 6.610 10.000 71252.000
-1.848 2.149 6.526 8.000 71260.000
-2.159 1.944 6.780 12.000 71272.000
-2.463 1.742 7.117 9.000 71281.000
-2.571 1.692 7.433 10.000 71291.000
-3.167 1.446 7.424 10.000 71301.000
-3.770 0.986 7.129 10.000 71311.000
-4.381 0.521 6.751 11.000 71322.000
-4.841 0.009 6.679 8.000 71330.000
-4.812 -0.306 6.933 11.000 71341.000
-4.584 -0.284 7.568 14.000 71355.000
-4.563 -0.459 8.300 5.000 71360.000
-4.692 -0.586 8.726 10.000 71370.000
-4.596 -0.773 9.375 10.000 71380.000
-4.577 -1.029 9.696 10.000 71390.000
-4.290 -1.120 9.967 11.000 71401.000
-3.971 -1.110 10.314 9.000 71410.000
-3.878 -1.041 10.438 11.000 71421.000
-3.536 -1.096 10.611 8.000 71429.000
-3.189 -1.312 10.663 12.000 71441.000
-2.873 -1.628 10.639 10.000 71451.000
-2.674 -2.056 10.560 9.000 71460.000
-2.724 -2.360 10.433 11.000 71471.000
-2.865 -2.463 10.354 8.000 71479.000
-2.837 -2.633 10.165 11.000 71490.000
-2.691 -2.691 10.031 11.000 71501.000
-2.717 -2.837 9.837 8.000 71509.000
-2.592 -3.117 9.746 12.000 71521.000
-2.638 -3.330 9.765 8.000 71529.000
-2.499 -3.507 9.751 11.000 71540.000
-2.188 -3.596 9.797 11.000 71551.000
-2.410 -3.507 9.672 8.000 71559.000
-2.705 -3.440 9.402 12.000 71571.000
-3.184 -3.409 9.165 8.000 71579.000
-3.596 -3.454 8.887 11.000 71590.000
-3.600 -3.552 8.700 11.000 71601.000
-3.653 -3.572 8.690 10.000 71611.000
-3.933 -3.560 8.693 10.000 71621.000
-4.280 -3.471 8.736 10.000 71631.000
-4.680 -3.493 8.681 9.000 71640.000
-4.912 -3.533 8.657 13.000 71653.000
-4.917 -3.605 8.621 7.000 71660.000
-4.970 -3.667 8.647 11.000 71671.000
-4.970 -3.620 8.772 10.000 71681.000
-5.128 -3.643 8.801 10.000 71691.000
-5.288 -3.675 8.765 11.000 71702.000
-5.401 -3.715 8.667 9.000 71711.000
-5.729 -3.912 8.465 10.000 71721.000
-5.947 -4.074 8.298 10.000 71731.000
-6.064 -4.173 8.200 10.000 71741.000
-6.184 -4.268 8.051 11.000 71752.000
-6.088 -4.209 8.006 9.000 71761.000
-6.205 -4.189 7.934 10.000 71771.000
-6.421 -4.228 7.857 10.000 71781.000
-6.701 -4.395 7.785 9.000 71790.000
-6.995 -4.613 7.718 10.000 71800.000
-7.077 -4.790 7.678 10.000 71810.000
-7.129 -4.946 7.596 10.000 71820.000
-7.115 -4.975 7.560 10.000 71830.000
-6.952 -4.833 7.419 10.000 71840.000
-6.801 -4.745 7.165 10.000 71850.000
-6.679 -4.678 6.952 10.000 71860.000
-6.801 -4.699 6.737 10.000 71870.000
-7.254 -4.876 6.627 10.000 71880.000
-7.694 -5.001 6.629 11.000 71891.000
-8.097 -5.109 6.560 10.000 71901.000
-8.262 -5.133 6.447 10.000 71911.000
-8.231 -5.121 6.330 10.000 71921.000
-8.169 -5.238 6.196 11.000 71932.000
-8.145 -5.372 6.133 10.000 71942.000
-7.869 -5.389 5.999 9.000 71951.000
-7.594 -5.406 5.865 12.000 71963.000
-7.390 -5.489 5.664 6.000 71969.000
-7.417 -5.358 5.506 10.000 71979.000
-7.687 -5.339 5.465 13.000 71992.000
-8.178 -5.442 5.468 9.000 72001.000
-8.841 -5.473 5.597 10.000 72011.000
-9.275 -5.719 5.683 8.000 72019.000
-9.756 -5.796 5.791 11.000 72030.000
-10.017 -5.750 5.856 11.000 72041.000
-9.909 -5.427 5.813 10.000 72051.000
-9.921 -5.104 5.853 14.000 72065.000
-9.885 -4.951 5.872 5.000 72070.000
-10.141 -5.652 6.258 12.000 72082.000
-10.177 -5.537 6.179 9.000 72091.000
-10.093 -5.422 6.016 9.000 72100.000
-9.727 -5.856 5.626 9.000 72109.000
-9.069 -5.434 4.869 10.000 72119.000
-8.590 -5.707 4.517 17.000 72136.000
-8.025 -5.499 4.079 4.000 72140.000
-7.742 -4.742 3.869 10.000 72150.000
-7.522 -4.742 3.945 11.000 72161.000
-7.498 -5.018 4.146 8.000 72169.000
-7.395 -5.559 4.299 13.000 72182.000
-7.122 -6.150 4.295 9.000 72191.000
-6.787 -5.985 4.003 9.000 72200.000
-6.579 -5.875 3.682 11.000 72211.000
-6.507 -5.935 3.572 11.000 72222.000
-6.605 -5.944 3.620 9.000 72231.000
-6.684 -5.990 3.653 11.000 72242.000
-6.636 -5.980 3.715 9.000 72251.000
-6.466 -5.918 3.615 10.000 72261.000
-6.200 -5.753 3.476 9.000 72270.000
-5.954 -5.552 3.351 10.000 72280.000
-5.813 -5.183 3.239 10.000 72290.000
-5.822 -4.912 3.213 10.000 72300.000
-6.105 -4.726 3.251 10.000 72310.000
-6.651 -4.560 3.418 10.000 72320.000
-7.091 -4.563 3.574 10.000 72330.000
-7.553 -4.501 3.981 10.000 72340.000
-7.838 -4.458 4.362 10.000 72350.000
-7.922 -4.256 4.618 10.000 72360.000
-7.931 -3.979 4.783 10.000 72370.000
-7.920 -3.766 4.697 10.000 72380.000
-7.852 -3.675 4.599 12.000 72392.000
-7.814 -3.881 4.601 8.000 72400.000
-7.850 -4.163 4.695 10.000 72410.000
-7.711 -4.513 4.865 10.000 72420.000
-7.627 -4.740 5.046 10.000 72430.000
-7.450 -4.738 5.099 10.000 72440.000
-7.196 -4.800 5.145 10.000 72450.000
-7.117 -4.795 5.114 10.000 72460.000
-6.988 -5.094 5.140 10.000 72470.000
-7.831 -7.158 5.432 12.000 72482.000
-8.750 -9.157 5.731 10.000 72492.000
-8.013 -8.616 5.774 13.000 72505.000
-7.326 -7.771 5.760 5.000 72510.000
-4.201 -3.203 5.295 10.000 72520.000
-3.148 -1.764 5.420 11.000 72531.000
-3.751 -2.865 5.801 11.000 72542.000
-4.733 -3.294 6.615 10.000 72552.000
-7.182 -5.750 7.637 9.000 72561.000
-7.060 -4.941 7.963 11.000 72572.000
-7.062 -4.292 8.259 8.000 72580.000
-6.687 -4.316 8.123 12.000 72592.000
-6.162 -4.297 8.015 10.000 72602.000
-6.323 -4.280 8.106 9.000 72611.000
-6.358 -4.103 8.226 11.000 72622.000
-6.332 -3.969 8.365 8.000 72630.000
-6.454 -3.878 8.475 12.000 72642.000
-5.738 -3.742 8.499 8.000 72650.000
-5.020 -3.770 8.607 10.000 72660.000
-4.364 -3.756 8.695 10.000 72670.000
-3.727 -3.687 8.956 10.000 72680.000
-3.744 -3.797 9.212 10.000 72690.000
-3.883 -3.639 9.627 10.000 72700.000
-4.110 -3.299 10.189 10.000 72710.000
-4.319 -3.014 10.579 10.000 72720.000
-4.606 -2.712 11.145 10.000 72730.000
-4.774 -2.513 11.468 10.000 72740.000
-4.836 -2.590 11.597 10.000 72750.000
-4.807 -2.554 11.609 9.000 72759.000
-4.699 -2.535 11.446 10.000 72769.000
-4.539 -2.382 11.101 10.000 72779.000
-4.395 -2.135 10.802 10.000 72789.000
-4.182 -2.130 10.591 10.000 72799.000
-4.141 -2.564 10.503 11.000 72810.000
-4.153 -3.131 10.596 10.000 72820.000
-4.103 -3.785 10.680 9.000 72829.000
-4.151 -3.955 10.656 10.000 72839.000
-4.027 -3.687 10.510 10.000 72849.000
-3.861 -3.038 10.462 10.000 72859.000
-3.758 -2.303 10.424 10.000 72869.000
-3.835 -1.910 10.591 10.000 72879.000
-3.830 -1.522 10.745 10.000 72889.000
-3.866 -1.515 10.800 10.000 72899.000
-3.768 -1.467 10.907 10.000 72909.000
-3.562 -1.541 11.054 12.000 72921.000
-3.438 -1.611 11.214 10.000 72931.000
-3.517 -1.898 11.473 10.000 72941.000
-3.730 -2.226 11.678 10.000 72951.000
-4.113 -2.566 11.793 10.000 72961.000
-4.338 -2.841 11.712 8.000 72969.000
-4.359 -2.899 11.532 11.000 72980.000
-4.086 -2.863 11.166 9.000 72989.000
-3.634 -2.705 10.783 11.000 73000.000
-3.416 -2.590 10.702 10.000 73010.000
-3.119 -2.434 10.663 12.000 73022.000
-3.117 -2.372 10.812 8.000 73030.000
-2.995 -2.188 10.922 11.000 73041.000
-2.698 -1.917 10.927 11.000 73052.000
-2.480 -1.687 10.888 9.000 73061.000
-2.202 -1.386 10.833 10.000 73071.000
-2.044 -1.206 10.817 10.000 73081.000
-2.011 -1.110 10.843 10.000 73091.000
-1.889 -0.936 10.737 18.000 73109.000
-1.661 -0.706 10.522 11.000 73120.000
-1.434 -0.476 10.307 10.000 73130.000
-1.082 -0.079 9.852 10.000 73140.000
-0.787 0.464 9.390 10.000 73150.000
-0.658 0.881 9.054 10.000 73160.000
-0.545 1.448 8.619 10.000 73170.000
-0.531 1.824 8.379 10.000 73180.000
-0.323 2.226 8.283 10.000 73190.000
-0.691 2.420 8.485 10.000 73200.000
-1.043 2.463 8.786 10.000 73210.000
-1.240 2.521 9.052 10.000 73220.000
-1.477 2.319 9.153 10.000 73230.000
-1.137 2.327 8.956 10.000 73240.000
-0.648 2.327 8.643 10.000 73250.000
-0.316 2.312 8.365 10.000 73260.000
0.153 2.444 8.171 12.000 73272.000
0.835 2.837 7.795 7.000 73279.000
1.369 3.236 7.536 10.000 73289.000
1.848 3.746 7.254 10.000 73299.000
2.006 4.118 7.048 10.000 73309.000
1.711 4.235 7.141 11.000 73320.000
1.417 4.541 7.328 9.000 73329.000
1.177 4.738 7.539 10.000 73339.000
0.950 4.987 7.793 11.000 73350.000
0.938 5.173 7.920 9.000 73359.000
0.926 5.171 7.953 10.000 73369.000
0.794 5.219 7.876 10.000 73379.000
0.651 5.214 7.757 10.000 73389.000
0.612 5.181 7.587 10.000 73399.000
0.742 5.080 7.264 11.000 73410.000
0.991 4.929 7.050 9.000 73419.000
1.230 4.675 6.665 10.000 73429.000
1.388 4.505 6.339 12.000 73441.000
1.484 4.383 5.995 10.000 73451.000
1.742 4.249 5.418 10.000 73461.000
2.011 4.218 5.013 9.000 73470.000
2.571 4.218 4.319 11.000 73481.000
2.705 3.931 3.931 9.000 73490.000
2.676 3.655 3.775 10.000 73500.000
2.609 3.323 3.653 10.000 73510.000
2.250 2.959 3.821 12.000 73522.000
2.310 3.167 3.885 8.000 73530.000
2.303 3.485 3.921 10.000 73540.000
2.334 3.861 3.924 10.000 73550.000
2.269 4.299 3.955 10.000 73560.000
2.102 4.599 4.170 16.000 73576.000
2.001 4.788 4.414 4.000 73580.000
1.790 5.025 4.929 11.000 73591.000
1.675 5.200 5.415 11.000 73602.000
1.604 5.207 6.033 9.000 73611.000
1.616 5.082 6.775 10.000 73621.000
1.738 4.910 7.247 11.000 73632.000
1.924 4.666 7.709 8.000 73640.000
2.073 4.462 7.824 11.000 73651.000
2.166 4.297 7.742 10.000 73661.000
2.427 4.242 7.364 10.000 73671.000
2.624 4.259 6.995 11.000 73682.000
2.683 4.108 6.311 8.000 73690.000
2.715 4.050 5.698 11.000 73701.000
2.810 3.878 5.578 11.000 73712.000
2.839 3.562 5.434 9.000 73721.000
3.004 3.414 5.607 10.000 73731.000
3.090 3.021 5.686 10.000 73741.000
2.992 2.420 5.473 9.000 73750.000
2.961 1.963 5.284 11.000 73761.000
2.918 1.367 5.152 10.000 73771.000
2.954 1.015 5.114 10.000 73781.000
2.841 0.811 5.348 10.000 73791.000
2.568 0.545 5.827 9.000 73800.000
2.308 0.418 6.248 11.000 73811.000
2.027 0.124 7.043 10.000 73821.000
1.848 -0.105 7.661 10.000 73831.000
1.654 -0.167 9.414 10.000 73841.000
1.424 -0.045 9.291 9.000 73850.000
1.213 0.244 8.796 12.000 73862.000
1.039 0.339 8.920 9.000 73871.000
0.754 0.368 7.560 10.000 73881.000
0.505 0.213 8.075 11.000 73892.000
0.301 0.031 8.667 8.000 73900.000
0.062 0.043 8.638 10.000 73910.000
-0.217 -0.107 9.030 11.000 73921.000
-0.885 -0.292 9.615 10.000 73931.000
-1.599 -0.450 10.122 10.000 73941.000
-2.389 -0.545 10.589 10.000 73951.000
-2.853 -0.517 10.740 11.000 73962.000
-2.489 0.009 10.611 9.000 73971.000
-2.207 0.861 10.510 9.000 73980.000
-1.848 1.651 10.450 12.000 73992.000
-1.142 2.126 10.026 8.000 74000.000
-0.581 1.795 9.830 12.000 74012.000
0.059 1.139 9.605 9.000 74021.000
-0.074 0.136 9.722 9.000 74030.000
-0.555 -0.550 10.204 12.000 74042.000
-1.383 -0.675 10.544 8.000 74050.000
-2.257 -0.533 10.699 11.000 74061.000
-2.355 -0.045 10.512 10.000 74071.000
-2.439 0.720 10.424 9.000 74080.000
-2.470 1.264 10.338 12.000 74092.000
-2.291 1.692 10.362 8.000 74100.000
-2.025 2.018 10.766 11.000 74111.000
-1.774 2.066 11.073 10.000 74121.000
-1.467 2.470 10.934 9.000 74130.000
-1.321 2.885 10.742 12.000 74142.000
-1.261 3.402 10.170 8.000 74150.000
-1.175 3.988 9.504 11.000 74161.000
-1.144 4.218 9.284 10.000 74171.000
-1.110 4.295 9.193 10.000 74181.000
-0.957 4.362 9.076 11.000 74192.000
-0.830 4.359 9.052 8.000 74200.000
-0.790 4.371 9.062 11.000 74211.000
-0.756 4.376 9.069 10.000 74221.000
-1.010 4.333 9.184 10.000 74231.000
-1.314 4.197 9.358 11.000 74242.000
-1.532 4.046 9.500 8.000 74250.000
-1.793 3.892 9.677 11.000 74261.000
-1.886 3.797 9.773 10.000 74271.000
-1.912 3.840 9.775 10.000 74281.000
-1.860 3.883 9.734 11.000 74292.000
-1.764 3.928 9.658 8.000 74300.000
-1.587 3.974 9.493 11.000 74311.000
-1.398 3.969 9.301 11.000 74322.000
-1.288 3.964 9.153 8.000 74330.000
-1.261 3.878 8.951 12.000 74342.000
-1.316 3.792 8.839 8.000 74350.000
-1.405 3.737 8.805 11.000 74361.000
-1.491 3.739 8.769 11.000 74372.000
-1.493 3.823 8.786 9.000 74381.000
-1.544 3.895 8.808 10.000 74391.000
-1.589 3.940 8.810 10.000 74401.000
-1.656 3.878 8.798 9.000 74410.000
-1.697 3.794 8.786 12.000 74422.000
-1.690 3.722 8.769 8.000 74430.000
-1.680 3.658 8.784 11.000 74441.000
-1.709 3.622 8.853 10.000 74451.000
-1.764 3.608 8.923 10.000 74461.000
-1.845 3.541 9.014 11.000 74472.000
-1.929 3.466 9.074 8.000 74480.000
-1.946 3.366 9.105 11.000 74491.000
-1.920 3.232 9.112 10.000 74501.000
-1.867 3.150 9.097 10.000 74511.000
-1.750 3.055 9.090 11.000 74522.000
-1.642 3.007 9.074 9.000 74531.000
-1.541 2.971 9.088 10.000 74541.000
-1.443 2.908 9.109 11.000 74552.000
-1.410 2.861 9.124 9.000 74561.000
-1.355 2.813 9.138 11.000 74572.000
-1.335 2.786 9.145 8.000 74580.000
-1.304 2.758 9.112 11.000 74591.000
-1.228 2.715 9.107 10.000 74601.000
-1.173 2.671 9.102 10.000 74611.000
-1.043 2.700 9.117 11.000 74622.000
-0.926 2.755 9.169 9.000 74631.000
-0.854 2.825 9.193 9.000 74640.000
-0.758 2.908 9.263 12.000 74652.000
-0.737 2.920 9.313 9.000 74661.000
-0.751 2.932 9.399 10.000 74671.000
-0.792 2.899 9.531 10.000 74681.000
-0.857 2.851 9.617 9.000 74690.000
-0.933 2.758 9.742 12.000 74702.000
-0.972 2.667 9.825 8.000 74710.000
-0.969 2.645 9.878 11.000 74721.000
-0.991 2.621 9.938 10.000 74731.000
-1.000 2.643 9.959 9.000 74740.000
-0.986 2.686 9.983 13.000 74753.000
-0.967 2.736 10.031 7.000 74760.000
-0.924 2.789 10.072 10.000 74770.000
-0.852 2.873 10.144 10.000 74780.000
-0.804 2.935 10.213 10.000 74790.000
-0.727 2.973 10.304 10.000 74800.000
-0.579 2.983 10.453 10.000 74810.000
-0.459 2.961 10.570 10.000 74820.000
-0.239 2.908 10.642 10.000 74830.000
-0.067 2.849 10.654 10.000 74840.000
0.105 2.748 10.584 11.000 74851.000
0.363 2.592 10.496 10.000 74861.000
0.521 2.468 10.453 10.000 74871.000
0.768 2.308 10.381 11.000 74882.000
1.010 2.207 10.295 8.000 74890.000
1.165 2.161 10.228 10.000 74900.000
1.374 2.109 10.163 11.000 74911.000
1.493 2.092 10.127 9.000 74920.000
1.587 2.130 10.206 12.000 74932.000
1.692 2.281 10.414 8.000 74940.000
1.745 2.439 10.620 11.000 74951.000
1.826 2.719 10.953 10.000 74961.000
1.867 2.954 11.209 9.000 74970.000
1.958 3.117 11.413 12.000 74982.000
2.133 3.332 11.635 12.000 74994.000
2.279 3.426 11.731 7.000 75001.000
2.473 3.574 11.832 10.000 75011.000
2.643 3.715 11.793 11.000 75022.000
2.729 3.804 11.736 10.000 75032.000
2.829 3.928 11.604 8.000 75040.000
2.882 3.998 11.468 11.000 75051.000
2.925 4.036 11.291 12.000 75063.000
3.033 4.055 11.032 8.000 75071.000
3.126 4.039 10.848 12.000 75083.000
3.263 4.034 10.697 7.000 75090.000
3.442 4.024 10.682 12.000 75102.000
3.557 4.034 10.749 9.000 75111.000
3.725 4.036 10.836 10.000 75121.000
3.849 4.027 10.888 11.000 75132.000
3.859 4.000 10.970 8.000 75140.000
3.785 3.948 11.046 12.000 75152.000
3.658 3.902 11.104 9.000 75161.000
3.550 3.773 11.089 10.000 75171.000
3.485 3.663 11.013 11.000 75182.000
3.507 3.495 10.824 8.000 75190.000
3.562 3.270 10.510 11.000 75201.000
3.598 3.129 10.268 10.000 75211.000
3.727 3.047 10.002 18.000 75229.000
3.857 3.088 9.921 13.000 75242.000
3.787 3.076 10.103 8.000 75250.000
3.718 3.064 10.285 11.000 75261.000
3.502 2.966 10.467 10.000 75271.000
3.354 2.937 10.469 10.000 75281.000
3.371 3.019 10.333 10.000 75291.000
3.536 3.311 10.230 9.000 75300.000
3.754 3.629 10.151 11.000 75311.000
3.840 3.921 10.244 10.000 75321.000
3.876 4.134 10.321 10.000 75331.000
3.763 4.137 10.364 10.000 75341.000
3.782 4.113 10.330 9.000 75350.000
3.902 3.859 10.170 12.000 75362.000
4.072 3.684 10.026 9.000 75371.000
4.295 3.361 9.928 10.000 75381.000
4.386 3.064 9.907 9.000 75390.000
4.675 2.841 9.662 10.000 75400.000
5.202 2.545 8.961 11.000 75411.000
5.676 2.396 8.214 10.000 75421.000
6.119 2.195 7.326 10.000 75431.000
6.325 2.068 6.727 10.000 75441.000
6.172 2.116 6.435 9.000 75450.000
5.714 2.319 6.208 12.000 75462.000
5.288 2.576 6.121 9.000 75471.000
4.489 2.877 5.822 10.000 75481.000
3.811 3.078 5.674 11.000 75492.000
3.545 3.021 5.094 8.000 75500.000
3.318 2.820 4.340 12.000 75512.000
3.464 2.573 3.799 9.000 75521.000
3.234 2.154 3.134 10.000 75531.000
2.896 1.838 2.834 10.000 75541.000
2.662 1.850 2.794 10.000 75551.000
2.542 1.982 2.784 11.000 75562.000
2.798 2.286 2.899 9.000 75571.000
3.098 2.580 2.985 9.000 75580.000
3.332 2.679 2.985 12.000 75592.000
3.452 2.657 2.954 8.000 75600.000
3.562 2.624 2.935 11.000 75611.000
3.629 2.600 2.944 10.000 75621.000
3.837 2.650 3.086 9.000 75630.000
4.072 2.664 3.148 13.000 75643.000
4.316 2.691 3.198 7.000 75650.000
4.553 2.568 3.157 11.000 75661.000
4.572 2.384 2.987 9.000 75670.000
4.596 2.212 2.825 10.000 75680.000
4.623 1.956 2.470 12.000 75692.000
4.656 1.848 2.207 8.000 75700.000
4.477 1.764 2.092 11.000 75711.000
4.479 2.018 3.399 10.000 75721.000
4.479 2.355 4.898 10.000 75731.000
6.311 1.295 9.361 11.000 75742.000
8.355 0.210 13.675 8.000 75750.000
8.046 -2.480 14.156 10.000 75760.000
5.633 -4.189 12.114 10.000 75770.000
1.388 -4.501 7.108 10.000 75780.000
-1.436 -3.679 3.141 10.000 75790.000
-2.121 -1.565 1.656 10.000 75800.000
0.423 0.658 2.928 10.000 75810.000
2.758 3.574 3.667 10.000 75820.000
3.672 5.358 3.368 10.000 75830.000
4.580 7.453 3.430 10.000 75840.000
4.299 8.413 3.100 11.000 75851.000
4.230 8.681 3.301 9.000 75860.000
4.237 8.714 3.579 10.000 75870.000
4.252 8.437 3.495 9.000 75879.000
3.895 7.939 3.924 11.000 75890.000
3.134 7.319 4.922 10.000 75900.000
2.296 6.933 5.844 9.000 75909.000
2.846 6.880 6.306 11.000 75920.000
3.830 7.091 6.416 9.000 75929.000
6.284 7.802 5.216 11.000 75940.000
8.700 8.259 4.039 10.000 75950.000
9.727 8.384 3.320 9.000 75959.000
10.091 7.836 2.590 10.000 75969.000
9.414 6.619 2.655 11.000 75980.000
8.774 5.657 2.698 9.000 75989.000
8.291 5.240 2.911 11.000 76000.000
8.470 5.497 3.136 10.000 76010.000
8.382 6.308 3.284 10.000 76020.000
7.857 6.912 3.414 10.000 76030.000
7.177 6.969 3.373 10.000 76040.000
6.296 6.816 3.270 10.000 76050.000
5.659 6.397 3.189 10.000 76060.000
5.432 6.208 3.208 10.000 76070.000
5.307 6.133 3.193 10.000 76080.000
5.384 6.270 3.241 10.000 76090.000
5.583 6.433 3.246 10.000 76100.000
5.719 6.622 3.203 10.000 76110.000
5.753 6.696 3.193 10.000 76120.000
5.750 6.849 3.150 10.000 76130.000
5.626 6.976 3.150 10.000 76140.000
5.726 7.015 2.978 18.000 76158.000
5.913 6.974 2.861 2.000 76160.000
6.136 6.854 2.777 10.000 76170.000
6.306 6.722 2.561 10.000 76180.000
6.339 6.631 2.485 10.000 76190.000
6.430 6.655 2.410 10.000 76200.000
6.572 6.636 2.334 10.000 76210.000
6.766 6.629 2.389 10.000 76220.000
6.804 6.682 2.420 10.000 76230.000
6.665 6.710 2.398 10.000 76240.000
6.476 6.782 2.379 12.000 76252.000
6.260 6.799 2.360 10.000 76262.000
6.200 6.756 2.365 8.000 76270.000
6.110 6.782 2.262 11.000 76281.000
6.095 6.823 2.207 9.000 76290.000
6.107 6.919 2.152 11.000 76301.000
6.121 6.974 2.130 10.000 76311.000
6.157 6.976 2.214 10.000 76321.000
6.117 6.964 2.250 11.000 76332.000
6.088 6.936 2.240 8.000 76340.000
6.057 6.947 2.197 14.000 76354.000
6.057 6.955 2.126 5.000 76359.000
6.057 6.962 2.054 10.000 76369.000
6.117 7.007 2.066 10.000 76379.000
6.110 6.974 1.989 10.000 76389.000
6.114 6.916 1.939 11.000 76400.000
6.133 6.928 2.042 11.000 76411.000
6.107 6.959 1.929 12.000 76423.000
6.148 7.070 1.905 8.000 76431.000
6.234 7.141 1.960 8.000 76439.000
6.277 7.125 1.853 12.000 76451.000
6.294 7.067 1.922 10.000 76461.000
6.284 7.010 1.996 10.000 76471.000
6.229 6.991 1.991 9.000 76480.000
6.107 7.053 2.073 9.000 76489.000
6.045 7.043 1.920 12.000 76501.000
6.009 7.034 1.762 9.000 76510.000
6.095 7.043 1.678 10.000 76520.000
6.277 6.991 1.517 12.000 76532.000
6.323 6.806 1.558 8.000 76540.000
6.354 6.936 1.663 11.000 76551.000
6.263 7.046 1.695 8.000 76559.000
5.949 7.455 1.829 11.000 76570.000
5.518 7.764 2.032 12.000 76582.000
5.102 7.759 2.171 8.000 76590.000
4.862 7.601 2.178 12.000 76602.000
4.845 7.144 2.082 9.000 76611.000
5.252 7.007 1.833 9.000 76620.000
5.662 6.895 1.613 12.000 76632.000
5.894 6.936 1.525 8.000 76640.000
6.361 6.885 1.429 12.000 76652.000
6.598 6.818 1.450 9.000 76661.000
6.548 6.885 1.352 10.000 76671.000
5.688 7.208 1.666 11.000 76682.000
4.594 7.623 1.987 8.000 76690.000
3.816 8.200 2.130 11.000 76701.000
3.323 8.619 2.365 10.000 76711.000
4.022 8.801 2.087 10.000 76721.000
4.853 8.738 1.788 11.000 76732.000
5.367 8.513 1.666 8.000 76740.000
5.856 7.999 1.501 11.000 76751.000
5.961 7.465 1.436 10.000 76761.000
5.851 7.175 1.438 10.000 76771.000
5.726 7.053 1.417 11.000 76782.000
5.628 7.220 1.438 8.000 76790.000
5.626 7.249 1.467 10.000 76800.000
5.590 7.450 1.549 11.000 76811.000
5.568 7.484 1.654 10.000 76821.000
5.602 7.635 1.917 10.000 76831.000
5.540 7.924 2.173 10.000 76841.000
5.949 7.752 1.953 9.000 76850.000
6.136 7.417 1.893 11.000 76861.000
6.268 6.964 1.675 10.000 76871.000
6.114 6.785 1.556 10.000 76881.000
5.607 6.895 1.814 10.000 76891.000
5.190 7.393 1.714 9.000 76900.000
4.831 7.781 1.853 11.000 76911.000
4.757 7.896 1.893 10.000 76921.000
4.726 7.896 1.941 10.000 76931.000
4.944 7.692 2.116 10.000 76941.000
5.104 7.599 2.051 11.000 76952.000
5.307 7.527 2.003 9.000 76961.000
5.468 7.570 1.948 10.000 76971.000
5.556 7.556 1.900 10.000 76981.000
5.645 7.493 1.764 10.000 76991.000
5.691 7.410 1.611 10.000 77001.000
5.832 6.959 1.537 11.000 77012.000
5.928 6.545 1.527 9.000 77021.000
6.801 6.119 1.429 9.000 77030.000
6.179 6.258 1.802 11.000 77041.000
5.461 6.763 2.097 10.000 77051.000
4.623 7.702 2.296 11.000 77062.000
4.046 8.389 2.561 9.000 77071.000
4.965 8.511 2.355 9.000 77080.000
5.829 8.358 2.037 11.000 77091.000
6.813 7.771 1.814 9.000 77100.000
6.548 7.079 2.011 11.000 77111.000
5.985 6.933 1.798 10.000 77121.000
5.477 7.062 1.697 9.000 77130.000
5.403 7.225 1.879 12.000 77142.000
5.540 7.805 1.752 8.000 77150.000
6.026 7.694 1.956 11.000 77161.000
6.335 7.565 2.094 10.000 77171.000
6.210 7.402 1.951 9.000 77180.000
5.937 7.311 2.075 12.000 77192.000
5.544 7.390 2.382 8.000 77200.000
5.329 7.489 2.753 11.000 77211.000
4.802 7.927 3.122 10.000 77221.000
4.424 8.293 3.222 10.000 77231.000
4.292 8.214 3.145 11.000 77242.000
4.812 7.728 2.925 8.000 77250.000
5.643 6.902 2.707 11.000 77261.000
6.404 6.239 2.267 10.000 77271.000
6.600 6.248 2.252 11.000 77282.000
6.145 6.665 2.382 8.000 77290.000
5.348 7.158 2.545 11.000 77301.000
4.620 7.489 2.930 10.000 77311.000
4.477 7.529 2.997 10.000 77321.000
4.431 7.575 3.019 10.000 77331.000
4.728 7.544 3.007 11.000 77342.000
4.951 7.553 3.093 8.000 77350.000
4.975 7.599 3.145 11.000 77361.000
4.838 7.632 3.090 10.000 77371.000
4.860 7.627 3.224 10.000 77381.000
4.955 7.582 3.260 11.000 77392.000
4.963 7.570 3.268 8.000 77400.000
5.078 7.501 3.256 11.000 77411.000
5.035 7.469 3.055 10.000 77421.000
5.046 7.331 2.868 10.000 77431.000
5.147 7.158 2.710 10.000 77441.000
5.190 6.998 2.786 10.000 77451.000
5.070 6.890 2.925 10.000 77461.000
4.896 6.890 3.050 10.000 77471.000
4.757 7.086 3.265 10.000 77481.000
4.630 7.335 3.418 10.000 77491.000
4.797 7.654 3.325 10.000 77501.000
4.963 7.874 3.236 10.000 77511.000
5.092 7.898 3.057 11.000 77522.000
5.272 7.678 2.741 8.000 77530.000
5.521 7.445 2.420 11.000 77541.000
5.772 7.311 2.094 11.000 77552.000
5.750 7.242 1.939 9.000 77561.000
5.679 7.417 1.920 11.000 77572.000
5.511 7.539 1.927 9.000 77581.000
5.671 7.582 1.776 10.000 77591.000
6.105 7.560 1.455 11.000 77602.000
6.332 7.426 1.297 9.000 77611.000
6.454 7.235 1.302 11.000 77622.000
6.143 7.170 1.544 8.000 77630.000
5.817 7.115 1.941 11.000 77641.000
5.698 7.173 2.176 11.000 77652.000
5.516 7.247 2.480 9.000 77661.000
5.439 7.273 2.705 11.000 77672.000
5.348 7.309 2.767 8.000 77680.000
5.188 7.414 2.935 10.000 77690.000
5.090 7.503 3.033 12.000 77702.000
4.879 7.690 3.289 9.000 77711.000
5.169 7.879 2.817 10.000 77721.000
5.528 7.999 2.240 10.000 77731.000
5.983 8.010 2.200 10.000 77741.000
6.550 7.924 2.001 10.000 77751.000
5.904 7.673 2.288 10.000 77761.000
5.628 7.376 2.650 10.000 77771.000
5.257 7.187 2.475 10.000 77781.000
4.793 7.026 2.267 9.000 77790.000
5.070 7.010 2.308 12.000 77802.000
5.202 7.048 2.219 9.000 77811.000
5.315 6.912 2.159 10.000 77821.000
5.521 6.746 2.133 10.000 77831.000
5.564 6.780 2.145 9.000 77840.000
5.341 7.125 2.370 13.000 77853.000
5.137 7.644 2.566 12.000 77865.000
5.111 8.303 2.652 5.000 77870.000
5.248 8.762 2.700 10.000 77880.000
5.372 8.367 2.530 10.000 77890.000
5.511 7.706 2.219 10.000 77900.000
5.473 6.907 2.018 9.000 77909.000
5.458 6.617 1.893 11.000 77920.000
5.497 6.861 1.829 9.000 77929.000
5.530 7.596 2.037 10.000 77939.000
5.104 8.109 2.568 10.000 77949.000
4.654 8.111 3.023 11.000 77960.000
4.129 8.398 3.622 9.000 77969.000
3.596 8.461 4.089 11.000 77980.000
3.557 8.710 4.082 9.000 77989.000
3.500 8.772 3.830 13.000 78002.000
3.517 8.549 3.435 7.000 78009.000
3.555 8.140 3.165 11.000 78020.000
3.596 7.726 2.980 9.000 78029.000
3.655 7.498 3.040 10.000 78039.000
3.725 7.410 3.117 10.000 78049.000
3.773 7.508 3.069 10.000 78059.000
3.778 7.716 3.143 10.000 78069.000
3.725 7.936 3.315 10.000 78079.000
3.663 8.018 3.471 10.000 78089.000
3.385 8.003 3.842 10.000 78099.000
3.112 7.920 4.156 10.000 78109.000
2.810 7.773 4.515 10.000 78119.000
2.485 7.860 4.939 10.000 78129.000
2.375 8.042 5.147 10.000 78139.000
2.219 8.535 5.042 15.000 78154.000
2.149 9.078 4.793 5.000 78159.000
2.331 9.315 3.869 10.000 78169.000
3.313 9.246 2.928 11.000 78180.000
4.340 8.865 2.300 10.000 78190.000
4.853 8.082 1.118 10.000 78200.000
5.781 7.757 0.660 10.000 78210.000
5.911 7.738 0.220 10.000 78220.000
5.832 7.802 0.105 9.000 78229.000
6.268 8.269 0.545 10.000 78239.000
5.269 8.236 1.292 10.000 78249.000
4.211 8.470 2.291 10.000 78259.000
3.361 8.621 2.964 10.000 78269.000
2.863 8.623 3.423 10.000 78279.000
3.155 8.743 3.462 10.000 78289.000
3.567 8.303 3.189 10.000 78299.000
3.979 7.893 2.822 10.000 78309.000
4.039 7.632 2.669 10.000 78319.000
4.096 7.457 2.499 10.000 78329.000
4.084 7.721 2.413 10.000 78339.000
4.072 7.953 2.420 10.000 78349.000
4.108 8.288 2.410 10.000 78359.000
4.146 8.537 2.418 10.000 78369.000
4.216 8.724 2.348 10.000 78379.000
4.321 8.853 2.264 10.000 78389.000
4.378 8.880 2.197 10.000 78399.000
4.422 8.731 2.181 10.000 78409.000
4.443 8.499 2.217 10.000 78419.000
4.355 8.200 2.305 10.000 78429.000
4.180 7.910 2.425 10.000 78439.000
4.019 7.795 2.494 10.000 78449.000
3.799 7.764 2.825 10.000 78459.000
3.600 7.613 3.059 10.000 78469.000
3.488 7.453 3.263 10.000 78479.000
3.744 7.524 3.325 10.000 78489.000
4.060 7.513 3.126 10.000 78499.000
4.465 7.680 2.868 10.000 78509.000
4.786 7.752 2.671 10.000 78519.000
4.738 7.592 2.616 11.000 78530.000
4.687 7.577 2.583 9.000 78539.000
4.601 7.627 2.667 10.000 78549.000
4.582 7.833 2.837 10.000 78559.000
4.587 7.963 2.851 10.000 78569.000
4.594 7.946 2.844 11.000 78580.000
4.613 7.867 2.784 9.000 78589.000
4.587 7.766 2.576 11.000 78600.000
4.537 7.742 2.523 10.000 78610.000
4.458 7.785 2.557 9.000 78619.000
4.367 7.891 2.643 10.000 78629.000
4.364 7.881 2.741 11.000 78640.000
4.510 7.864 2.827 9.000 78649.000
4.685 7.781 2.827 10.000 78659.000
4.750 7.757 2.803 10.000 78669.000
4.788 7.809 2.767 10.000 78679.000
4.642 7.864 2.865 10.000 78689.000
4.596 7.872 3.016 10.000 78699.000
4.661 7.819 3.191 10.000 78709.000
4.774 7.733 3.248 10.000 78719.000
4.910 7.639 3.157 10.000 78729.000
4.946 7.594 3.014 10.000 78739.000
4.881 7.472 2.964 11.000 78750.000
4.769 7.383 3.031 9.000 78759.000
4.639 7.256 3.131 10.000 78769.000
4.790 7.225 2.894 10.000 78779.000
5.042 7.271 2.564 10.000 78789.000
5.422 7.383 2.140 10.000 78799.000
5.832 7.546 1.709 11.000 78810.000
5.889 7.601 1.539 9.000 78819.000
5.882 7.644 1.467 10.000 78829.000
5.746 7.620 1.489 10.000 78839.000
5.513 7.546 1.577 10.000 78849.000
5.274 7.457 1.817 10.000 78859.000
5.099 7.381 1.958 10.000 78869.000
4.953 7.357 2.135 10.000 78879.000
4.903 7.383 2.245 10.000 78889.000
4.912 7.556 2.348 10.000 78899.000
4.912 7.728 2.343 10.000 78909.000
4.884 7.848 2.303 10.000 78919.000
4.865 7.934 2.255 10.000 78929.000
4.865 7.900 2.140 10.000 78939.000
4.960 7.718 2.169 10.000 78949.000
5.200 7.651 2.003 10.000 78959.000
5.430 7.618 1.845 10.000 78969.000
5.492 7.685 1.953 10.000 78979.000
5.188 7.874 2.121 10.000 78989.000
4.740 7.948 2.482 11.000 79000.000
4.206 8.015 2.916 10.000 79010.000
3.840 7.982 3.083 9.000 79019.000
4.046 7.917 3.057 10.000 79029.000
4.426 7.759 2.746 10.000 79039.000
4.893 7.608 2.363 10.000 79049.000
5.355 7.426 1.853 10.000 79059.000
5.525 7.302 1.441 10.000 79069.000
5.257 7.194 1.683 10.000 79079.000
4.927 7.091 1.982 10.000 79089.000
4.601 7.019 2.408 10.000 79099.000
4.431 7.278 2.829 10.000 79109.000
4.378 7.647 2.691 30.000 79139.000
4.388 8.010 2.494 10.000 79149.000
4.431 8.123 2.700 10.000 79159.000
3.986 7.814 3.086 10.000 79169.000
3.687 7.472 3.663 10.000 79179.000
3.660 7.252 3.766 10.000 79189.000
3.600 7.283 3.466 10.000 79199.000
4.127 7.551 2.858 11.000 79210.000
4.441 7.721 2.389 9.000 79219.000
4.481 7.769 2.394 10.000 79229.000
4.465 7.814 2.564 10.000 79239.000
4.194 7.714 2.868 10.000 79249.000
4.187 7.788 2.913 10.000 79259.000
4.156 7.829 2.885 10.000 79269.000
4.182 7.872 2.691 10.000 79279.000
4.216 7.888 2.595 10.000 79289.000
4.230 7.781 2.631 10.000 79299.000
4.268 7.706 2.741 10.000 79309.000
4.453 7.711 2.820 10.000 79319.000
4.630 7.742 2.801 10.000 79329.000
4.723 7.740 2.789 10.000 79339.000
4.838 7.764 2.645 10.000 79349.000
4.807 7.709 2.533 10.000 79359.000
4.757 7.706 2.516 11.000 79370.000
4.759 7.785 2.480 10.000 79380.000
4.659 7.833 2.640 9.000 79389.000
4.611 7.893 2.676 11.000 79400.000
4.582 7.900 2.616 10.000 79410.000
4.750 7.941 2.442 10.000 79420.000
4.695 7.831 2.504 10.000 79430.000
4.587 7.709 2.691 9.000 79439.000
4.730 7.675 2.758 11.000 79450.000
4.678 7.608 2.940 10.000 79460.000
4.970 7.685 2.784 10.000 79470.000
5.042 7.742 2.753 9.000 79479.000
4.862 7.711 2.841 11.000 79490.000
4.683 7.716 2.875 10.000 79500.000
4.462 7.733 2.944 10.000 79510.000
4.537 7.773 2.882 10.000 79520.000
4.647 7.714 2.724 9.000 79529.000
4.757 7.618 2.621 10.000 79539.000
4.965 7.460 2.525 11.000 79550.000
5.037 7.548 2.444 10.000 79560.000
5.073 7.738 2.458 9.000 79569.000
4.876 7.867 2.729 11.000 79580.000
4.582 8.058 2.992 9.000 79589.000
4.307 8.051 3.055 11.000 79600.000
4.328 7.881 3.055 10.000 79610.000
4.582 7.771 2.798 10.000 79620.000
4.920 7.726 2.382 10.000 79630.000
5.300 7.627 2.159 9.000 79639.000
5.137 7.532 2.121 11.000 79650.000
5.013 7.613 2.140 10.000 79660.000
4.805 7.630 2.319 9.000 79669.000
4.695 7.536 2.497 11.000 79680.000
4.965 7.548 2.360 10.000 79690.000
5.197 7.383 2.166 10.000 79700.000
5.492 7.256 1.996 9.000 79709.000
5.688 7.240 1.829 11.000 79720.000
5.638 7.338 1.963 10.000 79730.000
5.480 7.436 2.221 10.000 79740.000
5.260 7.496 2.456 10.000 79750.000
5.049 7.613 2.576 9.000 79759.000
4.951 7.671 2.585 10.000 79769.000
4.946 7.726 2.542 11.000 79780.000
4.994 7.781 2.398 10.000 79790.000
5.032 7.778 2.370 10.000 79800.000
5.118 7.769 2.370 10.000 79810.000
5.276 7.630 2.193 10.000 79820.000
5.382 7.491 2.116 10.000 79830.000
5.485 7.357 1.862 10.000 79840.000
5.540 7.230 1.580 10.000 79850.000
5.549 7.309 1.580 10.000 79860.000
5.521 7.376 1.577 10.000 79870.000
5.494 7.438 1.752 9.000 79879.000
5.494 7.510 1.927 11.000 79890.000
5.482 7.508 1.924 10.000 79900.000
5.482 7.501 1.912 9.000 79909.000
5.482 7.491 1.956 11.000 79920.000
5.456 7.472 1.999 10.000 79930.000
5.398 7.505 2.032 9.000 79939.000
5.351 7.575 2.138 11.000 79950.000
5.303 7.647 2.188 10.000 79960.000
5.298 7.685 2.161 10.000 79970.000
5.324 7.671 2.145 9.000 79979.000
5.307 7.611 2.147 10.000 79989.000
5.298 7.522 2.226 10.000 79999.000
5.245 7.467 2.382 10.000 80009.000
5.216 7.390 2.355 10.000 80019.000
5.248 7.340 2.250 10.000 80029.000
5.382 7.467 2.051 10.000 80039.000
5.501 7.520 1.893 10.000 80049.000
5.597 7.594 1.917 10.000 80059.000
5.702 7.682 1.891 10.000 80069.000
5.717 7.671 1.757 11.000 80080.000
5.746 7.733 1.582 9.000 80089.000
5.796 7.560 1.441 10.000 80099.000
5.837 7.374 1.350 10.000 80109.000
5.748 7.426 1.558 20.000 80129.000
5.659 7.479 1.766 10.000 80139.000
5.487 7.644 1.956 11.000 80150.000
5.315 7.809 2.145 9.000 80159.000
5.408 7.728 2.202 10.000 80169.000
5.446 7.647 2.231 10.000 80179.000
5.547 7.687 2.245 10.000 80189.000
5.619 7.654 2.169 10.000 80199.000
5.621 7.596 2.109 11.000 80210.000
5.679 7.539 2.078 9.000 80219.000
5.674 7.431 1.948 10.000 80229.000
5.698 7.398 1.910 10.000 80239.000
5.671 7.388 1.857 10.000 80249.000
5.547 7.362 1.994 13.000 80262.000
5.485 7.386 2.229 7.000 80269.000
5.305 7.388 2.616 10.000 80279.000
5.090 7.350 2.959 10.000 80289.000
4.977 7.467 3.248 11.000 80300.000
4.896 7.833 3.284 9.000 80309.000
4.932 8.221 3.167 10.000 80319.000
4.479 8.360 2.813 10.000 80329.000
4.022 8.360 2.322 10.000 80339.000
3.991 7.833 1.824 10.000 80349.000
4.690 7.611 1.170 10.000 80359.000
5.877 7.637 0.754 10.000 80369.000
6.856 7.666 0.316 10.000 80379.000
7.261 7.615 0.284 10.000 80389.000
6.936 7.261 0.409 10.000 80399.000
6.596 6.777 0.375 10.000 80409.000
6.464 6.291 0.363 10.000 80419.000
6.263 6.289 0.416 10.000 80429.000
6.248 6.634 0.584 10.000 80439.000
6.248 7.108 0.909 10.000 80449.000
6.253 7.623 1.316 11.000 80460.000
6.445 8.010 1.513 9.000 80469.000
6.153 7.843 1.608 10.000 80479.000
5.839 7.659 1.716 10.000 80489.000
5.521 7.433 1.742 10.000 80499.000
5.317 7.302 1.802 10.000 80509.000
5.382 7.462 1.900 10.000 80519.000
5.468 7.639 1.987 10.000 80529.000
5.542 7.824 2.056 10.000 80539.000
5.501 7.915 2.092 10.000 80549.000
5.487 7.752 1.874 10.000 80559.000
5.504 7.501 1.527 11.000 80570.000
5.533 7.242 1.197 9.000 80579.000
5.602 7.127 1.010 10.000 80589.000
5.674 7.182 1.024 10.000 80599.000
5.691 7.400 1.295 11.000 80610.000
5.600 7.603 1.568 9.000 80619.000
5.468 7.663 1.697 11.000 80630.000
5.358 7.752 1.896 10.000 80640.000
5.272 7.790 1.917 10.000 80650.000
5.293 7.843 1.936 10.000 80660.000
5.274 7.824 1.886 10.000 80670.000
5.233 7.776 1.766 9.000 80679.000
5.307 7.553 1.726 11.000 80690.000
5.238 7.400 1.778 10.000 80700.000
5.209 7.319 1.900 9.000 80709.000
5.046 7.402 2.147 11.000 80720.000
4.769 7.637 2.365 10.000 80730.000
4.774 7.809 2.415 10.000 80740.000
4.845 7.979 2.511 10.000 80750.000
5.051 7.984 2.482 9.000 80759.000
5.181 7.912 2.501 11.000 80770.000
5.171 7.831 2.442 10.000 80780.000
5.094 7.752 2.336 10.000 80790.000
5.066 7.726 2.183 10.000 80800.000
5.114 7.776 1.982 10.000 80810.000
5.183 7.790 2.003 10.000 80820.000
5.231 7.740 1.972 10.000 80830.000
5.231 7.637 1.989 9.000 80839.000
5.219 7.534 2.001 10.000 80849.000
5.185 7.469 1.944 10.000 80859.000
5.166 7.522 1.946 10.000 80869.000
5.183 7.582 1.924 10.000 80879.000
5.212 7.642 1.908 10.000 80889.000
5.221 7.675 1.850 10.000 80899.000
5.238 7.656 1.786 10.000 80909.000
5.197 7.639 1.786 10.000 80919.000
5.121 7.592 1.810 10.000 80929.000
5.063 7.570 1.874 11.000 80940.000
5.020 7.582 1.958 9.000 80949.000
5.003 7.649 1.898 10.000 80959.000
5.023 7.747 1.814 10.000 80969.000
5.044 7.845 1.893 10.000 80979.000
5.051 7.910 1.953 10.000 80989.000
5.035 7.852 2.111 10.000 80999.000
4.996 7.759 2.188 10.000 81009.000
4.955 7.666 2.102 10.000 81019.000
4.900 7.668 2.116 10.000 81029.000
4.865 7.728 2.135 10.000 81039.000
4.891 7.843 2.154 10.000 81049.000
4.917 7.929 2.202 10.000 81059.000
4.958 7.920 2.149 10.000 81069.000
4.982 7.848 2.109 10.000 81079.000
4.927 7.785 2.099 10.000 81089.000
4.872 7.752 2.061 11.000 81100.000
4.829 7.759 2.051 9.000 81109.000
4.802 7.829 2.030 10.000 81119.000
4.843 7.879 2.070 10.000 81129.000
4.865 7.879 2.037 11.000 81140.000
4.874 7.838 1.975 11.000 81151.000
4.908 7.833 1.920 8.000 81159.000
4.912 7.819 1.853 10.000 81169.000
4.884 7.936 1.886 10.000 81179.000
4.814 7.970 1.915 10.000 81189.000
4.721 7.967 1.936 11.000 81200.000
4.692 7.967 1.975 10.000 81210.000
4.774 7.939 1.975 10.000 81220.000
4.896 7.994 1.980 9.000 81229.000
4.955 7.975 1.924 10.000 81239.000
4.951 7.953 1.853 10.000 81249.000
5.054 7.735 1.719 10.000 81259.000
5.154 7.647 1.663 10.000 81269.000
5.317 7.632 1.668 10.000 81279.000
5.226 7.750 1.747 10.000 81289.000
4.970 8.010 1.900 10.000 81299.000
4.618 8.192 2.130 10.000 81309.000
4.338 8.305 2.343 10.000 81319.000
4.311 8.286 2.482 10.000 81329.000
4.362 8.221 2.559 10.000 81339.000
4.525 8.087 2.422 10.000 81349.000
4.616 8.022 2.303 11.000 81360.000
4.766 7.924 2.130 10.000 81370.000
4.841 7.872 2.020 9.000 81379.000
4.963 7.785 1.963 14.000 81393.000
5.137 7.709 1.867 7.000 81400.000
5.252 7.666 1.824 9.000 81409.000
5.327 7.659 1.731 10.000 81419.000
5.339 7.704 1.642 10.000 81429.000
5.240 7.726 1.644 10.000 81439.000
5.154 7.754 1.723 11.000 81450.000
5.109 7.747 1.853 9.000 81459.000
5.049 7.762 1.984 10.000 81469.000
5.013 7.805 2.011 10.000 81479.000
4.965 7.841 1.960 10.000 81489.000
4.953 7.893 1.996 13.000 81502.000
4.955 7.924 2.030 7.000 81509.000
4.984 7.934 2.080 10.000 81519.000
4.987 7.955 2.015 10.000 81529.000
4.953 7.960 1.865 10.000 81539.000
5.140 7.797 1.735 10.000 81549.000
5.334 7.642 1.642 10.000 81559.000
5.736 7.352 1.453 10.000 81569.000
5.609 7.228 1.656 10.000 81579.000
5.262 7.271 1.838 10.000 81589.000
4.951 7.460 1.987 10.000 81599.000
4.685 7.740 2.331 11.000 81610.000
4.948 7.855 2.284 9.000 81619.000
5.109 7.800 2.147 10.000 81629.000
5.233 7.599 2.044 11.000 81640.000
5.458 7.544 1.886 9.000 81649.000
5.501 7.316 1.704 10.000 81659.000
5.647 7.259 1.611 13.000 81672.000
5.748 7.244 1.699 7.000 81679.000
5.521 7.115 1.857 10.000 81689.000
5.487 7.364 2.176 10.000 81699.000
5.214 7.536 2.767 10.000 81709.000
4.987 7.666 3.177 10.000 81719.000
4.848 8.154 3.742 10.000 81729.000
4.697 8.437 4.170 10.000 81739.000
4.874 8.939 4.271 10.000 81749.000
4.876 9.062 3.833 10.000 81759.000
4.790 8.825 3.239 14.000 81773.000
3.737 7.680 2.197 6.000 81779.000
4.074 7.256 0.651 10.000 81789.000
4.587 7.213 -0.356 10.000 81799.000
5.973 7.206 -1.266 12.000 81811.000
8.327 8.106 -1.728 8.000 81819.000
8.470 7.785 -1.359 10.000 81829.000
8.468 7.651 -0.943 10.000 81839.000
7.592 7.481 -0.624 10.000 81849.000
6.768 6.964 -0.150 10.000 81859.000
6.675 6.804 0.052 10.000 81869.000
6.426 6.457 0.244 10.000 81879.000
6.263 6.581 0.502 10.000 81889.000
6.047 7.053 0.605 10.000 81899.000
5.947 7.513 0.854 10.000 81909.000
5.930 7.766 1.285 10.000 81919.000
5.827 7.548 1.649 10.000 81929.000
5.722 7.422 1.910 10.000 81939.000
5.501 7.307 2.025 10.000 81949.000
5.633 7.465 1.860 10.000 81959.000
5.753 7.508 1.690 10.000 81969.000
5.875 7.460 1.623 10.000 81979.000
6.009 7.436 1.522 10.000 81989.000
6.009 7.345 1.484 11.000 82000.000
6.062 7.422 1.367 10.000 82010.000
6.033 7.496 1.312 9.000 82019.000
5.992 7.546 1.290 10.000 82029.000
5.887 7.469 1.256 11.000 82040.000
5.813 7.345 1.419 9.000 82049.000
5.820 7.223 1.520 10.000 82059.000
5.829 7.163 1.738 10.000 82069.000
5.904 7.230 1.968 10.000 82079.000
5.839 7.331 1.965 10.000 82089.000
5.746 7.378 1.977 10.000 82099.000
5.650 7.364 1.872 10.000 82109.000
5.580 7.309 1.776 10.000 82119.000
5.578 7.216 1.800 10.000 82129.000
5.533 7.189 1.838 10.000 82139.000
5.363 7.168 2.169 10.000 82149.000
