# Accelerometer Data File
# 
#
#
# sensor Vendor: Bosch
# sensor Name: BMA254
# sensor Resolution: 0.009576807m/sec^2; Max Range: 39.2; Min Delay: 10000 microseconds
# The sensor's attributes are the result hardware and the Android capabilities.
# It means that the Android may not utilize all features provided by the hardware.
#
# Some devices and Android versions save battery too much so the device may go to sleep.
# It just happens after couple of minutes from turning off the scree and it is easy to find it out.
#
# The following file provides the data from accelerometer in the m/s^2 format.
# The diff value is just a time delta between the samples
#
#
# data format:
# so we have 4 columns with values separated by the " "
# X Y Z time_from_previous_sample(ms)

# sensor speed set to:FASTEST
# units set to: m/sec^2
# gravity NOT filtered out
# Accuracy: HIGH
-5.837 2.427 7.881 10.000 82000.000
-5.568 2.734 7.977 10.000 82010.000
-5.257 2.789 8.180 10.000 82020.000
-4.977 2.892 8.530 10.000 82030.000
-4.819 2.896 8.798 10.000 82040.000
-4.599 3.114 9.294 10.000 82050.000
-4.568 3.375 9.667 10.000 82060.000
-4.359 3.926 10.005 10.000 82070.000
-3.974 4.649 10.340 10.000 82080.000
-3.651 5.159 10.448 10.000 82090.000
-3.102 5.731 10.390 10.000 82100.000
-2.420 6.275 9.907 10.000 82110.000
-1.915 6.646 9.425 10.000 82120.000
-1.182 7.297 8.678 10.000 82130.000
-0.675 7.886 8.097 10.000 82140.000
-0.280 8.090 7.637 10.000 82150.000
0.126 8.025 6.902 10.000 82160.000
0.306 7.680 6.433 10.000 82170.000
0.409 7.292 5.674 10.000 82180.000
0.344 6.981 5.109 10.000 82190.000
0.143 6.823 4.556 10.000 82200.000
-0.122 6.481 3.821 10.000 82210.000
-0.311 6.181 3.375 10.000 82220.000
-0.438 5.645 2.937 10.000 82230.000
-1.015 4.893 2.904 10.000 82240.000
-1.527 4.326 3.052 10.000 82250.000
-1.429 4.098 2.693 10.000 82260.000
-1.393 4.108 2.327 10.000 82270.000
-0.210 4.515 1.256 10.000 82280.000
0.835 3.548 -0.986 10.000 82290.000
1.271 2.240 -2.722 10.000 82300.000
0.385 -1.800 -1.690 10.000 82310.000
-1.072 -5.908 -0.095 10.000 82320.000
-3.387 -7.999 6.212 10.000 82330.000
-2.750 -6.892 9.768 10.000 82340.000
-0.792 -3.052 10.556 10.000 82350.000
3.227 2.221 9.928 10.000 82360.000
8.240 6.852 5.760 10.000 82370.000
7.678 8.133 5.461 10.000 82380.000
6.143 9.703 5.415 10.000 82390.000
2.547 9.840 6.785 10.000 82400.000
-0.138 9.686 8.236 10.000 82410.000
-0.189 8.664 8.836 10.000 82420.000
0.732 7.352 9.184 10.000 82430.000
1.857 6.244 9.066 10.000 82440.000
2.073 5.425 8.868 10.000 82450.000
2.655 6.057 8.204 10.000 82460.000
3.114 6.706 7.668 10.000 82470.000
3.371 7.151 7.596 10.000 82480.000
3.629 7.548 7.685 10.000 82490.000
3.509 7.517 7.972 10.000 82500.000
3.584 7.326 8.054 10.000 82510.000
3.632 7.139 8.252 10.000 82520.000
3.677 7.000 8.291 10.000 82530.000
3.830 7.046 8.585 10.000 82540.000
4.436 7.314 9.234 10.000 82550.000
5.068 7.577 9.765 10.000 82560.000
5.480 7.460 8.645 10.000 82570.000
5.784 7.158 7.268 10.000 82580.000
5.255 6.950 5.521 10.000 82590.000
5.125 7.398 4.491 10.000 82600.000
5.216 8.226 5.114 10.000 82610.000
4.970 8.391 4.625 10.000 82620.000
5.032 8.384 4.232 10.000 82630.000
4.350 7.060 2.920 10.000 82640.000
3.596 5.480 1.857 10.000 82650.000
3.179 4.563 1.905 10.000 82660.000
2.829 3.526 1.982 10.000 82670.000
3.246 3.062 2.485 10.000 82680.000
3.734 2.853 2.738 10.000 82690.000
4.541 3.260 2.908 10.000 82700.000
5.281 3.787 3.050 10.000 82710.000
5.207 4.788 3.390 10.000 82720.000
4.967 5.695 4.115 10.000 82730.000
4.410 5.987 4.924 10.000 82740.000
3.612 5.947 5.245 10.000 82750.000
3.208 5.521 5.142 10.000 82760.000
3.196 5.087 5.080 10.000 82770.000
3.696 4.903 5.094 10.000 82780.000
4.436 5.051 5.597 10.000 82790.000
5.406 5.482 5.580 10.000 82800.000
6.284 6.121 4.730 10.000 82810.000
6.651 6.512 3.804 10.000 82820.000
7.314 6.950 2.961 10.000 82830.000
7.747 7.105 2.638 10.000 82840.000
7.718 7.223 3.414 10.000 82850.000
7.393 6.833 3.876 10.000 82860.000
6.770 6.394 4.254 10.000 82870.000
6.586 5.552 4.508 10.000 82880.000
6.727 4.639 4.070 10.000 82890.000
7.328 4.465 3.842 10.000 82900.000
7.687 4.589 3.842 10.000 82910.000
7.608 5.118 3.967 10.000 82920.000
7.259 5.588 4.163 10.000 82930.000
6.732 5.810 4.532 10.000 82940.000
6.447 5.734 4.673 10.000 82950.000
6.203 5.470 4.814 10.000 82960.000
6.229 5.267 4.884 10.000 82970.000
6.215 5.228 4.819 10.000 82980.000
6.059 5.499 4.742 10.000 82990.000
5.863 5.956 4.666 10.000 83000.000
5.549 6.313 4.714 10.000 83010.000
5.291 6.521 4.826 10.000 83020.000
5.238 6.256 4.884 10.000 83030.000
5.307 5.724 4.745 10.000 83040.000
5.494 5.293 4.481 10.000 83050.000
5.853 4.831 4.039 10.000 83060.000
6.284 4.750 3.667 10.000 83070.000
6.593 4.934 3.493 11.000 83081.000
6.945 5.166 3.469 8.000 83089.000
7.125 5.430 3.624 10.000 83099.000
7.113 5.372 3.806 11.000 83110.000
6.974 5.121 4.082 9.000 83119.000
6.792 4.821 4.206 10.000 83129.000
6.655 4.659 4.165 10.000 83139.000
6.574 4.601 4.094 10.000 83149.000
6.749 5.092 3.892 11.000 83160.000
6.854 5.425 3.806 9.000 83169.000
6.914 5.621 3.885 10.000 83179.000
6.780 5.585 4.232 10.000 83189.000
6.517 5.195 4.616 10.000 83199.000
6.299 5.114 5.078 11.000 83210.000
6.086 5.274 5.216 9.000 83219.000
6.066 5.667 5.087 10.000 83229.000
6.191 6.112 4.776 10.000 83239.000
6.375 6.081 4.129 12.000 83251.000
6.555 5.808 3.806 9.000 83260.000
6.782 5.408 3.639 9.000 83269.000
6.866 4.955 3.653 11.000 83280.000
6.955 4.869 3.768 10.000 83290.000
6.986 4.891 3.924 10.000 83300.000
6.969 5.039 3.924 10.000 83310.000
6.873 5.233 3.857 10.000 83320.000
6.737 5.386 3.830 10.000 83330.000
6.706 5.336 3.727 10.000 83340.000
6.718 5.312 3.548 10.000 83350.000
6.809 5.243 3.435 10.000 83360.000
6.909 5.173 3.502 10.000 83370.000
6.856 5.221 3.541 10.000 83380.000
6.761 5.243 3.655 10.000 83390.000
6.648 5.250 3.742 10.000 83400.000
6.526 5.257 3.648 10.000 83410.000
6.593 5.281 3.536 10.000 83420.000
6.615 5.336 3.390 10.000 83430.000
6.653 5.406 3.272 10.000 83440.000
6.342 5.348 3.483 10.000 83450.000
5.947 5.252 3.778 10.000 83460.000
6.430 5.477 4.046 10.000 83470.000
6.497 5.449 4.187 10.000 83480.000
6.914 5.547 4.000 10.000 83490.000
7.378 5.643 3.675 10.000 83500.000
7.010 5.379 3.270 10.000 83510.000
7.058 5.370 2.992 10.000 83520.000
7.134 5.272 2.877 10.000 83530.000
7.163 5.176 2.901 10.000 83540.000
7.058 5.025 3.110 10.000 83550.000
6.706 4.979 3.588 10.000 83560.000
6.325 5.023 3.904 10.000 83570.000
6.157 5.286 3.320 10.000 83580.000
6.124 5.612 2.691 10.000 83590.000
6.739 5.793 2.073 10.000 83600.000
6.974 5.571 1.819 10.000 83610.000
6.995 5.128 2.466 11.000 83621.000
6.945 4.704 3.213 9.000 83630.000
6.667 4.740 3.624 10.000 83640.000
6.770 5.181 3.672 10.000 83650.000
6.907 5.736 3.584 10.000 83660.000
7.115 6.272 3.394 10.000 83670.000
7.117 6.167 3.251 10.000 83680.000
7.079 5.956 3.150 10.000 83690.000
7.007 5.631 3.186 10.000 83700.000
6.907 5.367 3.320 11.000 83711.000
6.837 5.324 3.462 8.000 83719.000
6.823 5.468 3.462 10.000 83729.000
6.861 5.453 3.423 10.000 83739.000
6.928 5.377 3.287 10.000 83749.000
6.976 5.506 3.275 11.000 83760.000
6.909 5.602 3.414 9.000 83769.000
6.789 5.856 3.591 10.000 83779.000
6.679 6.114 3.902 10.000 83789.000
6.588 6.167 4.089 10.000 83799.000
6.682 6.100 4.211 11.000 83810.000
6.792 5.863 4.352 9.000 83819.000
6.892 5.621 4.359 10.000 83829.000
6.962 5.379 4.304 10.000 83839.000
6.947 5.209 4.261 10.000 83849.000
6.924 5.355 4.175 11.000 83860.000
6.940 5.619 3.998 9.000 83869.000
6.988 5.882 3.883 10.000 83879.000
7.022 5.932 3.797 10.000 83889.000
7.026 5.585 3.617 10.000 83899.000
6.991 5.121 3.529 11.000 83910.000
7.010 4.953 3.311 9.000 83919.000
7.043 4.999 3.064 11.000 83930.000
7.127 5.566 2.475 9.000 83939.000
7.275 6.030 1.810 10.000 83949.000
7.369 6.198 1.273 12.000 83961.000
7.563 6.248 0.936 9.000 83970.000
7.728 6.028 1.058 10.000 83980.000
7.580 5.803 1.692 10.000 83990.000
7.359 5.401 2.533 10.000 84000.000
7.038 5.116 3.174 10.000 84010.000
6.442 4.898 4.149 10.000 84020.000
5.918 4.953 4.551 10.000 84030.000
5.465 5.185 4.747 10.000 84040.000
5.260 5.499 4.498 14.000 84054.000
5.329 5.746 3.916 6.000 84060.000
5.863 5.533 3.383 10.000 84070.000
6.399 5.434 3.174 10.000 84080.000
6.689 5.255 3.411 10.000 84090.000
6.849 5.300 4.007 10.000 84100.000
6.722 5.640 4.692 10.000 84110.000
6.351 6.004 5.027 10.000 84120.000
6.095 6.301 5.056 10.000 84130.000
5.968 6.373 4.726 10.000 84140.000
6.095 6.160 4.127 11.000 84151.000
6.464 5.808 3.552 9.000 84160.000
6.763 5.463 3.423 10.000 84170.000
6.993 5.178 3.505 10.000 84180.000
6.969 5.178 3.854 10.000 84190.000
6.940 5.228 4.194 10.000 84200.000
6.816 5.391 4.266 10.000 84210.000
6.761 5.494 4.127 10.000 84220.000
6.634 5.554 4.022 10.000 84230.000
6.512 5.564 3.926 10.000 84240.000
6.452 5.497 4.067 10.000 84250.000
6.493 5.406 4.283 10.000 84260.000
6.605 5.358 4.465 10.000 84270.000
6.761 5.066 4.663 10.000 84280.000
6.904 4.797 4.754 10.000 84290.000
6.713 4.733 4.407 10.000 84300.000
6.754 5.078 4.067 10.000 84310.000
6.751 5.667 3.711 10.000 84320.000
6.665 6.071 3.605 10.000 84330.000
6.718 6.203 3.730 10.000 84340.000
6.538 5.925 3.847 10.000 84350.000
6.397 5.755 3.909 10.000 84360.000
6.339 5.770 3.720 10.000 84370.000
6.454 5.748 3.699 10.000 84380.000
6.572 5.487 3.591 10.000 84390.000
6.651 5.118 3.538 10.000 84400.000
6.698 4.778 3.442 10.000 84410.000
6.670 4.568 3.313 10.000 84420.000
6.687 4.723 3.280 10.000 84430.000
6.746 4.917 3.193 10.000 84440.000
6.837 5.082 3.150 10.000 84450.000
6.919 5.298 3.095 10.000 84460.000
7.046 5.398 2.911 10.000 84470.000
7.129 5.461 2.779 10.000 84480.000
7.156 5.418 2.853 10.000 84490.000
7.192 5.324 2.940 10.000 84500.000
7.105 5.284 3.165 10.000 84510.000
7.041 5.207 3.277 10.000 84520.000
7.034 5.236 3.184 10.000 84530.000
7.041 5.286 3.069 10.000 84540.000
7.077 5.272 2.935 10.000 84550.000
7.098 5.267 2.916 10.000 84560.000
7.108 5.252 2.913 10.000 84570.000
7.103 5.216 2.932 10.000 84580.000
7.086 5.166 3.064 10.000 84590.000
7.067 5.183 3.347 10.000 84600.000
7.060 5.209 3.612 10.000 84610.000
7.034 5.262 3.890 10.000 84620.000
7.019 5.329 4.055 10.000 84630.000
6.993 5.396 3.936 10.000 84640.000
6.967 5.418 3.770 10.000 84650.000
6.959 5.413 3.593 10.000 84660.000
6.995 5.403 3.404 10.000 84670.000
7.038 5.353 3.347 10.000 84680.000
7.072 5.358 3.514 10.000 84690.000
7.108 5.406 3.746 10.000 84700.000
7.101 5.458 3.991 10.000 84710.000
7.074 5.497 4.216 10.000 84720.000
7.079 5.521 4.151 10.000 84730.000
7.082 5.501 4.022 10.000 84740.000
7.041 5.453 3.849 10.000 84750.000
7.019 5.420 3.696 10.000 84760.000
6.986 5.365 3.703 10.000 84770.000
6.971 5.315 3.655 10.000 84780.000
7.000 5.293 3.651 10.000 84790.000
7.017 5.286 3.622 10.000 84800.000
7.024 5.305 3.543 10.000 84810.000
6.969 5.322 3.543 10.000 84820.000
6.878 5.391 3.620 10.000 84830.000
6.799 5.446 3.720 10.000 84840.000
6.754 5.470 3.811 10.000 84850.000
6.794 5.451 3.763 10.000 84860.000
6.871 5.379 3.639 10.000 84870.000
6.933 5.252 3.445 10.000 84880.000
6.962 5.157 3.260 10.000 84890.000
6.928 5.176 3.201 10.000 84900.000
6.921 5.193 3.232 10.000 84910.000
6.928 5.264 3.332 10.000 84920.000
7.024 5.341 3.368 10.000 84930.000
7.139 5.343 3.394 10.000 84940.000
7.280 5.169 3.229 10.000 84950.000
7.316 4.963 3.373 10.000 84960.000
7.264 4.752 3.581 11.000 84971.000
7.084 4.711 3.524 9.000 84980.000
6.852 4.850 3.567 10.000 84990.000
6.974 5.236 2.901 10.000 85000.000
6.974 5.315 2.403 10.000 85010.000
7.101 5.224 2.171 10.000 85020.000
7.273 5.142 2.513 10.000 85030.000
7.307 4.932 3.380 10.000 85040.000
7.462 5.027 4.079 10.000 85050.000
7.596 5.097 4.434 10.000 85060.000
7.685 5.157 4.213 10.000 85070.000
7.536 5.051 3.813 10.000 85080.000
7.376 4.929 3.371 11.000 85091.000
7.237 4.833 3.272 9.000 85100.000
7.098 4.711 3.224 10.000 85110.000
7.086 4.668 3.232 10.000 85120.000
7.089 4.726 3.318 10.000 85130.000
7.050 4.805 3.457 10.000 85140.000
7.012 4.910 3.545 10.000 85150.000
6.988 5.125 3.653 10.000 85160.000
6.979 5.236 3.830 10.000 85170.000
7.010 5.324 3.955 10.000 85180.000
7.041 5.458 3.979 11.000 85191.000
7.058 5.482 3.983 9.000 85200.000
7.074 5.506 3.694 10.000 85210.000
7.072 5.485 3.296 10.000 85220.000
7.070 5.418 2.999 10.000 85230.000
7.077 5.355 2.456 10.000 85240.000
7.067 5.315 2.102 10.000 85250.000
7.211 5.181 2.236 10.000 85260.000
7.295 5.003 2.683 10.000 85270.000
7.369 4.821 3.378 10.000 85280.000
7.371 4.797 3.967 10.000 85290.000
7.249 4.939 3.979 10.000 85300.000
7.187 5.123 3.677 10.000 85310.000
7.105 5.303 3.406 10.000 85320.000
7.096 5.324 3.241 10.000 85330.000
7.096 5.236 3.380 10.000 85340.000
7.101 5.137 3.481 10.000 85350.000
7.125 5.044 3.550 10.000 85360.000
7.153 4.982 3.574 10.000 85370.000
7.163 5.003 3.490 10.000 85380.000
7.175 5.039 3.495 10.000 85390.000
7.189 5.066 3.490 10.000 85400.000
7.199 5.061 3.531 10.000 85410.000
7.192 5.068 3.610 10.000 85420.000
7.163 5.068 3.670 10.000 85430.000
7.132 5.078 3.739 10.000 85440.000
7.082 5.130 3.722 10.000 85450.000
7.048 5.171 3.667 10.000 85460.000
7.058 5.214 3.550 10.000 85470.000
7.031 5.200 3.462 10.000 85480.000
7.024 5.142 3.459 10.000 85490.000
6.993 5.070 3.478 10.000 85500.000
6.933 4.999 3.529 10.000 85510.000
6.947 5.008 3.598 10.000 85520.000
6.979 5.023 3.663 10.000 85530.000
7.034 5.051 3.706 10.000 85540.000
7.074 5.063 3.792 10.000 85550.000
