# Accelerometer Data File
# 
#
#
# sensor Vendor: Bosch
# sensor Name: BMA254
# sensor Resolution: 0.009576807m/sec^2; Max Range: 39.2; Min Delay: 10000 microseconds
# The sensor's attributes are the result hardware and the Android capabilities.
# It means that the Android may not utilize all features provided by the hardware.
#
# Some devices and Android versions save battery too much so the device may go to sleep.
# It just happens after couple of minutes from turning off the scree and it is easy to find it out.
#
# The following file provides the data from accelerometer in the m/s^2 format.
# The diff value is just a time delta between the samples
#
#
# data format:
# so we have 4 columns with values separated by the " "
# X Y Z time_from_previous_sample(ms)

# sensor speed set to:FASTEST
# units set to: m/sec^2
# gravity NOT filtered out
# Accuracy: HIGH
-8.719 -6.490 6.524 10.000 76000.000
-8.963 -6.615 6.268 10.000 76010.000
-9.136 -6.356 6.459 10.000 76020.000
-9.059 -5.612 7.723 10.000 76030.000
-8.729 -4.683 8.870 10.000 76040.000
-8.494 -3.557 9.617 10.000 76050.000
-8.331 -2.815 9.916 14.000 76064.000
-8.576 -2.695 9.272 6.000 76070.000
-9.040 -2.774 8.741 10.000 76080.000
-9.409 -3.050 8.609 10.000 76090.000
-9.916 -3.256 8.379 10.000 76100.000
-10.275 -3.385 8.394 10.000 76110.000
-10.254 -2.762 7.841 10.000 76120.000
-10.426 -1.968 7.812 10.000 76130.000
-10.460 -1.242 7.881 10.000 76140.000
-10.912 -0.919 8.214 10.000 76150.000
-11.573 -1.328 8.769 10.000 76160.000
-12.040 -1.910 8.801 10.000 76170.000
-12.239 -2.712 8.710 10.000 76180.000
-12.018 -3.112 8.355 10.000 76190.000
-11.295 -3.169 7.920 10.000 76200.000
-10.374 -3.193 7.216 10.000 76210.000
-9.720 -2.997 6.634 10.000 76220.000
-9.615 -2.961 6.208 10.000 76230.000
-9.964 -3.088 6.095 10.000 76240.000
-10.240 -3.337 6.220 10.000 76250.000
-9.737 -3.251 6.476 10.000 76260.000
-8.686 -3.004 6.576 10.000 76270.000
-7.546 -2.573 6.952 10.000 76280.000
-7.029 -2.075 7.462 9.000 76289.000
-7.290 -1.912 7.841 10.000 76299.000
-7.316 -1.596 8.451 13.000 76312.000
-7.431 -1.465 8.786 7.000 76319.000
-6.596 -1.288 8.963 11.000 76330.000
-5.851 -0.711 9.488 9.000 76339.000
-5.341 -0.287 9.780 12.000 76351.000
-5.082 -0.222 10.319 8.000 76359.000
-5.425 -0.181 10.912 10.000 76369.000
-4.675 -0.169 10.658 11.000 76380.000
-4.295 -0.304 11.133 13.000 76393.000
-3.663 -0.079 11.360 10.000 76403.000
-2.849 -0.488 11.300 7.000 76410.000
-3.035 -1.268 11.741 9.000 76419.000
-1.908 -0.749 10.931 11.000 76430.000
-1.587 -0.275 10.558 9.000 76439.000
-1.448 0.833 10.472 10.000 76449.000
-1.285 1.860 10.371 10.000 76459.000
-1.745 1.939 10.307 11.000 76470.000
-1.398 2.063 9.806 10.000 76480.000
-1.244 2.470 9.265 9.000 76489.000
-1.115 2.959 8.738 10.000 76499.000
-1.410 3.454 8.947 11.000 76510.000
-1.426 4.031 8.571 10.000 76520.000
-1.249 4.326 8.236 10.000 76530.000
-0.847 4.972 7.582 9.000 76539.000
-0.344 5.406 6.679 10.000 76549.000
0.110 5.889 6.344 10.000 76559.000
0.524 6.105 5.892 11.000 76570.000
0.713 5.968 5.758 10.000 76580.000
1.017 5.420 5.128 9.000 76589.000
1.642 4.572 4.017 10.000 76599.000
2.308 3.993 3.023 11.000 76610.000
3.217 3.181 1.699 10.000 76620.000
4.012 2.782 0.871 10.000 76630.000
4.096 2.480 0.390 10.000 76640.000
3.639 2.367 -0.155 9.000 76649.000
2.937 2.487 -0.371 10.000 76659.000
1.991 2.904 -0.287 11.000 76670.000
1.206 3.390 -0.052 10.000 76680.000
1.240 3.727 0.909 10.000 76690.000
0.775 3.742 2.367 9.000 76699.000
0.555 3.459 3.526 11.000 76710.000
-0.897 2.616 4.338 10.000 76720.000
-2.341 1.637 4.764 10.000 76730.000
-3.287 0.981 4.695 9.000 76739.000
-3.900 0.519 5.013 10.000 76749.000
-3.280 0.617 5.679 10.000 76759.000
-2.585 1.125 5.954 11.000 76770.000
-1.668 1.802 6.131 10.000 76780.000
-1.084 2.286 5.920 10.000 76790.000
-0.495 2.777 5.707 10.000 76800.000
-0.268 2.954 5.607 10.000 76810.000
-0.148 2.770 5.674 10.000 76820.000
0.435 2.458 5.870 10.000 76830.000
1.015 2.140 6.069 10.000 76840.000
1.295 1.613 6.330 10.000 76850.000
1.278 1.252 6.557 10.000 76860.000
0.797 1.017 6.655 10.000 76870.000
0.440 0.938 6.957 10.000 76880.000
0.514 1.113 7.259 14.000 76894.000
0.770 1.314 7.524 5.000 76899.000
0.715 1.537 8.020 10.000 76909.000
0.536 1.604 8.312 11.000 76920.000
-0.064 1.343 8.839 10.000 76930.000
-0.665 1.082 9.366 9.000 76939.000
-0.964 0.598 9.674 11.000 76950.000
-1.276 -0.287 10.084 10.000 76960.000
-1.297 -0.890 10.196 10.000 76970.000
-0.727 -0.864 10.137 10.000 76980.000
-0.033 -0.833 10.043 10.000 76990.000
0.672 -0.399 9.849 10.000 77000.000
1.561 -0.217 9.756 10.000 77010.000
1.857 -0.665 9.835 10.000 77020.000
1.810 -1.077 10.218 10.000 77030.000
1.173 -1.879 10.802 10.000 77040.000
0.354 -2.430 11.286 10.000 77050.000
-0.658 -3.081 12.004 10.000 77060.000
-1.441 -3.572 12.440 10.000 77070.000
-1.237 -3.632 12.782 13.000 77083.000
-1.503 -3.581 13.374 7.000 77090.000
-1.575 -3.430 13.730 10.000 77100.000
-1.824 -3.198 13.565 10.000 77110.000
-2.470 -3.007 13.292 10.000 77120.000
-2.336 -3.191 12.732 10.000 77130.000
-1.922 -3.098 12.548 10.000 77140.000
-1.331 -3.086 12.885 10.000 77150.000
-1.470 -3.248 13.385 10.000 77160.000
-1.977 -3.265 13.412 10.000 77170.000
-2.765 -3.560 13.062 10.000 77180.000
-3.071 -3.873 12.157 10.000 77190.000
-2.647 -4.012 11.089 10.000 77200.000
-2.114 -4.362 10.663 10.000 77210.000
-2.082 -4.572 10.364 10.000 77220.000
-2.533 -4.764 10.620 10.000 77230.000
-3.110 -4.812 10.730 10.000 77240.000
-3.739 -4.529 10.711 10.000 77250.000
-3.746 -4.728 10.565 10.000 77260.000
-4.060 -5.367 10.477 10.000 77270.000
-4.247 -6.150 10.534 10.000 77280.000
-4.721 -6.643 10.730 10.000 77290.000
-5.102 -6.749 11.003 10.000 77300.000
-5.176 -6.414 11.219 10.000 77310.000
-4.654 -6.248 11.307 10.000 77320.000
-3.845 -6.373 11.257 10.000 77330.000
-2.978 -6.658 11.042 10.000 77340.000
-2.202 -7.393 10.606 10.000 77350.000
-2.023 -7.958 10.297 10.000 77360.000
-2.061 -8.690 9.840 10.000 77370.000
-2.370 -9.308 9.471 10.000 77380.000
-2.968 -9.469 9.282 10.000 77390.000
-3.701 -9.524 9.090 10.000 77400.000
-4.216 -9.411 9.047 10.000 77410.000
-4.563 -9.279 9.040 10.000 77420.000
-4.307 -9.066 9.033 10.000 77430.000
-3.916 -8.959 9.028 10.000 77440.000
-3.572 -8.992 8.980 10.000 77450.000
-3.394 -9.045 8.896 10.000 77460.000
-3.497 -9.279 8.813 10.000 77470.000
-3.586 -9.404 8.688 10.000 77480.000
-3.629 -9.387 8.607 10.000 77490.000
-3.603 -9.224 8.398 10.000 77500.000
-3.519 -8.968 8.231 10.000 77510.000
-3.315 -9.040 8.032 10.000 77520.000
-2.925 -9.083 7.888 10.000 77530.000
-2.604 -9.272 7.872 10.000 77540.000
-2.183 -9.294 7.922 10.000 77550.000
-1.798 -8.954 8.236 10.000 77560.000
-1.599 -8.643 8.494 10.000 77570.000
-1.333 -8.214 8.743 10.000 77580.000
-1.168 -7.953 8.925 10.000 77590.000
-1.010 -7.656 8.808 10.000 77600.000
-0.718 -7.122 8.611 10.000 77610.000
-0.493 -6.706 8.425 10.000 77620.000
-0.124 -6.040 8.209 10.000 77630.000
0.153 -5.554 8.101 10.000 77640.000
0.222 -4.948 8.339 10.000 77650.000
0.002 -4.084 8.793 10.000 77660.000
-0.361 -3.469 9.277 10.000 77670.000
-0.806 -2.796 9.603 10.000 77680.000
-1.120 -2.511 9.655 10.000 77690.000
-1.144 -2.485 9.490 10.000 77700.000
-1.134 -2.415 9.351 13.000 77713.000
-1.043 -2.403 9.370 7.000 77720.000
-1.170 -2.327 9.519 10.000 77730.000
-1.762 -2.430 9.890 10.000 77740.000
-2.387 -2.576 10.235 11.000 77751.000
-3.141 -2.920 10.560 13.000 77764.000
-3.734 -3.299 10.764 6.000 77770.000
-3.931 -3.349 10.551 10.000 77780.000
-4.764 -3.411 10.742 10.000 77790.000
-5.468 -3.275 10.953 12.000 77802.000
-5.880 -3.308 11.130 8.000 77810.000
-6.224 -3.490 11.501 10.000 77820.000
-5.102 -3.002 10.948 10.000 77830.000
-4.098 -2.391 10.273 10.000 77840.000
-3.263 -1.704 9.378 14.000 77854.000
-2.427 -1.017 8.482 9.000 77863.000
-2.183 -0.907 8.037 7.000 77870.000
-1.819 -0.919 7.714 10.000 77880.000
-1.565 -0.423 7.457 10.000 77890.000
-1.312 0.071 7.201 10.000 77900.000
-1.589 0.636 6.957 10.000 77910.000
-1.580 1.577 6.406 10.000 77920.000
-1.584 2.104 6.042 10.000 77930.000
-1.572 2.827 5.595 10.000 77940.000
-1.268 3.399 5.204 9.000 77949.000
-1.039 4.201 5.090 10.000 77959.000
-0.842 5.434 5.118 12.000 77971.000
-0.706 6.552 5.470 12.000 77983.000
-0.569 7.671 5.822 6.000 77989.000
-0.375 8.248 6.232 10.000 77999.000
-0.148 8.394 6.497 10.000 78009.000
0.234 8.547 6.430 10.000 78019.000
0.241 8.683 6.339 15.000 78034.000
-0.021 8.755 6.222 5.000 78039.000
-0.864 8.714 6.026 10.000 78049.000
-1.819 8.585 5.923 10.000 78059.000
-2.616 8.626 5.657 12.000 78071.000
-3.414 8.667 5.391 8.000 78079.000
-3.550 8.772 5.023 10.000 78089.000
-3.464 8.616 4.599 10.000 78099.000
-3.160 8.307 4.362 11.000 78110.000
-2.765 8.219 3.811 13.000 78123.000
-2.647 8.640 3.471 7.000 78130.000
-2.753 9.323 3.186 10.000 78140.000
-3.090 10.237 2.944 9.000 78149.000
-3.519 10.931 3.016 10.000 78159.000
-3.790 10.905 3.002 14.000 78173.000
-3.816 10.472 2.935 7.000 78180.000
-3.610 9.806 2.825 9.000 78189.000
-3.129 8.918 2.750 11.000 78200.000
-2.554 8.027 2.856 12.000 78212.000
-2.224 7.544 3.014 7.000 78219.000
-2.116 6.646 3.394 11.000 78230.000
-2.284 5.971 3.739 10.000 78240.000
-2.657 5.384 4.156 9.000 78249.000
-3.045 4.862 4.817 11.000 78260.000
-3.210 4.754 5.255 9.000 78269.000
-3.459 4.671 5.798 11.000 78280.000
-3.557 4.759 6.148 10.000 78290.000
-3.605 4.520 6.064 9.000 78299.000
-3.483 4.058 6.052 10.000 78309.000
-3.277 3.572 5.935 11.000 78320.000
-2.911 3.165 6.004 10.000 78330.000
-2.580 3.021 6.263 9.000 78339.000
-2.636 3.090 6.335 11.000 78350.000
-2.849 3.078 6.191 9.000 78359.000
-3.222 2.987 5.861 11.000 78370.000
-3.557 2.803 5.707 10.000 78380.000
-3.579 2.571 5.681 9.000 78389.000
-3.442 2.420 5.870 11.000 78400.000
-3.433 2.094 5.978 10.000 78410.000
-3.462 1.862 5.908 9.000 78419.000
-3.552 1.446 5.884 11.000 78430.000
-3.493 0.773 6.112 9.000 78439.000
-3.306 0.275 6.421 10.000 78449.000
-2.961 -0.277 6.936 10.000 78459.000
-2.652 -0.588 7.393 11.000 78470.000
-2.348 -0.572 7.735 10.000 78480.000
-2.157 -0.347 8.113 10.000 78490.000
-2.123 -0.067 8.286 9.000 78499.000
-2.147 0.241 8.604 10.000 78509.000
-2.284 0.162 8.954 11.000 78520.000
-2.308 -0.124 9.267 10.000 78530.000
-2.200 -0.588 9.516 10.000 78540.000
-2.035 -1.082 9.619 10.000 78550.000
-1.874 -1.616 9.543 10.000 78560.000
-2.030 -1.922 9.603 10.000 78570.000
-2.317 -2.051 9.727 10.000 78580.000
-2.741 -2.274 9.813 10.000 78590.000
-3.193 -2.140 9.911 10.000 78600.000
-3.466 -2.157 9.765 10.000 78610.000
-3.318 -2.147 9.694 10.000 78620.000
-3.033 -2.044 9.660 10.000 78630.000
-2.334 -1.838 9.504 10.000 78640.000
-1.498 -1.709 9.457 10.000 78650.000
-0.897 -1.620 9.500 10.000 78660.000
-0.337 -1.814 9.490 10.000 78670.000
-0.191 -2.111 9.603 10.000 78680.000
-0.277 -2.475 10.034 10.000 78690.000
-0.703 -2.355 10.242 10.000 78700.000
-1.089 -1.953 10.503 10.000 78710.000
-1.276 -1.807 10.905 10.000 78720.000
-1.230 -1.594 10.989 10.000 78730.000
-0.536 -1.889 10.996 10.000 78740.000
0.196 -2.308 10.831 10.000 78750.000
0.730 -2.470 10.524 10.000 78760.000
0.521 -3.136 10.477 10.000 78770.000
-0.181 -3.763 10.563 10.000 78780.000
-1.374 -4.347 10.967 10.000 78790.000
-2.832 -4.912 11.408 13.000 78803.000
-3.548 -4.975 11.590 7.000 78810.000
-3.749 -5.051 11.678 10.000 78820.000
-3.033 -5.173 11.487 10.000 78830.000
-2.051 -5.315 11.259 10.000 78840.000
-0.665 -5.315 10.814 10.000 78850.000
0.205 -5.300 10.462 10.000 78860.000
0.794 -4.886 10.149 10.000 78870.000
1.230 -4.726 9.897 10.000 78880.000
1.261 -4.707 9.864 10.000 78890.000
0.955 -4.683 9.825 10.000 78900.000
0.464 -4.932 9.883 10.000 78910.000
-0.385 -5.039 9.775 10.000 78920.000
-1.783 -5.726 9.777 10.000 78930.000
-2.844 -6.418 9.785 10.000 78940.000
-3.859 -7.182 9.806 10.000 78950.000
-4.024 -7.671 9.943 10.000 78960.000
-3.641 -7.580 9.969 10.000 78970.000
-2.851 -7.357 10.074 10.000 78980.000
-2.106 -7.062 10.165 10.000 78990.000
-1.687 -7.010 10.390 10.000 79000.000
-1.331 -6.943 10.666 10.000 79010.000
-1.381 -7.007 10.862 10.000 79020.000
-1.477 -7.117 10.907 10.000 79030.000
-1.584 -7.149 10.807 10.000 79040.000
-1.711 -7.290 10.534 10.000 79050.000
-1.812 -7.527 10.139 10.000 79060.000
-1.867 -7.718 9.895 10.000 79070.000
-1.946 -8.066 9.677 10.000 79080.000
-1.982 -8.353 9.502 10.000 79090.000
-2.044 -8.544 9.449 10.000 79100.000
-2.176 -8.880 9.454 10.000 79110.000
-2.284 -9.059 9.433 10.000 79120.000
-2.561 -9.361 9.672 10.000 79130.000
-3.098 -9.734 9.955 10.000 79140.000
-3.564 -9.964 10.180 10.000 79150.000
-4.022 -10.038 10.469 10.000 79160.000
-4.271 -9.955 10.577 10.000 79170.000
-4.259 -9.734 10.644 10.000 79180.000
-4.189 -9.435 10.625 10.000 79190.000
-4.129 -9.291 10.541 12.000 79202.000
-3.665 -8.908 10.158 8.000 79210.000
-2.999 -8.482 9.569 10.000 79220.000
-2.391 -8.135 9.066 10.000 79230.000
-1.793 -7.800 8.588 10.000 79240.000
-1.599 -7.704 8.408 10.000 79250.000
-1.663 -7.817 8.540 9.000 79259.000
-1.584 -7.874 8.762 11.000 79270.000
-1.496 -7.920 8.961 10.000 79280.000
-1.333 -7.747 9.153 9.000 79289.000
-1.115 -7.474 9.236 10.000 79299.000
-1.039 -7.127 9.052 10.000 79309.000
-0.928 -6.794 8.803 10.000 79319.000
-0.893 -6.679 8.561 11.000 79330.000
-0.809 -6.521 8.382 9.000 79339.000
-0.727 -6.493 8.379 10.000 79349.000
-0.541 -5.997 8.348 11.000 79360.000
-0.392 -5.236 8.506 9.000 79369.000
-0.292 -4.517 8.602 11.000 79380.000
0.045 -3.742 8.755 9.000 79389.000
0.806 -3.284 8.681 10.000 79399.000
1.606 -3.093 8.418 10.000 79409.000
2.631 -2.659 7.984 10.000 79419.000
3.418 -2.284 7.493 11.000 79430.000
3.529 -1.800 7.448 9.000 79439.000
3.342 -1.295 7.603 10.000 79449.000
2.930 -1.031 7.929 11.000 79460.000
2.207 -0.802 8.322 10.000 79470.000
1.599 -0.814 8.590 10.000 79480.000
1.240 -0.763 8.678 10.000 79490.000
1.017 -0.509 8.755 10.000 79500.000
1.106 -0.222 8.765 10.000 79510.000
1.240 0.313 8.884 9.000 79519.000
1.467 0.909 8.892 11.000 79530.000
1.558 1.302 8.911 13.000 79543.000
1.546 1.810 8.801 6.000 79549.000
1.489 2.068 8.580 10.000 79559.000
1.367 2.384 8.341 12.000 79571.000
1.077 2.906 8.137 9.000 79580.000
0.890 3.313 8.063 9.000 79589.000
0.435 3.739 7.862 10.000 79599.000
0.000 3.964 7.771 10.000 79609.000
-0.289 4.067 7.575 10.000 79619.000
-0.423 4.127 7.098 10.000 79629.000
-0.289 4.168 6.749 10.000 79639.000
-0.165 4.410 6.121 12.000 79651.000
-0.122 4.874 5.528 8.000 79659.000
-0.234 5.382 5.214 11.000 79670.000
-0.466 5.940 4.807 10.000 79680.000
-0.689 6.296 4.678 10.000 79690.000
-0.854 6.275 4.529 9.000 79699.000
-0.696 6.239 4.374 10.000 79709.000
-0.418 6.153 4.311 11.000 79720.000
0.237 6.045 4.110 10.000 79730.000
0.938 6.009 3.964 10.000 79740.000
1.513 6.040 3.811 10.000 79750.000
2.145 6.141 3.713 10.000 79760.000
2.398 6.263 3.754 10.000 79770.000
2.530 6.387 3.806 10.000 79780.000
2.305 6.330 3.876 10.000 79790.000
2.023 6.203 3.890 9.000 79799.000
1.845 5.918 3.962 11.000 79810.000
1.790 5.631 4.022 9.000 79819.000
1.963 5.351 4.108 11.000 79830.000
2.138 5.032 4.311 9.000 79839.000
2.207 4.872 4.458 11.000 79850.000
2.078 4.697 4.651 10.000 79860.000
1.881 4.644 4.817 10.000 79870.000
1.505 4.489 5.037 10.000 79880.000
0.907 4.225 5.439 10.000 79890.000
0.507 3.976 5.793 9.000 79899.000
0.143 3.682 6.323 21.000 79920.000
0.000 3.390 6.751 10.000 79930.000
0.102 3.081 6.964 10.000 79940.000
0.205 2.772 7.177 10.000 79950.000
0.248 2.463 7.062 10.000 79960.000
0.258 2.267 6.912 10.000 79970.000
0.244 2.195 6.794 10.000 79980.000
0.253 2.202 6.512 11.000 79991.000
0.287 2.255 6.382 9.000 80000.000
0.160 2.248 6.356 10.000 80010.000
-0.100 2.104 6.507 10.000 80020.000
-0.385 1.881 6.823 10.000 80030.000
-0.653 1.644 7.321 10.000 80040.000
-0.770 1.493 7.680 10.000 80050.000
-0.751 1.465 7.941 10.000 80060.000
-0.536 1.647 8.377 11.000 80071.000
-0.337 1.843 8.631 9.000 80080.000
-0.201 2.157 9.299 10.000 80090.000
-0.301 2.652 9.595 10.000 80100.000
-0.598 2.937 9.718 10.000 80110.000
-0.725 3.196 9.813 10.000 80120.000
-0.790 3.337 9.495 10.000 80130.000
-0.610 3.301 9.337 10.000 80140.000
-0.969 3.002 8.978 10.000 80150.000
-1.970 2.755 8.681 14.000 80164.000
-2.971 2.509 8.384 6.000 80170.000
-3.981 2.272 8.219 10.000 80180.000
-4.604 2.353 8.295 10.000 80190.000
-4.345 2.231 8.508 24.000 80214.000
-4.086 2.109 8.722 6.000 80220.000
-4.158 1.596 9.038 10.000 80230.000
-4.079 1.029 9.313 10.000 80240.000
-4.259 1.058 9.121 10.000 80250.000
-4.438 1.086 8.930 10.000 80260.000
-3.981 1.549 8.415 10.000 80270.000
-3.007 1.455 8.281 21.000 80291.000
-2.779 0.816 8.640 9.000 80300.000
-2.552 0.177 8.999 10.000 80310.000
-2.973 -0.373 9.744 10.000 80320.000
-3.655 -0.193 10.273 10.000 80330.000
-3.742 0.112 10.603 12.000 80342.000
-2.932 0.423 11.015 8.000 80350.000
-1.711 0.579 11.286 13.000 80363.000
-0.746 0.560 11.391 7.000 80370.000
0.143 0.418 10.934 10.000 80380.000
0.138 0.272 10.395 10.000 80390.000
0.110 0.136 9.837 10.000 80400.000
0.124 -0.320 9.193 10.000 80410.000
0.213 -0.656 9.112 10.000 80420.000
0.694 -1.295 9.141 12.000 80432.000
1.130 -1.920 9.165 8.000 80440.000
1.544 -2.008 9.354 10.000 80450.000
1.941 -1.956 9.713 10.000 80460.000
1.946 -1.599 9.962 10.000 80470.000
1.572 -1.666 10.168 10.000 80480.000
0.931 -2.106 10.419 10.000 80490.000
0.306 -2.688 10.500 10.000 80500.000
-0.045 -3.383 10.505 10.000 80510.000
-0.019 -3.653 10.553 10.000 80520.000
0.323 -3.928 10.479 10.000 80530.000
0.117 -4.414 10.333 10.000 80540.000
-0.361 -4.788 10.263 10.000 80550.000
-1.089 -5.161 10.168 10.000 80560.000
-1.886 -5.372 10.070 10.000 80570.000
-2.166 -5.609 10.211 10.000 80580.000
-2.552 -6.028 10.160 10.000 80590.000
-2.688 -6.447 10.137 10.000 80600.000
-2.432 -6.861 9.856 10.000 80610.000
-2.315 -7.211 9.449 10.000 80620.000
-2.092 -7.378 9.234 10.000 80630.000
-2.212 -7.620 9.169 10.000 80640.000
-2.724 -7.867 9.361 10.000 80650.000
-3.325 -8.238 9.504 10.000 80660.000
-3.821 -8.858 9.670 10.000 80670.000
-3.974 -9.404 9.684 10.000 80680.000
-4.168 -9.995 9.883 10.000 80690.000
-4.103 -10.290 10.089 10.000 80700.000
-4.007 -10.328 10.000 10.000 80710.000
-3.411 -10.335 9.660 13.000 80723.000
-2.774 -10.297 9.136 7.000 80730.000
-1.793 -10.256 8.638 10.000 80740.000
-0.948 -10.223 8.413 10.000 80750.000
-0.445 -10.196 8.420 14.000 80764.000
-0.090 -10.211 8.571 6.000 80770.000
-0.081 -10.228 8.695 10.000 80780.000
-0.464 -10.158 8.820 10.000 80790.000
-1.429 -10.223 8.865 10.000 80800.000
-2.245 -10.247 8.767 10.000 80810.000
-3.517 -10.749 8.453 10.000 80820.000
-4.395 -11.338 8.140 10.000 80830.000
-4.915 -12.050 7.809 10.000 80840.000
-5.384 -12.617 7.659 10.000 80850.000
-5.398 -12.706 7.723 10.000 80860.000
-5.085 -12.267 7.764 10.000 80870.000
-4.707 -11.597 7.920 10.000 80880.000
-4.070 -10.450 7.673 10.000 80890.000
-3.282 -9.210 7.311 10.000 80900.000
-2.822 -8.497 6.974 10.000 80910.000
-2.578 -8.389 6.579 10.000 80920.000
-2.894 -8.980 6.370 10.000 80930.000
-3.361 -9.665 6.277 10.000 80940.000
-3.792 -10.156 6.272 10.000 80950.000
-4.007 -10.041 6.325 10.000 80960.000
-3.545 -9.572 6.301 10.000 80970.000
-3.011 -9.057 6.181 10.000 80980.000
-2.513 -8.736 5.973 10.000 80990.000
-2.063 -8.633 5.647 10.000 81000.000
-2.039 -8.805 5.434 10.000 81010.000
-2.229 -9.083 5.300 10.000 81020.000
-2.463 -9.052 5.003 10.000 81030.000
-2.650 -8.803 4.824 11.000 81041.000
-2.882 -8.300 4.733 9.000 81050.000
-3.016 -7.570 4.975 10.000 81060.000
-3.105 -7.149 5.379 10.000 81070.000
-3.253 -6.895 5.944 10.000 81080.000
-3.356 -6.895 6.421 10.000 81090.000
-3.404 -7.022 6.452 10.000 81100.000
-3.552 -7.012 6.375 10.000 81110.000
-3.641 -6.835 6.138 10.000 81120.000
-3.938 -6.574 6.179 10.000 81130.000
-4.378 -6.220 6.560 11.000 81141.000
-4.718 -6.002 7.048 9.000 81150.000
-5.094 -5.506 7.582 10.000 81160.000
-5.262 -5.094 7.838 10.000 81170.000
-5.339 -4.738 8.216 10.000 81180.000
-5.463 -4.388 8.793 10.000 81190.000
-5.552 -4.316 9.325 10.000 81200.000
-5.561 -4.050 9.900 10.000 81210.000
-5.530 -3.864 10.141 10.000 81220.000
-5.154 -3.696 10.247 10.000 81230.000
-4.539 -3.584 10.330 10.000 81240.000
-4.003 -3.665 10.371 10.000 81250.000
-3.411 -3.758 10.474 10.000 81260.000
-3.117 -3.825 10.515 10.000 81270.000
-2.904 -3.873 10.522 10.000 81280.000
-2.415 -3.890 10.584 10.000 81290.000
-1.982 -3.895 10.584 10.000 81300.000
-1.752 -4.003 10.843 10.000 81310.000
-1.551 -4.146 11.018 10.000 81320.000
-1.625 -4.321 11.137 10.000 81330.000
-1.431 -4.187 11.142 10.000 81340.000
-1.034 -3.950 10.888 10.000 81350.000
-0.596 -3.543 10.596 10.000 81360.000
-0.090 -2.975 9.995 10.000 81370.000
0.146 -2.717 9.509 10.000 81380.000
0.502 -2.197 8.784 10.000 81390.000
0.689 -1.776 8.236 10.000 81400.000
0.617 -1.484 8.013 10.000 81410.000
0.744 -0.833 7.635 10.000 81420.000
0.751 -0.442 7.496 10.000 81430.000
0.883 0.189 7.328 10.000 81440.000
1.206 0.790 7.144 10.000 81450.000
1.098 1.125 7.151 10.000 81460.000
0.758 1.999 7.060 10.000 81470.000
0.294 2.631 6.998 10.000 81480.000
-0.509 3.275 7.275 10.000 81490.000
-0.684 3.809 7.252 10.000 81500.000
-0.627 3.804 7.326 14.000 81514.000
-0.440 3.864 6.842 6.000 81520.000
0.086 3.912 6.019 10.000 81530.000
0.088 4.295 4.999 10.000 81540.000
-0.014 4.786 3.897 10.000 81550.000
-0.246 5.212 3.354 10.000 81560.000
-0.462 5.956 2.896 10.000 81570.000
-0.550 6.382 2.901 10.000 81580.000
-0.924 6.782 2.983 10.000 81590.000
-1.611 7.161 3.043 10.000 81600.000
-2.315 7.220 3.016 10.000 81610.000
-3.102 7.218 3.031 14.000 81624.000
-3.450 6.969 2.966 6.000 81630.000
-3.483 6.742 2.923 10.000 81640.000
-3.505 6.220 2.513 10.000 81650.000
-3.442 5.760 2.063 10.000 81660.000
-3.560 5.233 1.781 10.000 81670.000
-3.701 4.505 1.685 10.000 81680.000
-3.854 4.072 1.956 10.000 81690.000
-3.912 3.519 2.528 10.000 81700.000
-3.840 3.198 3.016 10.000 81710.000
-3.301 3.007 3.629 10.000 81720.000
-2.432 2.841 4.522 10.000 81730.000
-1.659 2.796 5.114 10.000 81740.000
-1.213 2.475 5.820 10.000 81750.000
-0.849 2.133 6.663 10.000 81760.000
-0.816 1.764 7.225 10.000 81770.000
-0.670 1.525 8.348 10.000 81780.000
-0.196 1.561 9.356 10.000 81790.000
-0.538 1.738 9.923 10.000 81800.000
-1.070 1.680 10.558 10.000 81810.000
-1.714 1.493 10.632 10.000 81820.000
-2.272 1.575 10.898 10.000 81830.000
-2.375 1.608 11.156 9.000 81839.000
-2.181 2.284 10.785 11.000 81850.000
-2.157 2.944 10.249 10.000 81860.000
-2.219 3.337 9.521 10.000 81870.000
-2.020 3.521 8.626 10.000 81880.000
-1.958 2.839 8.379 10.000 81890.000
-1.726 2.171 8.298 10.000 81900.000
-2.181 1.331 8.216 9.000 81909.000
-2.896 0.699 8.303 11.000 81920.000
-3.564 0.660 8.391 10.000 81930.000
-3.847 0.730 8.408 10.000 81940.000
-3.442 0.972 8.425 9.000 81949.000
-3.145 1.055 8.334 12.000 81961.000
-2.868 1.005 8.154 8.000 81969.000
-3.057 0.725 8.133 11.000 81980.000
-3.469 -0.225 8.226 9.000 81989.000
-3.773 -1.017 8.427 10.000 81999.000
-4.060 -1.537 8.667 10.000 82009.000
-3.962 -1.996 9.059 10.000 82019.000
-3.641 -1.786 9.337 11.000 82030.000
-3.213 -1.486 9.574 9.000 82039.000
-2.801 -1.460 9.773 10.000 82049.000
-2.681 -1.244 9.976 11.000 82060.000
-2.398 -0.943 10.295 10.000 82070.000
-2.224 -0.730 10.654 10.000 82080.000
-2.149 -0.675 10.881 9.000 82089.000
-2.087 -0.746 10.864 11.000 82100.000
-2.252 -1.211 10.714 10.000 82110.000
-2.351 -1.989 10.687 10.000 82120.000
-2.348 -2.609 10.793 10.000 82130.000
-2.236 -2.930 10.896 10.000 82140.000
-1.980 -2.911 11.068 10.000 82150.000
-1.790 -2.578 11.116 10.000 82160.000
-1.678 -2.391 11.214 10.000 82170.000
-1.675 -2.504 11.314 10.000 82180.000
-2.190 -2.722 11.506 10.000 82190.000
-2.712 -2.726 11.757 10.000 82200.000
-3.157 -2.585 11.959 10.000 82210.000
-3.869 -2.197 12.294 10.000 82220.000
-4.141 -1.738 12.488 10.000 82230.000
-4.328 -1.946 12.454 10.000 82240.000
-3.780 -2.281 12.179 10.000 82250.000
-2.966 -2.863 11.769 10.000 82260.000
-1.807 -3.315 11.168 10.000 82270.000
-0.727 -3.313 10.735 10.000 82280.000
-0.201 -2.796 10.503 10.000 82290.000
0.198 -2.260 10.426 10.000 82300.000
0.253 -1.853 10.541 10.000 82310.000
0.040 -1.790 10.706 10.000 82320.000
-0.509 -2.430 10.965 10.000 82330.000
-0.933 -3.088 11.068 10.000 82340.000
-1.613 -3.766 11.255 10.000 82350.000
-2.025 -4.098 11.391 10.000 82360.000
-2.324 -4.053 11.492 10.000 82370.000
-2.497 -4.096 11.640 10.000 82380.000
-2.413 -4.120 11.705 10.000 82390.000
-2.274 -4.331 11.666 10.000 82400.000
-2.092 -4.606 11.611 10.000 82410.000
-2.260 -4.683 11.262 10.000 82420.000
-3.009 -4.417 10.769 10.000 82430.000
-3.813 -3.964 10.378 10.000 82440.000
-5.298 -3.301 10.144 10.000 82450.000
-7.048 -2.726 10.326 10.000 82460.000
-8.216 -2.494 10.651 10.000 82470.000
-9.284 -2.190 11.092 10.000 82480.000
-9.672 -2.097 11.377 10.000 82490.000
-9.504 -1.795 11.271 10.000 82500.000
-9.299 -1.429 10.989 10.000 82510.000
-9.193 -1.134 10.591 10.000 82520.000
-8.930 -0.835 9.974 10.000 82530.000
-8.734 -0.766 9.576 10.000 82540.000
-8.374 -0.608 9.117 10.000 82550.000
-8.116 -0.313 8.259 10.000 82560.000
-8.015 -0.023 7.623 10.000 82570.000
-7.960 0.213 6.933 10.000 82580.000
-8.245 -0.083 6.466 10.000 82590.000
-8.429 -0.517 6.397 10.000 82600.000
-8.645 -0.694 5.956 10.000 82610.000
-8.669 -0.699 5.444 14.000 82624.000
-8.554 -0.323 4.948 6.000 82630.000
-8.312 0.124 4.276 10.000 82640.000
-8.039 0.316 3.974 10.000 82650.000
-7.757 0.325 3.646 10.000 82660.000
-7.474 0.335 3.318 10.000 82670.000
-7.359 0.667 3.105 10.000 82680.000
-7.240 1.218 3.031 10.000 82690.000
-7.275 1.831 3.107 10.000 82700.000
-7.347 2.652 3.222 10.000 82710.000
-7.438 2.894 3.550 10.000 82720.000
-7.534 2.918 3.739 10.000 82730.000
-7.706 2.932 3.751 10.000 82740.000
-7.843 2.738 3.725 10.000 82750.000
-7.551 2.784 3.157 10.000 82760.000
-7.388 2.762 2.614 10.000 82770.000
-7.149 2.750 2.248 10.000 82780.000
-7.173 2.552 1.922 10.000 82790.000
-7.565 2.298 1.987 10.000 82800.000
-8.202 2.200 1.716 10.000 82810.000
-9.265 1.970 1.939 12.000 82822.000
-10.065 1.927 2.121 8.000 82830.000
-10.608 2.030 2.015 10.000 82840.000
-10.778 2.044 2.221 10.000 82850.000
-11.087 2.114 2.173 13.000 82863.000
-11.147 1.991 1.829 7.000 82870.000
-11.463 1.723 1.771 10.000 82880.000
-12.301 1.185 1.505 11.000 82891.000
-12.983 0.265 1.345 13.000 82904.000
-13.915 -0.462 1.482 6.000 82910.000
-14.413 -1.359 1.544 10.000 82920.000
-14.389 -1.987 1.814 10.000 82930.000
-13.649 -2.173 1.644 14.000 82944.000
-13.352 -2.264 1.958 6.000 82950.000
-13.488 -2.185 2.346 10.000 82960.000
-13.632 -2.044 2.784 10.000 82970.000
-14.082 -1.886 3.318 10.000 82980.000
-14.058 -1.745 3.172 10.000 82990.000
-14.041 -1.477 3.227 10.000 83000.000
-14.018 -1.271 3.232 10.000 83010.000
-13.974 -0.888 3.433 10.000 83020.000
-14.113 -0.584 4.050 10.000 83030.000
-14.245 -0.407 4.467 10.000 83040.000
-14.290 -0.205 5.020 10.000 83050.000
-14.355 -0.181 5.377 10.000 83060.000
-13.982 -0.126 5.453 10.000 83070.000
-13.065 0.088 5.336 10.000 83080.000
-12.234 0.280 5.082 10.000 83090.000
-10.948 0.574 4.778 10.000 83100.000
-9.950 0.837 4.534 10.000 83110.000
-9.442 0.902 4.764 10.000 83120.000
-8.918 1.192 5.212 10.000 83130.000
-8.848 1.379 5.710 10.000 83140.000
-8.576 1.824 6.004 10.000 83150.000
-8.245 2.343 5.956 10.000 83160.000
-7.931 2.638 5.691 10.000 83170.000
-7.680 2.865 5.401 10.000 83180.000
-7.632 2.834 5.315 10.000 83190.000
-7.611 2.942 5.152 10.000 83200.000
-7.378 3.105 4.721 10.000 83210.000
-7.084 3.335 4.314 10.000 83220.000
-6.375 3.845 3.871 10.000 83230.000
-5.750 4.180 3.567 10.000 83240.000
-5.183 4.534 3.416 9.000 83249.000
-4.417 4.829 3.387 10.000 83259.000
-4.065 4.843 3.394 11.000 83270.000
-3.694 4.685 3.550 9.000 83279.000
-3.615 4.364 3.785 10.000 83289.000
-3.734 4.103 3.897 12.000 83301.000
-3.691 4.398 3.931 12.000 83313.000
-3.852 4.958 4.201 17.000 83330.000
-4.450 5.801 4.927 9.000 83339.000
-5.049 6.643 5.652 11.000 83350.000
-5.925 6.928 6.275 9.000 83359.000
-6.617 7.120 6.512 10.000 83369.000
-6.363 7.177 5.932 11.000 83380.000
-6.177 7.060 5.410 9.000 83389.000
-5.875 6.945 5.070 11.000 83400.000
-5.351 6.773 5.063 10.000 83410.000
-4.781 6.330 5.315 9.000 83419.000
-4.144 6.062 5.509 10.000 83429.000
-3.337 5.588 5.609 11.000 83440.000
-2.753 5.171 5.377 9.000 83449.000
-1.996 5.039 5.477 11.000 83460.000
-0.931 5.006 5.734 10.000 83470.000
-0.035 5.178 6.083 10.000 83480.000
0.876 5.327 6.586 10.000 83490.000
1.201 5.401 6.895 10.000 83500.000
1.553 5.351 6.904 10.000 83510.000
2.351 5.209 6.871 10.000 83520.000
3.131 5.092 6.684 10.000 83530.000
4.106 4.886 6.488 10.000 83540.000
4.908 4.759 6.459 20.000 83560.000
5.549 4.747 6.394 10.000 83570.000
6.191 4.735 6.330 10.000 83580.000
6.730 4.824 6.177 10.000 83590.000
7.096 4.821 5.834 10.000 83600.000
7.177 4.795 5.571 10.000 83610.000
7.141 4.608 5.248 10.000 83620.000
7.015 4.410 5.023 10.000 83630.000
6.859 4.235 4.948 10.000 83640.000
6.596 4.177 4.884 10.000 83650.000
6.449 4.280 4.879 10.000 83660.000
6.107 4.441 4.965 10.000 83670.000
5.789 4.687 5.094 10.000 83680.000
5.578 4.817 5.214 10.000 83690.000
5.434 5.037 5.233 10.000 83700.000
5.487 5.200 5.161 10.000 83710.000
5.513 5.370 4.774 10.000 83720.000
5.425 5.566 4.225 10.000 83730.000
5.269 5.671 3.778 10.000 83740.000
4.967 5.674 3.100 10.000 83750.000
4.707 5.597 2.710 10.000 83760.000
4.414 5.262 2.753 10.000 83770.000
4.462 4.288 3.801 10.000 83780.000
4.656 3.416 5.080 10.000 83790.000
5.465 1.824 6.919 10.000 83800.000
6.421 0.464 8.485 10.000 83810.000
7.414 0.375 7.663 10.000 83820.000
8.611 1.951 6.016 10.000 83830.000
9.193 4.247 3.809 10.000 83840.000
9.294 7.584 1.977 10.000 83850.000
8.058 9.986 2.300 10.000 83860.000
6.619 10.723 3.450 10.000 83870.000
4.613 10.524 4.821 10.000 83880.000
3.088 9.284 5.817 10.000 83890.000
2.683 8.003 5.765 10.000 83900.000
2.710 7.055 5.530 10.000 83910.000
3.303 7.043 5.073 10.000 83920.000
4.000 7.271 4.412 10.000 83930.000
4.534 7.843 4.027 10.000 83940.000
4.570 7.898 3.653 10.000 83950.000
4.654 7.879 3.497 10.000 83960.000
4.635 7.620 3.545 10.000 83970.000
4.565 7.429 3.727 10.000 83980.000
4.469 7.417 3.988 10.000 83990.000
4.326 7.479 4.031 10.000 84000.000
4.173 7.510 3.998 10.000 84010.000
4.070 7.474 3.830 10.000 84020.000
4.096 7.486 3.754 10.000 84030.000
4.098 7.522 3.763 10.000 84040.000
4.110 7.589 3.849 10.000 84050.000
4.134 7.625 3.957 10.000 84060.000
4.122 7.618 4.065 10.000 84070.000
4.201 7.532 3.993 10.000 84080.000
4.230 7.457 3.900 10.000 84090.000
4.247 7.414 3.785 10.000 84100.000
4.199 7.443 3.766 10.000 84110.000
4.082 7.620 3.871 10.000 84120.000
4.015 7.785 3.998 10.000 84130.000
4.000 7.884 4.129 10.000 84140.000
4.050 7.910 4.165 10.000 84150.000
4.079 7.740 4.067 10.000 84160.000
4.074 7.596 3.960 10.000 84170.000
4.017 7.520 3.847 10.000 84180.000
3.986 7.546 3.734 10.000 84190.000
3.979 7.675 3.725 10.000 84200.000
3.979 7.747 3.821 10.000 84210.000
3.955 7.757 3.938 10.000 84220.000
3.904 7.663 4.055 10.000 84230.000
3.869 7.599 4.074 10.000 84240.000
3.837 7.613 3.957 10.000 84250.000
3.830 7.690 3.818 10.000 84260.000
3.837 7.711 3.641 10.000 84270.000
3.830 7.704 3.562 10.000 84280.000
3.890 7.606 3.569 10.000 84290.000
3.971 7.575 3.521 10.000 84300.000
4.039 7.599 3.512 10.000 84310.000
4.062 7.661 3.517 10.000 84320.000
4.041 7.766 3.476 10.000 84330.000
3.967 7.797 3.569 10.000 84340.000
3.921 7.778 3.725 10.000 84350.000
3.919 7.721 3.866 10.000 84360.000
3.873 7.682 3.998 10.000 84370.000
3.785 7.721 4.041 10.000 84380.000
3.667 7.809 4.022 10.000 84390.000
3.715 7.915 3.907 10.000 84400.000
3.806 8.001 3.801 10.000 84410.000
3.912 7.864 3.742 10.000 84420.000
4.022 7.764 3.696 10.000 84430.000
3.967 7.647 3.746 10.000 84440.000
3.967 7.606 3.778 10.000 84450.000
4.027 7.718 3.773 10.000 84460.000
4.031 7.785 3.782 10.000 84470.000
4.067 7.826 3.763 10.000 84480.000
4.048 7.790 3.763 10.000 84490.000
4.000 7.759 3.737 10.000 84500.000
4.003 7.738 3.682 10.000 84510.000
4.015 7.752 3.689 10.000 84520.000
3.952 7.735 3.730 10.000 84530.000
3.919 7.714 3.797 10.000 84540.000
3.878 7.730 3.892 10.000 84550.000
3.773 7.778 3.938 10.000 84560.000
3.742 7.857 3.950 10.000 84570.000
3.665 7.881 3.892 10.000 84580.000
3.596 7.867 3.806 10.000 84590.000
3.603 7.793 3.699 10.000 84600.000
3.648 7.745 3.663 10.000 84610.000
3.739 7.752 3.696 10.000 84620.000
3.869 7.773 3.854 10.000 84630.000
3.945 7.814 4.050 10.000 84640.000
3.995 7.833 4.129 10.000 84650.000
4.019 7.829 4.103 10.000 84660.000
4.005 7.809 3.952 10.000 84670.000
3.924 7.764 3.818 10.000 84680.000
3.780 7.764 3.773 11.000 84691.000
3.663 7.788 3.833 9.000 84700.000
3.562 7.852 3.955 10.000 84710.000
3.529 7.943 4.060 10.000 84720.000
3.581 8.030 4.027 10.000 84730.000
3.711 7.917 3.900 10.000 84740.000
3.823 7.764 3.711 10.000 84750.000
3.873 7.477 3.502 10.000 84760.000
3.888 7.144 3.390 10.000 84770.000
3.653 7.280 3.608 10.000 84780.000
3.330 7.558 3.900 11.000 84791.000
3.069 7.970 4.211 8.000 84799.000
2.964 8.264 4.455 11.000 84810.000
3.229 8.238 4.434 10.000 84820.000
3.584 8.070 4.338 10.000 84830.000
3.960 7.864 4.175 9.000 84839.000
4.180 7.776 4.079 11.000 84850.000
4.175 7.682 3.909 10.000 84860.000
4.110 7.589 3.636 10.000 84870.000
4.024 7.534 3.430 9.000 84879.000
3.866 7.558 3.347 11.000 84890.000
3.734 7.637 3.366 9.000 84899.000
3.529 7.730 3.643 10.000 84909.000
3.244 7.864 3.866 11.000 84920.000
3.031 7.920 3.967 10.000 84930.000
2.894 7.939 4.036 9.000 84939.000
2.892 7.943 3.950 10.000 84949.000
3.062 7.845 3.988 10.000 84959.000
3.232 7.841 4.077 10.000 84969.000
3.325 7.872 4.197 10.000 84979.000
3.416 7.931 4.283 10.000 84989.000
3.423 7.924 4.218 11.000 85000.000
3.430 7.824 4.103 10.000 85010.000
3.466 7.738 4.010 10.000 85020.000
3.505 7.623 3.950 10.000 85030.000
3.521 7.692 4.029 10.000 85040.000
3.502 7.738 4.146 10.000 85050.000
3.454 7.769 4.242 10.000 85060.000
3.371 7.831 4.357 10.000 85070.000
3.299 7.838 4.414 10.000 85080.000
3.277 7.915 4.517 10.000 85090.000
3.260 7.951 4.560 11.000 85101.000
3.280 7.955 4.584 9.000 85110.000
3.296 7.888 4.486 10.000 85120.000
3.268 7.776 4.357 10.000 85130.000
3.234 7.704 4.288 10.000 85140.000
3.169 7.704 4.304 10.000 85150.000
3.107 7.776 4.443 10.000 85160.000
3.083 7.869 4.568 10.000 85170.000
3.095 7.908 4.580 10.000 85180.000
3.138 7.874 4.505 10.000 85190.000
3.189 7.785 4.357 10.000 85200.000
3.232 7.675 4.170 10.000 85210.000
3.208 7.637 4.185 10.000 85220.000
3.201 7.651 4.321 10.000 85230.000
3.186 7.721 4.532 10.000 85240.000
3.174 7.829 4.687 10.000 85250.000
3.179 7.857 4.718 10.000 85260.000
3.167 7.833 4.627 10.000 85270.000
3.141 7.771 4.525 10.000 85280.000
3.112 7.671 4.477 10.000 85290.000
3.095 7.620 4.434 10.000 85300.000
3.090 7.601 4.400 10.000 85310.000
3.100 7.620 4.378 10.000 85320.000
3.110 7.632 4.386 10.000 85330.000
3.122 7.656 4.424 10.000 85340.000
3.105 7.644 4.496 10.000 85350.000
3.098 7.642 4.611 10.000 85360.000
3.090 7.647 4.697 10.000 85370.000
3.078 7.654 4.716 10.000 85380.000
3.074 7.630 4.687 10.000 85390.000
3.059 7.596 4.616 10.000 85400.000
3.050 7.563 4.544 10.000 85410.000
3.045 7.527 4.539 10.000 85420.000
3.086 7.532 4.513 10.000 85430.000
3.148 7.508 4.572 10.000 85440.000
3.205 7.484 4.632 10.000 85450.000
3.234 7.524 4.718 10.000 85460.000
3.227 7.560 4.831 10.000 85470.000
3.169 7.642 4.893 10.000 85480.000
3.122 7.668 4.917 10.000 85490.000
3.102 7.630 4.915 10.000 85500.000
3.107 7.575 4.809 10.000 85510.000
3.136 7.489 4.707 10.000 85520.000
3.155 7.457 4.642 10.000 85530.000
3.165 7.441 4.678 10.000 85540.000
3.150 7.441 4.817 10.000 85550.000
3.119 7.517 4.939 10.000 85560.000
3.088 7.548 5.006 10.000 85570.000
3.066 7.565 4.972 10.000 85580.000
3.047 7.529 4.874 10.000 85590.000
3.050 7.431 4.754 10.000 85600.000
3.045 7.412 4.726 10.000 85610.000
3.043 7.390 4.704 10.000 85620.000
3.038 7.422 4.747 10.000 85630.000
3.038 7.453 4.802 10.000 85640.000
3.033 7.455 4.879 10.000 85650.000
3.026 7.460 4.948 11.000 85661.000
2.947 7.505 5.032 9.000 85670.000
2.863 7.551 5.104 10.000 85680.000
2.758 7.699 4.833 10.000 85690.000
2.703 7.773 4.616 10.000 85700.000
2.719 7.807 4.383 10.000 85710.000
2.863 7.541 4.441 10.000 85720.000
3.040 7.168 4.783 10.000 85730.000
3.172 6.890 5.178 10.000 85740.000
3.248 6.849 5.489 10.000 85750.000
3.198 7.108 5.511 10.000 85760.000
3.076 7.402 5.432 11.000 85771.000
2.949 7.675 5.248 9.000 85780.000
2.877 7.611 5.130 10.000 85790.000
2.875 7.570 4.944 10.000 85800.000
2.944 7.493 4.857 11.000 85811.000
3.040 7.469 4.795 9.000 85820.000
3.069 7.457 4.778 10.000 85830.000
3.028 7.422 4.831 10.000 85840.000
2.932 7.386 4.886 11.000 85851.000
2.810 7.297 4.917 9.000 85860.000
2.803 7.340 4.946 10.000 85870.000
2.820 7.393 4.955 10.000 85880.000
2.892 7.445 4.963 10.000 85890.000
2.901 7.503 5.035 10.000 85900.000
2.863 7.517 5.080 10.000 85910.000
2.762 7.524 5.173 10.000 85920.000
2.667 7.513 5.145 10.000 85930.000
2.633 7.496 5.051 10.000 85940.000
2.600 7.441 4.917 10.000 85950.000
2.626 7.381 4.833 10.000 85960.000
2.647 7.340 4.872 10.000 85970.000
2.710 7.362 4.984 10.000 85980.000
2.772 7.422 5.137 10.000 85990.000
2.839 7.524 5.202 10.000 86000.000
2.925 7.534 5.209 10.000 86010.000
2.971 7.481 5.142 9.000 86019.000
2.999 7.422 5.090 11.000 86030.000
3.002 7.321 5.046 10.000 86040.000
2.911 7.393 5.137 20.000 86060.000
2.820 7.465 5.228 10.000 86070.000
2.765 7.520 5.353 10.000 86080.000
2.738 7.594 5.420 10.000 86090.000
