# Accelerometer Data File
# 
#
#
# sensor Vendor: Bosch
# sensor Name: BMA254
# sensor Resolution: 0.009576807m/sec^2; Max Range: 39.2; Min Delay: 10000 microseconds
# The sensor's attributes are the result hardware and the Android capabilities.
# It means that the Android may not utilize all features provided by the hardware.
#
# Some devices and Android versions save battery too much so the device may go to sleep.
# It just happens after couple of minutes from turning off the scree and it is easy to find it out.
#
# The following file provides the data from accelerometer in the m/s^2 format.
# The diff value is just a time delta between the samples
#
#
# data format:
# so we have 4 columns with values separated by the " "
# X Y Z time_from_previous_sample(ms)

# sensor speed set to:FASTEST
# units set to: m/sec^2
# gravity NOT filtered out
# Accuracy: HIGH
2.123 4.608 4.601 10.000 84500.000
2.398 4.082 3.383 10.000 84510.000
2.659 3.502 2.305 10.000 84520.000
1.577 2.109 2.470 10.000 84530.000
0.905 -0.677 3.902 10.000 84540.000
0.002 -2.743 6.342 10.000 84550.000
0.509 -3.861 9.603 10.000 84560.000
2.360 -4.165 11.621 10.000 84570.000
3.509 -2.286 10.204 10.000 84580.000
3.531 -0.270 9.088 10.000 84590.000
2.142 0.797 7.151 10.000 84600.000
0.469 2.767 6.933 10.000 84610.000
-0.943 3.806 8.954 10.000 84620.000
-0.814 6.234 12.267 10.000 84630.000
-0.359 9.521 13.517 10.000 84640.000
0.380 11.906 13.048 10.000 84650.000
0.641 13.144 11.542 10.000 84660.000
0.237 12.208 9.308 10.000 84670.000
-0.493 10.412 9.138 10.000 84680.000
-1.012 8.698 8.884 10.000 84690.000
-1.053 8.130 9.667 10.000 84700.000
-0.474 8.365 9.682 10.000 84710.000
0.514 9.018 9.167 10.000 84720.000
1.292 9.591 8.736 10.000 84730.000
2.382 10.304 7.187 10.000 84740.000
3.102 10.864 5.540 10.000 84750.000
3.339 10.359 3.928 10.000 84760.000
3.339 8.949 2.906 10.000 84770.000
3.028 7.398 3.002 10.000 84780.000
2.494 5.353 3.181 10.000 84790.000
2.035 3.955 3.854 10.000 84800.000
2.387 3.323 3.986 10.000 84810.000
2.715 2.008 4.484 10.000 84820.000
3.265 1.187 4.898 10.000 84830.000
3.823 1.211 4.197 10.000 84840.000
3.457 2.238 4.197 10.000 84850.000
3.114 3.948 3.830 10.000 84860.000
2.152 5.631 5.650 10.000 84870.000
1.182 6.469 8.585 10.000 84880.000
1.364 6.816 9.629 10.000 84890.000
1.956 7.323 9.129 10.000 84900.000
3.167 7.857 6.442 10.000 84910.000
4.273 7.852 4.534 10.000 84920.000
4.577 7.474 3.768 10.000 84930.000
4.307 6.821 4.802 10.000 84940.000
3.916 6.315 5.482 10.000 84950.000
3.632 6.349 5.384 10.000 84960.000
3.371 6.461 5.248 10.000 84970.000
3.268 6.725 5.035 10.000 84980.000
3.284 6.840 5.176 10.000 84990.000
3.320 6.952 5.044 10.000 85000.000
3.332 6.986 4.951 10.000 85010.000
3.567 6.811 4.886 10.000 85020.000
3.849 6.569 4.891 10.000 85030.000
4.113 6.330 5.169 10.000 85040.000
4.390 6.059 5.336 10.000 85050.000
4.453 5.961 5.295 10.000 85060.000
4.493 6.026 5.363 10.000 85070.000
4.498 6.119 5.446 10.000 85080.000
4.489 6.244 5.640 10.000 85090.000
4.544 6.327 5.822 10.000 85100.000
4.661 6.351 5.784 10.000 85110.000
4.814 6.347 5.729 10.000 85120.000
4.975 6.282 5.650 10.000 85130.000
5.070 6.258 5.583 10.000 85140.000
5.008 6.296 5.379 10.000 85150.000
4.965 5.966 5.686 10.000 85160.000
4.915 5.695 6.016 10.000 85170.000
4.472 5.714 5.724 10.000 85180.000
4.098 5.635 5.612 10.000 85190.000
3.924 6.404 5.681 10.000 85200.000
3.586 6.572 5.317 10.000 85210.000
3.641 6.449 5.576 10.000 85220.000
3.708 6.404 5.566 10.000 85230.000
4.438 6.380 4.594 10.000 85240.000
5.331 6.957 4.055 10.000 85250.000
5.851 6.962 3.610 10.000 85260.000
6.358 6.890 3.433 10.000 85270.000
5.875 6.323 3.821 10.000 85280.000
5.406 5.822 4.302 10.000 85290.000
5.310 5.894 4.690 10.000 85300.000
5.169 6.026 4.915 10.000 85310.000
5.137 6.153 4.845 10.000 85320.000
5.116 6.241 4.596 10.000 85330.000
5.171 6.325 4.484 10.000 85340.000
5.272 6.349 4.534 10.000 85350.000
5.329 6.366 4.627 10.000 85360.000
5.367 6.301 4.795 10.000 85370.000
5.329 6.241 4.826 10.000 85380.000
5.334 6.172 4.826 10.000 85390.000
5.382 6.110 4.783 10.000 85400.000
5.439 6.222 4.673 10.000 85410.000
5.444 6.323 4.642 10.000 85420.000
5.406 6.433 4.642 10.000 85430.000
5.341 6.476 4.730 10.000 85440.000
5.262 6.397 4.898 10.000 85450.000
5.226 6.399 4.898 10.000 85460.000
5.128 6.411 4.996 10.000 85470.000
5.056 6.490 5.006 10.000 85480.000
5.039 6.502 5.080 10.000 85490.000
5.104 6.428 5.078 10.000 85500.000
5.231 6.344 4.977 10.000 85510.000
5.348 6.265 4.912 10.000 85520.000
5.410 6.253 4.783 10.000 85530.000
5.384 6.277 4.850 10.000 85540.000
5.216 6.325 5.025 10.000 85550.000
5.058 6.368 5.164 10.000 85560.000
5.008 6.464 5.276 10.000 85570.000
4.975 6.540 5.358 10.000 85580.000
5.212 6.490 5.276 10.000 85590.000
5.521 6.438 5.082 10.000 85600.000
5.722 6.332 4.915 10.000 85610.000
5.734 6.184 4.884 10.000 85620.000
5.516 6.105 4.833 10.000 85630.000
5.226 6.028 4.896 10.000 85640.000
5.032 5.995 4.960 10.000 85650.000
5.027 6.004 4.888 10.000 85660.000
5.190 6.088 4.867 10.000 85670.000
5.276 6.062 4.692 10.000 85680.000
5.267 5.992 4.515 10.000 85690.000
5.212 6.002 4.510 10.000 85700.000
5.090 5.971 4.529 10.000 85710.000
4.920 6.232 4.865 10.000 85720.000
4.802 6.397 5.228 10.000 85730.000
4.730 6.483 5.420 10.000 85740.000
4.654 6.473 5.449 10.000 85750.000
4.750 6.253 5.250 10.000 85760.000
4.793 6.129 5.023 10.000 85770.000
4.891 5.995 4.862 11.000 85781.000
4.994 5.956 4.865 9.000 85790.000
5.078 5.813 4.848 10.000 85800.000
4.879 5.667 4.951 9.000 85809.000
4.625 5.530 4.987 10.000 85819.000
4.570 5.521 5.197 10.000 85829.000
4.486 5.645 5.492 10.000 85839.000
4.730 5.834 5.518 11.000 85850.000
5.049 6.100 5.470 9.000 85859.000
5.169 6.239 5.248 10.000 85869.000
5.209 6.330 4.912 10.000 85879.000
5.204 6.358 4.726 10.000 85889.000
5.173 6.193 4.525 10.000 85899.000
5.133 6.100 4.319 10.000 85909.000
5.171 6.054 4.225 10.000 85919.000
5.300 5.839 4.206 10.000 85929.000
5.305 5.834 4.410 10.000 85939.000
5.319 5.758 4.618 11.000 85950.000
5.226 5.712 5.061 9.000 85959.000
5.042 5.837 5.430 10.000 85969.000
4.850 5.937 5.473 10.000 85979.000
4.714 6.174 5.741 11.000 85990.000
4.685 6.380 5.774 10.000 86000.000
4.718 6.356 5.779 10.000 86010.000
4.836 6.263 5.975 10.000 86020.000
4.879 6.121 5.877 10.000 86030.000
4.838 6.016 5.791 10.000 86040.000
4.735 6.141 5.734 10.000 86050.000
4.659 6.200 5.671 10.000 86060.000
4.620 6.244 5.640 10.000 86070.000
4.666 6.251 5.597 10.000 86080.000
4.618 6.323 5.600 10.000 86090.000
4.544 6.459 5.607 10.000 86100.000
4.410 6.524 5.643 10.000 86110.000
4.338 6.572 5.619 10.000 86120.000
4.359 6.555 5.549 10.000 86130.000
4.431 6.483 5.403 9.000 86139.000
4.544 6.411 5.267 10.000 86149.000
4.642 6.363 5.159 10.000 86159.000
4.747 6.356 5.085 10.000 86169.000
4.802 6.404 5.087 10.000 86179.000
4.824 6.409 5.145 10.000 86189.000
4.759 6.409 5.255 11.000 86200.000
4.687 6.368 5.331 9.000 86209.000
4.666 6.275 5.396 10.000 86219.000
4.678 6.224 5.406 10.000 86229.000
4.764 6.157 5.221 10.000 86239.000
4.855 6.100 5.094 10.000 86249.000
4.896 6.095 4.979 10.000 86259.000
4.917 6.069 4.953 10.000 86269.000
4.903 6.057 5.099 11.000 86280.000
4.879 6.062 5.200 9.000 86289.000
4.860 6.088 5.267 10.000 86299.000
4.860 6.136 5.245 10.000 86309.000
4.833 6.169 5.209 10.000 86319.000
4.841 6.184 5.147 10.000 86329.000
4.843 6.177 5.118 10.000 86339.000
4.848 6.169 5.035 10.000 86349.000
4.879 6.177 4.965 10.000 86359.000
4.881 6.148 4.955 10.000 86369.000
4.898 6.162 4.989 10.000 86379.000
4.912 6.177 5.078 11.000 86390.000
4.941 6.184 5.078 9.000 86399.000
4.970 6.220 5.032 10.000 86409.000
4.987 6.205 4.953 10.000 86419.000
4.989 6.191 4.927 10.000 86429.000
4.977 6.184 4.989 11.000 86440.000
4.970 6.193 5.085 9.000 86449.000
4.948 6.203 5.147 10.000 86459.000
4.941 6.212 5.157 10.000 86469.000
4.936 6.208 5.118 12.000 86481.000
4.927 6.186 5.046 9.000 86490.000
4.915 6.179 5.097 10.000 86500.000
4.915 6.205 5.145 10.000 86510.000
4.912 6.246 5.240 10.000 86520.000
4.924 6.263 5.303 10.000 86530.000
4.951 6.272 5.267 10.000 86540.000
4.970 6.258 5.276 10.000 86550.000
4.979 6.212 5.279 10.000 86560.000
4.975 6.191 5.315 10.000 86570.000
4.965 6.186 5.300 10.000 86580.000
4.932 6.186 5.248 10.000 86590.000
4.908 6.217 5.202 10.000 86600.000
4.860 6.265 5.185 10.000 86610.000
4.817 6.296 5.219 10.000 86620.000
4.805 6.294 5.315 10.000 86630.000
4.774 6.296 5.343 10.000 86640.000
4.766 6.282 5.343 10.000 86650.000
4.764 6.282 5.267 10.000 86660.000
4.750 6.301 5.123 10.000 86670.000
4.752 6.272 5.025 10.000 86680.000
4.754 6.260 5.006 10.000 86690.000
4.752 6.234 5.063 10.000 86700.000
4.776 6.208 5.094 10.000 86710.000
4.805 6.232 5.188 10.000 86720.000
4.833 6.239 5.202 10.000 86730.000
4.853 6.239 5.190 10.000 86740.000
4.845 6.239 5.204 10.000 86750.000
4.848 6.246 5.185 10.000 86760.000
4.838 6.232 5.173 10.000 86770.000
4.838 6.224 5.188 10.000 86780.000
4.821 6.256 5.142 10.000 86790.000
4.793 6.272 5.090 10.000 86800.000
4.793 6.306 4.989 10.000 86810.000
4.809 6.296 5.015 10.000 86820.000
4.843 6.248 5.102 10.000 86830.000
4.879 6.215 5.178 10.000 86840.000
4.884 6.196 5.245 10.000 86850.000
4.872 6.220 5.185 10.000 86860.000
4.865 6.270 5.142 10.000 86870.000
4.855 6.306 5.109 10.000 86880.000
4.850 6.356 5.039 10.000 86890.000
4.853 6.354 5.037 10.000 86900.000
4.850 6.325 5.018 10.000 86910.000
4.879 6.335 5.061 10.000 86920.000
4.917 6.320 5.190 10.000 86930.000
4.984 6.287 5.193 10.000 86940.000
5.003 6.179 5.226 10.000 86950.000
4.991 6.033 5.197 10.000 86960.000
4.939 5.963 5.169 10.000 86970.000
4.850 5.966 5.200 10.000 86980.000
4.888 6.026 5.269 10.000 86990.000
4.972 6.165 5.046 10.000 87000.000
5.097 6.227 4.824 10.000 87010.000
5.154 6.382 4.431 10.000 87020.000
5.164 6.507 4.491 10.000 87030.000
5.128 6.552 4.843 10.000 87040.000
5.106 6.619 5.300 10.000 87050.000
5.152 6.593 5.928 10.000 87060.000
5.142 6.493 5.796 10.000 87070.000
5.125 6.385 5.597 10.000 87080.000
5.094 6.256 5.293 10.000 87090.000
5.049 6.088 5.020 10.000 87100.000
5.027 6.042 4.984 10.000 87110.000
5.046 5.954 5.008 10.000 87120.000
5.121 5.808 5.015 10.000 87130.000
5.209 5.700 4.991 10.000 87140.000
5.284 5.698 5.030 10.000 87150.000
5.343 5.846 5.121 10.000 87160.000
5.348 6.052 5.228 10.000 87170.000
5.336 6.248 5.451 10.000 87180.000
5.339 6.339 5.612 10.000 87190.000
5.238 6.358 5.760 10.000 87200.000
5.092 6.378 5.741 10.000 87210.000
4.963 6.406 5.607 10.000 87220.000
4.896 6.406 5.343 10.000 87230.000
4.912 6.378 5.046 10.000 87240.000
4.920 6.143 4.675 10.000 87250.000
5.327 6.081 4.108 9.000 87259.000
5.671 6.047 3.670 10.000 87269.000
5.956 5.930 3.564 10.000 87279.000
5.999 6.011 3.869 10.000 87289.000
5.643 5.920 4.369 10.000 87299.000
5.365 5.906 4.850 10.000 87309.000
5.147 5.975 4.999 11.000 87320.000
5.195 6.076 4.963 9.000 87329.000
5.228 6.062 5.006 10.000 87339.000
5.183 5.971 5.068 11.000 87350.000
5.154 5.892 5.051 9.000 87359.000
5.157 5.789 5.051 10.000 87369.000
5.154 5.872 4.991 10.000 87379.000
5.140 5.999 4.975 11.000 87390.000
5.109 6.114 5.037 10.000 87400.000
4.958 6.205 5.164 9.000 87409.000
4.929 6.270 5.236 10.000 87419.000
4.912 6.291 5.264 10.000 87429.000
4.903 6.258 5.231 10.000 87439.000
5.013 6.248 5.133 10.000 87449.000
4.999 6.169 5.039 10.000 87459.000
4.996 6.138 4.924 10.000 87469.000
4.987 6.162 4.872 10.000 87479.000
4.989 6.186 4.917 11.000 87490.000
5.013 6.234 4.994 9.000 87499.000
5.006 6.222 5.090 10.000 87509.000
5.008 6.141 5.135 10.000 87519.000
4.999 6.059 5.082 10.000 87529.000
5.054 6.026 5.020 11.000 87540.000
5.135 5.995 4.939 9.000 87549.000
5.207 6.033 4.908 10.000 87559.000
5.240 6.076 4.939 10.000 87569.000
5.209 6.071 4.979 10.000 87579.000
5.147 6.074 5.085 10.000 87589.000
5.102 6.117 5.190 11.000 87600.000
5.094 6.155 5.233 9.000 87609.000
5.099 6.200 5.257 10.000 87619.000
5.128 6.248 5.238 10.000 87629.000
5.109 6.236 5.236 10.000 87639.000
5.092 6.203 5.219 11.000 87650.000
5.063 6.162 5.221 9.000 87659.000
5.044 6.119 5.257 10.000 87669.000
5.073 6.093 5.224 10.000 87679.000
5.099 6.088 5.204 10.000 87689.000
5.145 6.093 5.202 11.000 87700.000
5.181 6.100 5.166 9.000 87709.000
5.181 6.081 5.173 11.000 87720.000
5.183 6.074 5.197 9.000 87729.000
5.166 6.057 5.204 10.000 87739.000
5.147 6.042 5.221 10.000 87749.000
5.147 6.057 5.248 10.000 87759.000
5.128 6.057 5.351 10.000 87769.000
5.102 6.071 5.396 10.000 87779.000
5.078 6.083 5.432 11.000 87790.000
5.063 6.086 5.336 10.000 87800.000
5.054 6.074 5.202 9.000 87809.000
5.051 6.047 5.125 12.000 87821.000
5.042 6.030 5.078 8.000 87829.000
5.023 6.023 5.161 11.000 87840.000
5.015 6.035 5.173 10.000 87850.000
5.023 6.019 5.190 9.000 87859.000
5.037 5.992 5.178 10.000 87869.000
5.068 5.975 5.090 10.000 87879.000
5.099 5.956 5.018 10.000 87889.000
5.099 5.942 4.946 11.000 87900.000
5.090 5.925 4.927 9.000 87909.000
5.063 5.899 4.984 10.000 87919.000
5.020 5.935 5.080 10.000 87929.000
4.994 5.995 5.171 10.000 87939.000
4.967 6.035 5.202 11.000 87950.000
4.932 6.081 5.176 9.000 87959.000
4.912 6.064 5.111 10.000 87969.000
4.888 6.052 5.066 10.000 87979.000
4.891 6.016 5.102 10.000 87989.000
4.903 5.975 5.195 10.000 87999.000
4.927 5.920 5.312 10.000 88009.000
4.955 5.861 5.410 10.000 88019.000
4.972 5.868 5.403 10.000 88029.000
4.991 5.887 5.360 11.000 88040.000
4.999 5.920 5.293 10.000 88050.000
5.018 5.990 5.195 10.000 88060.000
5.032 6.038 5.128 10.000 88070.000
5.042 6.047 5.221 10.000 88080.000
5.037 6.045 5.298 10.000 88090.000
5.020 6.007 5.406 10.000 88100.000
4.977 5.978 5.497 10.000 88110.000
4.972 5.997 5.501 10.000 88120.000
4.982 6.028 5.523 10.000 88130.000
5.001 6.047 5.525 10.000 88140.000
5.046 6.057 5.544 10.000 88150.000
5.049 6.021 5.482 10.000 88160.000
5.030 5.966 5.461 10.000 88170.000
5.001 5.923 5.458 10.000 88180.000
5.003 5.887 5.415 10.000 88190.000
5.013 5.875 5.415 10.000 88200.000
5.056 5.889 5.260 10.000 88210.000
5.118 5.825 5.159 10.000 88220.000
5.149 5.753 5.099 10.000 88230.000
5.190 5.621 5.142 10.000 88240.000
5.300 5.595 4.848 10.000 88250.000
5.391 5.647 4.498 10.000 88260.000
5.439 5.600 4.302 10.000 88270.000
5.477 5.612 4.003 10.000 88280.000
5.312 5.655 4.501 10.000 88290.000
5.121 5.767 5.082 10.000 88300.000
4.972 5.980 5.511 10.000 88310.000
4.860 6.124 5.827 10.000 88320.000
4.869 6.124 5.798 10.000 88330.000
4.963 6.007 5.657 11.000 88341.000
5.051 5.868 5.657 9.000 88350.000
5.104 5.798 5.770 10.000 88360.000
5.185 5.765 5.829 10.000 88370.000
5.204 5.741 5.875 10.000 88380.000
5.228 5.738 5.779 10.000 88390.000
5.293 5.738 5.650 10.000 88400.000
5.329 5.702 5.573 10.000 88410.000
5.355 5.738 5.710 10.000 88420.000
5.367 5.858 5.825 10.000 88430.000
5.339 5.975 5.973 10.000 88440.000
5.348 6.114 6.038 10.000 88450.000
5.372 6.220 5.932 10.000 88460.000
5.492 6.186 5.535 10.000 88470.000
5.671 6.186 4.757 10.000 88480.000
5.813 6.165 4.062 10.000 88490.000
5.887 5.932 3.727 10.000 88500.000
5.743 5.688 4.134 10.000 88510.000
5.540 5.410 4.922 10.000 88520.000
5.305 5.339 5.717 10.000 88530.000
5.137 5.477 6.153 10.000 88540.000
5.080 5.679 5.930 10.000 88550.000
5.023 5.928 5.583 10.000 88560.000
4.996 5.971 5.228 10.000 88570.000
4.994 5.947 4.953 20.000 88590.000
5.006 5.906 4.939 9.000 88599.000
4.994 5.877 5.164 10.000 88609.000
4.982 5.849 5.389 10.000 88619.000
4.979 5.882 5.408 10.000 88629.000
4.991 5.908 5.386 11.000 88640.000
5.027 5.875 5.250 9.000 88649.000
5.042 5.798 5.164 10.000 88659.000
5.023 5.726 5.204 10.000 88669.000
4.979 5.714 5.329 10.000 88679.000
4.927 5.760 5.442 11.000 88690.000
4.896 5.849 5.504 9.000 88699.000
4.874 5.935 5.547 11.000 88710.000
4.874 5.990 5.516 9.000 88719.000
