# Accelerometer Data File
# 
#
#
# sensor Vendor: Bosch
# sensor Name: BMA254
# sensor Resolution: 0.009576807m/sec^2; Max Range: 39.2; Min Delay: 10000 microseconds
# The sensor's attributes are the result hardware and the Android capabilities.
# It means that the Android may not utilize all features provided by the hardware.
#
# Some devices and Android versions save battery too much so the device may go to sleep.
# It just happens after couple of minutes from turning off the scree and it is easy to find it out.
#
# The following file provides the data from accelerometer in the m/s^2 format.
# The diff value is just a time delta between the samples
#
#
# data format:
# so we have 4 columns with values separated by the " "
# X Y Z time_from_previous_sample(ms)

# sensor speed set to:FASTEST
# units set to: m/sec^2
# gravity NOT filtered out
# Accuracy: HIGH
2.755 6.081 6.165 0.000
2.892 6.162 6.291 9.000
3.028 6.244 6.418 11.000
3.153 6.248 6.560 9.000
3.122 6.272 6.588 11.000
2.980 6.172 6.646 10.000
2.916 6.059 6.777 10.000
2.942 5.999 6.895 9.000
3.157 5.930 7.007 10.000
3.423 5.908 7.077 10.000
3.646 5.983 7.038 10.000
3.730 5.992 7.017 11.000
3.624 6.011 7.000 9.000
3.457 6.016 7.000 10.000
3.337 5.961 7.010 10.000
3.356 5.971 7.003 10.000
3.409 5.987 7.070 11.000
3.524 6.019 7.120 10.000
3.394 6.074 7.062 10.000
3.320 5.865 7.345 10.000
3.213 5.650 7.553 10.000
3.347 5.580 7.874 10.000
3.643 5.463 8.327 10.000
4.096 5.554 8.626 10.000
4.544 5.559 8.961 10.000
4.750 5.418 9.184 10.000
4.855 4.994 9.045 20.000
4.750 4.625 8.719 10.000
4.723 4.151 8.173 10.000
4.697 3.677 7.627 10.000
4.735 3.390 7.733 10.000
4.556 3.184 8.362 10.000
4.302 3.169 9.176 12.000
4.096 3.160 10.055 7.000
3.926 3.246 10.644 10.000
4.520 3.256 10.769 11.000
5.533 3.593 10.757 9.000
6.497 3.926 10.680 10.000
7.357 4.292 10.462 11.000
7.671 4.654 10.184 9.000
7.070 4.462 10.012 11.000
6.265 4.209 9.746 9.000
5.566 3.921 9.622 10.000
5.039 3.682 9.323 11.000
5.145 3.627 8.894 9.000
5.453 3.634 8.559 11.000
5.688 3.629 8.104 9.000
5.750 3.576 7.824 10.000
5.511 3.497 7.618 10.000
5.118 3.339 7.426 10.000
4.800 3.193 7.354 11.000
4.362 3.040 7.285 9.000
4.089 2.954 7.302 10.000
3.821 2.928 7.307 12.000
3.423 2.853 7.369 9.000
3.145 2.786 7.429 10.000
2.760 2.796 7.671 10.000
2.336 2.858 8.010 10.000
2.042 2.968 8.293 10.000
1.458 2.966 8.616 10.000
0.981 2.887 8.757 10.000
0.402 2.698 8.717 10.000
-0.284 2.537 8.803 10.000
-0.682 2.489 8.848 10.000
-1.204 2.403 8.963 10.000
-1.436 2.394 9.160 10.000
-1.872 2.387 9.165 10.000
-2.444 2.501 9.102 10.000
-2.892 2.655 8.971 10.000
-3.438 2.901 8.796 10.000
-3.778 3.069 8.686 10.000
-4.015 3.174 8.678 20.000
-4.252 3.280 8.671 10.000
-4.486 3.373 8.686 10.000
-4.644 3.399 8.604 10.000
-4.769 3.366 8.487 10.000
-4.857 3.354 8.353 20.000
-4.853 3.397 8.248 10.000
-4.790 3.581 8.365 10.000
-4.728 3.766 8.482 10.000
-4.812 3.912 8.599 10.000
-5.051 3.995 8.640 10.000
-5.319 4.053 8.554 10.000
-5.580 4.144 8.453 10.000
-5.731 4.252 8.370 10.000
-5.547 4.256 8.192 10.000
-5.221 4.158 7.800 10.000
-4.903 4.027 7.422 10.000
-4.707 3.797 6.943 10.000
-4.687 3.596 6.627 10.000
-4.778 3.502 6.588 10.000
-4.795 3.272 6.648 10.000
-4.690 3.141 6.809 14.000
-4.707 2.853 7.026 6.000
-5.018 2.506 7.098 10.000
-5.403 2.296 7.072 10.000
-6.081 2.106 6.907 11.000
-6.574 2.279 6.368 13.000
-6.804 2.506 5.913 6.000
-7.378 2.904 5.499 10.000
-7.661 3.280 5.224 12.000
-8.262 3.423 5.473 8.000
-8.863 3.567 5.722 10.000
-9.165 3.315 5.875 10.000
-9.074 3.213 5.595 10.000
-8.726 3.136 5.106 13.000
-7.807 3.308 4.649 7.000
-7.026 3.701 4.604 10.000
-6.639 3.945 4.991 10.000
-6.358 3.653 5.106 10.000
-6.284 3.153 5.372 14.000
-6.026 2.657 5.281 6.000
-5.698 2.288 5.556 10.000
-5.262 2.456 6.105 10.000
-4.967 2.904 6.890 10.000
-4.673 3.351 7.675 10.000
-4.620 3.821 8.003 14.000
-4.474 4.070 8.441 6.000
-4.553 3.998 8.461 10.000
-4.580 4.039 8.647 10.000
-4.434 3.931 8.925 10.000
-4.106 4.326 9.220 10.000
-3.873 4.793 9.533 10.000
-3.694 5.147 9.679 10.000
-3.737 5.190 9.694 10.000
-4.127 4.728 9.351 10.000
-4.422 4.194 8.990 10.000
-4.319 3.825 8.985 10.000
-3.749 3.368 9.069 14.000
-3.107 3.134 9.382 6.000
-2.528 2.987 9.679 10.000
-2.346 2.676 9.619 10.000
-2.614 2.911 9.634 10.000
-2.882 3.145 9.648 10.000
-3.066 3.157 9.811 10.000
-3.268 3.141 10.005 10.000
-3.263 2.978 10.168 10.000
-3.143 2.844 10.196 10.000
-3.205 2.779 10.089 10.000
-3.251 2.743 9.950 10.000
-3.490 2.597 9.866 10.000
-3.845 2.422 9.916 10.000
-4.118 2.475 10.019 20.000
-4.390 2.528 10.122 10.000
-4.307 2.973 10.125 20.000
-3.924 3.454 10.129 10.000
-3.576 3.617 10.299 10.000
-3.229 3.780 10.469 10.000
-3.126 3.754 10.740 10.000
-3.220 3.746 11.080 10.000
-3.198 3.895 11.207 10.000
-3.181 4.077 11.511 10.000
-3.083 4.165 11.760 10.000
-3.093 4.321 12.100 10.000
-2.930 4.726 12.638 10.000
-2.762 5.097 13.000 10.000
-2.609 5.633 13.575 10.000
-2.451 6.047 13.986 10.000
-2.545 6.320 14.293 10.000
-2.559 6.584 14.628 10.000
-2.458 6.323 14.721 20.000
-2.051 5.499 14.477 10.000
-1.565 4.568 14.140 10.000
-0.991 2.779 13.249 10.000
-0.517 1.350 12.387 10.000
-0.217 0.428 11.432 10.000
0.421 -0.639 10.192 10.000
0.893 -0.840 9.476 10.000
1.417 -1.278 8.441 10.000
1.810 -1.661 7.838 10.000
1.340 -2.035 7.264 10.000
0.366 -2.195 6.509 10.000
-0.660 -2.118 6.074 10.000
-1.958 -1.568 5.758 10.000
-3.021 -0.296 5.726 10.000
-3.579 0.761 5.875 10.000
-4.371 2.308 6.054 10.000
-4.893 3.380 6.114 10.000
-5.288 4.189 6.347 10.000
-5.643 5.008 6.615 10.000
-5.762 5.339 6.852 10.000
-5.758 5.626 6.955 10.000
-5.592 5.592 6.856 10.000
-5.228 5.650 6.634 10.000
-4.994 5.851 6.464 10.000
-4.884 6.095 6.428 10.000
-5.207 6.121 6.811 10.000
-5.770 6.047 7.283 10.000
-6.665 6.763 7.426 11.000
-6.998 7.706 7.977 9.000
-6.897 8.868 8.109 10.000
-5.861 9.660 8.185 10.000
-4.460 8.750 8.750 10.000
-3.622 7.613 8.908 10.000
-3.380 5.477 9.287 10.000
-4.074 3.711 9.720 10.000
-4.673 2.183 10.208 10.000
-4.599 0.739 10.678 10.000
-3.928 0.294 10.927 10.000
-2.949 -0.490 11.145 10.000
-1.968 -0.746 11.094 10.000
-1.393 -1.295 10.879 10.000
-0.359 -1.790 10.651 10.000
0.366 -1.946 10.455 10.000
1.364 -1.889 10.070 10.000
2.207 -1.503 9.821 10.000
2.590 -1.170 9.583 10.000
2.715 -1.268 9.483 10.000
2.566 -1.580 9.572 10.000
2.154 -1.810 9.612 10.000
1.841 -1.865 9.579 10.000
1.786 -1.489 9.409 10.000
1.381 -1.173 9.239 10.000
1.130 -1.058 9.165 10.000
0.806 -0.957 9.095 10.000
0.275 -0.732 8.935 10.000
0.093 -0.447 8.774 10.000
-0.215 -0.311 8.731 10.000
-0.775 -0.411 8.765 10.000
-1.127 -0.636 8.889 10.000
-1.307 -0.749 9.184 10.000
-1.359 -0.713 9.361 10.000
-1.197 -0.684 9.586 10.000
-1.175 -0.751 9.835 10.000
-1.326 -0.931 9.914 10.000
-1.553 -1.247 10.122 10.000
-1.771 -1.479 10.275 10.000
-1.584 -1.537 10.304 10.000
-1.187 -1.632 10.275 10.000
-0.713 -1.592 10.117 10.000
-0.019 -1.465 9.943 10.000
0.476 -1.340 9.890 10.000
0.761 -1.177 9.895 10.000
0.873 -1.122 9.945 10.000
0.766 -1.154 10.012 10.000
0.569 -1.194 10.012 10.000
0.462 -1.089 10.002 10.000
0.526 -0.876 9.947 10.000
0.677 -0.730 9.909 10.000
0.852 -0.651 9.916 10.000
0.873 -0.677 9.856 10.000
1.058 -0.653 9.684 10.000
1.156 -0.562 9.495 10.000
1.742 -0.533 9.253 10.000
2.662 -0.318 8.947 10.000
3.418 -0.153 8.753 10.000
4.168 0.026 8.429 10.000
4.429 0.268 8.159 10.000
4.565 0.299 7.860 10.000
5.035 0.378 7.450 10.000
5.511 0.442 7.170 10.000
6.105 0.354 6.794 10.000
6.555 0.248 6.588 10.000
7.029 0.107 6.406 10.000
7.994 0.244 6.062 10.000
8.841 0.533 5.813 10.000
10.144 0.964 5.245 10.000
11.089 1.383 4.764 10.000
11.317 1.465 4.407 10.000
10.860 1.314 3.981 10.000
9.947 1.022 3.873 10.000
8.638 0.617 3.711 10.000
7.445 0.198 3.464 10.000
6.938 0.011 3.287 10.000
6.600 -0.316 3.062 10.000
6.660 -0.531 2.892 10.000
7.108 -0.720 2.849 10.000
7.702 -0.902 2.705 10.000
8.125 -0.943 2.609 10.000
8.437 -1.046 2.497 10.000
8.470 -1.101 2.379 10.000
8.329 -1.201 2.391 10.000
7.996 -1.635 2.506 10.000
7.776 -2.006 2.638 10.000
7.390 -2.688 2.810 10.000
6.897 -3.643 3.165 10.000
6.596 -4.266 3.416 10.000
6.306 -4.881 3.696 10.000
6.181 -5.185 3.936 10.000
6.179 -5.169 4.003 10.000
6.052 -5.260 3.991 10.000
5.913 -5.358 3.950 10.000
5.695 -5.621 3.825 10.000
5.492 -5.894 3.663 10.000
5.276 -6.394 3.543 10.000
4.740 -7.319 3.406 10.000
4.283 -8.078 3.354 10.000
3.366 -9.344 3.409 10.000
2.461 -10.673 3.837 10.000
1.877 -11.578 4.283 10.000
1.376 -12.370 4.999 20.000
1.242 -12.303 5.851 10.000
0.993 -11.626 6.825 10.000
0.744 -10.948 7.800 10.000
-0.019 -10.407 8.712 10.000
-0.689 -10.218 9.380 10.000
-1.225 -9.940 9.890 10.000
-0.933 -9.442 10.053 10.000
-0.210 -8.920 10.007 10.000
0.471 -8.382 9.514 10.000
0.608 -8.180 8.547 10.000
-0.083 -8.200 7.927 10.000
-1.407 -8.410 7.096 10.000
-2.691 -8.638 6.713 10.000
-3.653 -8.973 6.615 10.000
-4.374 -9.260 7.065 10.000
-4.462 -9.356 7.726 10.000
-3.900 -9.313 9.074 10.000
-3.007 -9.126 10.309 10.000
-1.762 -8.678 10.831 10.000
-0.462 -8.702 10.943 10.000
0.186 -8.865 10.369 10.000
0.502 -9.540 9.761 10.000
0.440 -10.515 9.366 10.000
0.323 -11.018 9.380 11.000
0.577 -11.358 9.210 9.000
1.163 -11.185 9.074 10.000
1.644 -11.329 8.791 10.000
2.023 -12.229 8.681 10.000
2.030 -13.292 8.755 10.000
2.262 -14.030 8.784 10.000
2.384 -14.460 8.911 10.000
3.062 -13.809 8.453 10.000
3.751 -13.431 7.568 10.000
4.216 -13.378 6.727 10.000
4.211 -13.517 6.011 10.000
3.754 -13.982 5.707 10.000
3.224 -14.101 5.997 10.000
2.889 -14.669 6.215 10.000
3.023 -15.045 6.308 10.000
3.416 -15.155 6.129 10.000
3.751 -14.676 5.652 10.000
3.892 -13.749 5.248 10.000
3.924 -12.679 4.716 10.000
3.696 -11.875 4.458 10.000
3.909 -11.561 4.216 10.000
4.639 -11.133 3.593 10.000
5.480 -10.848 3.098 10.000
6.780 -10.527 2.408 10.000
7.757 -10.376 1.833 10.000
8.154 -10.620 1.999 10.000
8.729 -10.879 2.149 10.000
8.844 -11.173 2.494 10.000
9.375 -11.484 3.205 10.000
9.998 -11.386 3.713 10.000
10.443 -11.274 4.235 10.000
10.390 -10.802 5.564 10.000
9.921 -10.314 6.526 10.000
9.220 -10.230 7.618 10.000
8.516 -10.098 9.114 10.000
8.310 -10.326 9.804 10.000
7.766 -10.493 10.608 10.000
7.426 -10.386 11.128 10.000
6.581 -9.969 11.137 10.000
4.936 -9.466 10.927 10.000
3.629 -9.023 10.601 10.000
1.601 -8.286 9.660 10.000
-0.397 -7.740 8.133 10.000
-1.596 -7.280 6.825 10.000
-2.911 -6.777 4.912 10.000
-3.361 -6.253 2.937 20.000
-2.901 -5.604 1.235 10.000
-2.442 -4.955 -0.466 10.000
-1.838 -4.422 -1.673 10.000
-1.379 -4.204 -2.202 10.000
-1.537 -4.635 -1.941 10.000
-1.723 -5.568 -1.640 10.000
-1.939 -6.430 -1.228 10.000
-1.604 -7.666 -1.110 10.000
-0.248 -8.935 -1.496 10.000
1.134 -9.701 -1.922 10.000
3.052 -10.697 -2.600 10.000
4.419 -11.319 -2.983 10.000
5.382 -12.378 -3.612 10.000
5.793 -14.085 -3.157 10.000
5.671 -15.562 -2.451 10.000
5.255 -16.299 -1.118 10.000
4.410 -16.208 0.593 10.000
5.248 -14.659 0.768 10.000
5.808 -12.016 1.173 10.000
6.663 -10.113 0.950 10.000
7.426 -7.711 0.852 10.000
7.005 -6.727 1.125 10.000
6.861 -6.837 1.168 10.000
6.660 -7.007 1.194 10.000
6.550 -7.675 1.096 10.000
7.319 -7.625 1.168 10.000
9.342 -7.963 1.482 10.000
11.422 -8.240 1.812 10.000
14.511 -8.348 2.786 10.000
16.773 -8.566 3.672 10.000
17.913 -6.959 3.737 10.000
17.683 -5.049 2.839 10.000
16.445 -3.308 1.297 10.000
14.135 -1.845 1.505 14.000
11.722 -2.030 2.815 6.000
10.678 -2.518 5.087 10.000
9.500 -3.045 7.477 10.000
9.394 -3.294 8.116 10.000
8.726 -3.280 8.564 10.000
7.884 -3.342 8.635 10.000
7.175 -3.366 8.590 10.000
6.086 -3.349 8.822 10.000
5.530 -3.385 8.724 10.000
5.621 -2.913 8.975 10.000
5.487 -1.948 8.896 10.000
5.734 -1.024 8.540 10.000
5.264 -0.251 8.683 10.000
4.601 0.162 8.738 10.000
4.163 0.083 9.124 10.000
3.766 -0.007 9.390 10.000
4.084 0.052 9.155 10.000
4.070 0.050 8.887 10.000
3.845 0.186 8.568 10.000
3.579 0.335 8.370 10.000
3.167 0.452 8.214 10.000
2.810 0.560 8.207 10.000
2.765 0.387 8.286 10.000
2.693 0.344 8.382 10.000
2.767 0.332 8.434 10.000
2.616 0.507 8.293 10.000
2.365 0.823 8.116 10.000
2.042 0.919 7.924 10.000
1.561 0.943 7.800 10.000
1.304 0.780 7.869 10.000
0.861 0.593 8.027 10.000
0.392 0.478 8.350 10.000
0.081 0.435 8.607 10.000
-0.210 0.344 8.765 10.000
-0.316 0.277 8.834 10.000
-0.177 0.229 8.667 10.000
0.050 0.179 8.700 10.000
0.258 0.177 8.832 10.000
0.545 0.241 8.674 10.000
0.713 0.306 8.585 10.000
0.893 0.632 8.164 10.000
0.672 0.505 7.984 10.000
0.373 0.311 8.094 10.000
-0.071 0.105 8.236 10.000
-0.512 -0.256 8.508 10.000
-0.553 -0.165 8.540 10.000
-0.397 -0.064 8.552 10.000
-0.095 0.047 8.532 10.000
0.306 0.067 8.544 10.000
0.890 0.174 8.552 10.000
1.278 0.272 8.578 10.000
1.673 0.335 8.544 10.000
1.862 0.387 8.480 10.000
1.752 0.129 8.437 10.000
1.697 -0.433 8.367 10.000
1.635 -0.960 8.358 10.000
1.690 -1.707 8.283 10.000
1.948 -2.049 8.166 10.000
2.152 -2.087 8.075 10.000
2.298 -2.056 7.841 10.000
2.327 -1.805 7.671 10.000
2.173 -1.831 7.405 10.000
2.075 -1.982 7.134 10.000
2.035 -2.202 7.007 10.000
2.197 -2.444 6.859 10.000
2.456 -2.590 6.833 10.000
2.935 -2.638 6.751 10.000
3.301 -2.937 6.677 10.000
3.464 -3.215 6.624 10.000
3.545 -3.766 6.591 10.000
3.500 -4.618 6.658 10.000
3.567 -5.219 6.718 10.000
3.804 -6.162 6.737 10.000
4.122 -6.833 6.737 10.000
4.266 -7.649 6.634 10.000
4.194 -8.616 6.524 10.000
3.952 -9.241 6.454 10.000
3.342 -9.955 6.354 10.000
2.758 -10.194 6.315 10.000
2.087 -10.409 6.531 10.000
1.561 -10.766 6.912 10.000
1.403 -11.034 7.323 10.000
1.501 -11.362 7.807 10.000
1.829 -11.860 8.020 10.000
2.013 -12.217 8.068 10.000
2.097 -12.840 7.915 10.000
1.924 -13.402 7.690 10.000
1.419 -13.982 7.613 10.000
0.682 -14.571 7.855 10.000
0.045 -14.894 8.298 10.000
-0.636 -14.630 8.961 10.000
-0.914 -14.053 9.500 10.000
-1.096 -13.079 9.346 10.000
-1.558 -12.811 9.617 10.000
-1.975 -13.129 9.667 9.000
-2.305 -13.144 9.921 10.000
-2.499 -13.546 10.548 11.000
-2.126 -12.844 10.584 9.000
-1.146 -11.815 10.338 11.000
-0.253 -11.089 9.888 9.000
0.368 -10.632 9.504 10.000
0.232 -10.946 9.361 10.000
-0.509 -11.587 9.500 10.000
-1.412 -12.196 9.533 11.000
-2.044 -12.536 9.500 9.000
-2.090 -12.610 9.272 10.000
-2.243 -13.153 8.990 10.000
-2.236 -13.730 8.813 10.000
-2.248 -14.736 8.528 10.000
-2.375 -15.634 8.365 10.000
-2.152 -16.323 8.180 10.000
-1.831 -16.232 7.912 10.000
-1.491 -15.713 7.752 10.000
-0.718 -14.003 7.283 11.000
-0.208 -11.918 7.115 10.000
0.203 -10.613 7.031 10.000
0.574 -9.569 7.105 10.000
0.512 -9.715 7.489 10.000
0.536 -10.211 7.592 10.000
0.847 -10.630 7.647 10.000
1.199 -10.788 7.544 10.000
2.248 -10.611 7.297 10.000
3.150 -10.302 6.981 11.000
3.766 -10.070 6.713 9.000
4.304 -9.909 6.318 10.000
4.146 -10.084 6.066 10.000
4.587 -10.149 5.813 11.000
3.845 -10.484 5.413 13.000
3.179 -10.747 5.140 6.000
2.451 -11.197 4.498 10.000
1.206 -11.654 3.983 12.000
1.537 -11.741 3.253 10.000
2.592 -11.846 2.128 12.000
3.711 -11.765 1.371 6.000
4.888 -12.040 0.483 9.000
5.674 -12.416 -0.043 10.000
5.477 -13.043 0.026 10.000
5.317 -13.553 -0.007 10.000
5.097 -13.706 0.090 11.000
5.240 -13.668 0.191 9.000
6.402 -13.022 -0.131 10.000
7.527 -12.492 -0.351 10.000
9.708 -11.405 -0.603 10.000
11.525 -10.510 -0.857 11.000
12.437 -9.727 -0.404 9.000
13.836 -8.714 -0.342 10.000
14.178 -8.259 -0.248 10.000
14.638 -7.398 0.995 10.000
15.241 -6.761 1.757 11.000
13.448 -6.785 4.616 9.000
11.025 -8.327 7.237 10.000
8.485 -10.275 8.707 10.000
6.323 -11.724 10.386 11.000
6.002 -11.640 10.773 10.000
6.311 -10.038 11.398 10.000
4.668 -8.386 12.373 10.000
2.647 -7.235 13.139 14.000
-1.900 -7.431 12.914 6.000
-7.165 -8.415 12.672 10.000
-10.479 -9.449 12.081 10.000
-12.797 -10.840 10.982 10.000
-12.516 -11.985 10.457 10.000
-10.522 -12.603 8.884 10.000
-7.422 -13.397 6.461 10.000
-5.317 -13.836 4.546 10.000
-2.133 -13.934 2.255 10.000
0.052 -13.771 1.029 10.000
1.628 -13.026 0.962 10.000
3.239 -12.799 1.323 10.000
3.770 -12.911 2.061 10.000
4.261 -13.661 3.296 10.000
4.390 -14.604 4.108 10.000
4.484 -15.030 4.491 10.000
4.910 -14.633 4.309 10.000
5.377 -13.599 3.629 10.000
5.604 -12.083 2.468 10.000
5.801 -10.941 0.189 10.000
5.664 -10.623 -1.525 10.000
5.358 -11.951 -2.844 10.000
5.157 -13.972 -3.567 10.000
4.594 -16.484 -2.523 10.000
5.389 -17.997 -1.900 10.000
6.354 -17.863 -1.673 10.000
7.580 -15.241 -0.459 10.000
9.945 -10.948 0.993 10.000
10.953 -7.654 2.868 10.000
11.939 -5.030 5.293 10.000
12.665 -4.893 6.732 10.000
12.605 -5.204 6.370 10.000
12.887 -5.612 6.210 10.000
13.192 -5.348 5.499 10.000
13.692 -4.331 4.419 10.000
14.231 -3.672 4.252 10.000
14.693 -2.432 4.525 10.000
14.432 -1.228 4.723 10.000
13.974 -0.778 5.291 10.000
12.854 -0.442 5.844 10.000
10.453 -0.914 5.865 10.000
8.774 -1.350 5.961 10.000
6.718 -1.661 6.196 10.000
5.073 -1.680 6.428 15.000
4.443 -1.379 6.550 5.000
4.120 -0.900 6.804 14.000
4.175 -0.545 6.919 6.000
4.702 -0.301 6.715 10.000
4.723 -0.399 6.315 20.000
3.976 -0.744 6.009 10.000
3.229 -1.089 5.702 10.000
2.585 -1.199 5.832 10.000
2.923 -1.300 6.191 10.000
3.722 -1.331 6.325 10.000
4.429 -1.273 6.572 10.000
4.812 -1.517 6.718 10.000
4.424 -1.312 6.847 10.000
4.129 -1.288 7.117 10.000
3.928 -1.352 7.275 10.000
3.775 -1.647 7.515 10.000
3.916 -2.059 7.738 10.000
4.266 -2.111 7.778 10.000
4.740 -2.102 7.601 10.000
5.190 -1.960 7.484 20.000
5.791 -1.762 7.642 10.000
6.090 -1.740 7.841 10.000
5.906 -1.656 8.262 10.000
5.698 -1.474 8.542 10.000
5.137 -1.391 8.748 12.000
4.546 -1.283 8.956 8.000
4.314 -1.300 9.160 15.000
3.766 -1.446 9.325 5.000
3.418 -1.551 9.289 10.000
2.961 -1.893 9.378 10.000
2.743 -1.970 9.191 10.000
2.841 -1.917 9.042 10.000
3.076 -2.020 8.899 10.000
3.368 -2.042 8.559 11.000
3.421 -2.329 8.494 8.000
3.210 -2.712 8.355 10.000
2.863 -2.940 8.212 10.000
2.698 -3.057 8.106 10.000
2.875 -3.244 7.874 10.000
3.315 -3.335 7.716 10.000
3.995 -3.555 7.354 10.000
4.577 -3.754 7.024 10.000
4.843 -3.904 6.665 10.000
4.920 -4.323 6.318 10.000
4.757 -4.613 6.174 10.000
4.580 -5.147 5.872 10.000
4.376 -5.659 5.726 10.000
4.321 -6.244 5.583 10.000
4.072 -7.156 5.363 20.000
3.406 -7.903 5.307 10.000
2.054 -8.889 5.291 10.000
0.742 -9.536 5.260 10.000
-0.737 -10.187 5.518 10.000
-1.786 -10.759 5.770 11.000
-2.118 -11.350 6.138 10.000
-2.425 -12.045 6.655 10.000
-2.370 -12.406 6.959 10.000
-2.305 -12.562 7.275 10.000
-2.269 -12.459 7.436 10.000
-2.355 -12.140 7.390 10.000
-2.487 -12.222 7.328 10.000
-2.628 -12.509 7.254 10.000
-3.145 -13.108 7.146 10.000
-3.873 -13.697 7.010 10.000
-4.556 -13.886 6.890 10.000
-5.734 -14.176 6.655 10.000
-6.536 -14.154 6.454 10.000
-7.362 -14.140 6.495 10.000
-8.133 -13.843 6.646 10.000
-8.408 -13.445 6.912 10.000
-8.228 -12.801 6.813 10.000
-7.484 -12.504 6.100 20.000
-6.902 -12.483 5.178 10.000
-6.074 -12.282 4.343 20.000
-5.595 -12.210 3.943 10.000
-5.351 -11.906 4.003 10.000
-4.498 -11.693 4.390 10.000
-3.892 -11.659 4.692 10.000
-3.253 -12.248 5.463 10.000
-3.179 -13.529 7.000 10.000
-3.605 -14.726 8.307 10.000
-3.586 -15.653 9.557 10.000
-3.706 -16.074 10.266 10.000
-2.317 -15.741 9.514 10.000
-0.651 -15.753 8.599 10.000
0.569 -16.036 7.742 10.000
1.264 -16.249 6.730 10.000
0.723 -16.512 6.239 10.000
-0.095 -16.431 5.911 10.000
-0.837 -16.426 5.272 10.000
-1.053 -16.491 4.788 10.000
-1.355 -16.560 4.410 10.000
-1.802 -16.424 3.916 10.000
-2.327 -16.211 3.734 10.000
-2.715 -15.952 3.497 10.000
-2.724 -15.701 3.327 10.000
-2.193 -15.449 2.880 10.000
-1.654 -15.148 2.269 10.000
-1.252 -14.891 1.714 10.000
-1.501 -14.932 1.350 10.000
-1.932 -14.954 1.185 10.000
-2.370 -15.026 1.182 10.000
-2.391 -14.997 1.230 10.000
-1.762 -14.671 1.086 10.000
-0.962 -14.714 1.199 10.000
-0.143 -14.918 1.323 10.000
0.258 -15.222 1.398 10.000
0.538 -15.222 1.345 10.000
0.435 -15.078 1.230 10.000
0.368 -14.511 1.046 10.000
0.727 -13.529 0.952 10.000
1.209 -12.852 0.986 10.000
2.121 -12.150 0.852 10.000
2.978 -11.712 0.775 10.000
4.036 -11.463 0.426 10.000
5.664 -10.943 0.177 10.000
6.861 -10.448 0.095 10.000
8.621 -9.768 1.065 10.000
9.227 -9.430 3.404 10.000
9.263 -9.363 5.643 10.000
8.101 -10.129 8.283 10.000
6.378 -11.080 9.873 10.000
5.039 -12.514 9.433 10.000
3.818 -13.479 8.853 10.000
3.794 -13.611 7.872 10.000
4.019 -12.382 7.299 10.000
4.386 -10.553 7.570 10.000
4.175 -9.864 8.101 10.000
2.956 -9.873 7.663 10.000
1.489 -11.243 6.816 10.000
-0.646 -12.591 5.602 10.000
-2.978 -13.194 4.077 10.000
-4.302 -13.098 3.521 10.000
-5.995 -13.019 2.327 10.000
-7.019 -12.962 1.498 10.000
-6.938 -12.832 0.110 12.000
-6.160 -12.404 -1.192 8.000
-5.013 -11.959 -1.855 10.000
-3.414 -11.382 -2.082 10.000
-2.264 -10.951 -1.561 10.000
-1.790 -10.975 -1.015 10.000
-1.007 -11.401 -0.526 10.000
-0.677 -11.959 -0.474 10.000
0.411 -12.586 -0.402 10.000
2.020 -12.665 -0.603 10.000
3.320 -12.342 -0.746 10.000
4.865 -11.757 -0.816 10.000
5.650 -11.104 -0.905 10.000
5.798 -10.553 -0.174 10.000
5.738 -9.526 1.082 10.000
5.434 -8.760 2.264 10.000
5.997 -8.757 2.576 10.000
6.655 -9.045 2.231 10.000
8.595 -9.617 1.019 10.000
9.852 -10.488 0.445 10.000
10.242 -10.596 0.742 10.000
9.911 -10.678 -0.632 10.000
10.673 -9.971 -1.379 14.000
12.117 -8.966 -2.762 6.000
14.563 -7.953 -2.896 10.000
17.731 -6.967 -1.359 10.000
18.713 -6.117 -0.708 10.000
18.751 -5.346 -0.162 10.000
17.786 -4.582 -0.866 10.000
15.526 -4.469 -0.363 10.000
13.287 -5.200 0.737 10.000
12.188 -5.190 2.341 10.000
11.451 -4.170 4.398 10.000
12.009 -2.499 5.248 10.000
10.611 -1.199 6.569 20.000
9.016 -0.560 7.493 10.000
6.876 -0.756 8.106 10.000
4.735 -0.952 8.719 10.000
4.695 -0.495 8.576 20.000
4.654 -0.038 8.432 10.000
4.955 0.337 7.836 10.000
5.257 0.713 7.240 10.000
4.941 0.658 7.252 10.000
4.177 0.562 7.472 20.000
3.476 0.569 7.879 10.000
2.856 0.373 8.288 10.000
2.710 0.325 8.374 10.000
2.916 0.263 8.154 10.000
2.901 0.004 8.058 10.000
2.762 -0.011 7.924 10.000
2.691 0.090 7.958 10.000
2.715 0.248 8.090 11.000
2.413 0.536 8.286 9.000
2.154 0.785 8.518 10.000
1.647 0.921 8.631 10.000
1.158 0.895 8.832 11.000
0.995 0.739 8.968 9.000
0.828 0.447 9.119 10.000
0.842 0.148 9.222 10.000
0.814 0.002 9.217 10.000
0.799 -0.203 9.162 10.000
0.790 -0.272 9.093 10.000
0.871 -0.308 8.851 10.000
1.101 -0.213 8.573 10.000
1.316 -0.057 8.346 10.000
1.362 0.179 8.135 10.000
1.316 0.383 8.097 10.000
0.799 0.332 8.106 10.000
0.198 -0.083 8.142 10.000
-0.232 -0.581 8.161 10.000
-0.632 -1.256 8.149 10.000
-0.684 -1.800 8.145 10.000
-0.387 -1.845 8.137 10.000
0.220 -1.910 7.912 10.000
0.797 -1.798 7.718 10.000
1.663 -1.740 7.414 10.000
2.499 -1.975 6.967 10.000
3.023 -2.190 6.737 10.000
3.737 -2.458 6.349 10.000
4.161 -2.671 6.071 10.000
4.225 -2.513 5.961 10.000
4.285 -2.331 5.875 10.000
4.156 -2.097 5.947 10.000
4.311 -2.343 5.961 10.000
4.592 -2.801 5.928 10.000
4.972 -3.823 6.052 10.000
4.616 -5.058 6.612 10.000
3.974 -5.813 7.230 10.000
2.973 -6.677 7.728 10.000
2.027 -7.110 7.948 10.000
1.819 -7.331 7.733 10.000
1.707 -7.824 7.544 10.000
1.953 -8.207 7.474 10.000
1.843 -8.755 7.541 10.000
1.508 -9.346 7.563 10.000
1.077 -9.665 7.558 10.000
0.562 -10.019 7.723 10.000
0.253 -10.098 7.848 10.000
0.332 -10.113 8.169 10.000
0.543 -10.048 8.420 10.000
0.837 -9.947 8.501 10.000
0.725 -10.081 8.633 10.000
0.124 -10.256 8.530 10.000
-0.608 -10.510 8.497 10.000
-1.824 -11.188 8.628 10.000
-2.633 -11.631 8.710 10.000
-3.603 -12.564 9.409 10.000
-4.477 -13.271 10.101 10.000
-4.867 -13.553 10.627 10.000
-5.114 -13.716 10.805 10.000
-4.874 -13.369 10.448 10.000
-4.898 -13.646 10.338 10.000
-4.982 -13.529 10.268 10.000
-5.209 -13.532 10.548 10.000
-5.468 -13.424 10.888 20.000
-5.559 -12.919 10.989 10.000
-5.341 -12.670 10.639 10.000
-5.123 -12.421 10.290 10.000
-4.826 -12.548 9.730 10.000
-4.216 -12.234 8.827 10.000
-3.854 -12.059 8.334 10.000
-3.481 -12.085 7.484 10.000
-3.155 -11.846 6.785 10.000
-3.234 -12.686 6.380 10.000
-2.980 -13.065 5.899 10.000
-2.738 -13.242 5.774 10.000
-2.154 -13.615 5.492 10.000
-1.640 -13.611 5.111 15.000
-1.458 -14.068 4.807 5.000
-1.515 -14.216 4.458 10.000
-1.915 -14.168 4.266 10.000
-2.523 -14.013 4.824 13.000
-3.064 -13.785 5.456 7.000
-3.366 -13.867 6.133 10.000
-3.311 -13.543 5.925 10.000
-2.887 -13.067 5.114 11.000
-2.272 -13.196 3.849 9.000
-1.458 -13.096 2.530 10.000
-1.000 -13.400 2.097 10.000
-0.349 -13.529 1.594 10.000
0.043 -13.125 1.470 10.000
-0.069 -12.959 1.472 10.000
-0.124 -12.947 1.388 10.000
-0.373 -13.110 1.374 10.000
-0.371 -13.390 1.247 10.000
0.181 -13.668 0.871 10.000
0.677 -13.792 0.581 10.000
1.508 -13.721 0.110 10.000
2.087 -13.532 -0.248 10.000
2.573 -13.462 -0.363 10.000
2.786 -13.330 -0.569 10.000
2.664 -13.395 -0.593 10.000
2.477 -13.488 -0.667 10.000
2.140 -13.455 -0.809 10.000
1.908 -13.599 -0.672 10.000
2.466 -13.184 -0.878 10.000
3.088 -12.741 -1.034 10.000
3.993 -12.205 -1.048 10.000
5.351 -11.183 -0.888 10.000
5.918 -10.718 -0.385 10.000
7.386 -9.962 -0.002 10.000
8.571 -9.299 0.239 10.000
9.911 -9.220 0.818 10.000
11.192 -9.428 2.133 10.000
11.573 -9.928 3.567 10.000
11.267 -10.939 5.571 10.000
10.520 -11.736 6.876 10.000
9.105 -11.659 7.517 10.000
7.747 -11.597 8.777 10.000
7.077 -11.025 9.466 10.000
6.023 -10.766 10.220 10.000
5.001 -11.183 10.663 10.000
3.921 -11.585 10.488 10.000
1.927 -12.097 9.861 10.000
0.316 -12.296 9.169 10.000
-1.165 -12.272 8.250 10.000
-2.798 -12.071 6.481 10.000
-3.517 -11.760 5.164 10.000
-4.082 -10.919 3.349 10.000
-4.079 -10.213 2.001 10.000
-3.988 -9.239 1.874 10.000
-4.443 -8.389 1.889 10.000
-5.051 -8.068 2.401 10.000
-5.547 -7.960 2.561 10.000
-4.860 -8.341 2.075 10.000
-3.627 -8.597 1.448 10.000
-1.403 -9.382 0.679 10.000
0.708 -9.955 0.263 10.000
2.887 -11.463 -0.162 10.000
6.124 -13.469 -0.761 10.000
8.370 -14.947 -1.218 10.000
10.826 -16.081 -1.410 10.000
12.095 -16.237 -1.316 10.000
11.736 -15.504 -0.658 10.000
10.730 -14.851 0.311 10.000
9.514 -14.539 1.015 10.000
8.078 -13.673 1.130 10.000
7.874 -12.887 0.866 10.000
8.317 -12.023 0.292 10.000
8.480 -10.910 0.354 10.000
8.863 -10.352 1.005 10.000
9.560 -9.821 1.374 10.000
10.615 -8.578 1.407 10.000
11.951 -7.584 0.804 10.000
13.077 -5.681 0.213 10.000
13.225 -4.060 -0.110 16.000
13.283 -3.677 -0.507 4.000
13.678 -3.155 -1.048 10.000
14.283 -3.543 -1.601 10.000
14.238 -3.715 -1.999 10.000
13.924 -3.361 -1.987 10.000
12.935 -2.492 -0.122 10.000
11.597 -1.467 1.678 10.000
10.910 -0.658 3.323 10.000
9.753 -0.055 5.011 10.000
8.781 -0.196 5.233 10.000
8.159 -0.493 5.521 10.000
7.264 -0.864 5.535 10.000
6.837 -1.029 5.506 10.000
6.397 -0.701 5.353 10.000
5.312 -0.713 5.714 10.000
4.501 -0.651 6.349 10.000
3.497 -0.811 6.679 10.000
2.662 -1.374 6.890 10.000
2.430 -1.575 6.780 10.000
2.360 -1.381 6.746 10.000
2.482 -0.964 7.017 10.000
2.700 -0.172 6.952 10.000
2.808 -0.265 7.829 10.000
2.753 -0.754 8.628 10.000
2.772 -1.441 9.097 10.000
2.695 -2.504 9.902 10.000
3.213 -2.798 9.679 10.000
4.460 -3.004 9.294 10.000
5.633 -3.011 9.239 10.000
6.282 -2.908 8.892 10.000
6.488 -2.710 8.437 10.000
6.327 -2.370 8.061 10.000
5.877 -2.317 7.917 10.000
5.951 -2.375 8.066 10.000
5.236 -2.418 8.350 10.000
3.950 -2.671 8.793 10.000
2.954 -2.638 9.004 10.000
2.693 -2.633 9.162 10.000
3.222 -2.643 9.184 10.000
3.940 -2.825 8.693 10.000
4.252 -3.066 8.350 10.000
3.828 -3.280 8.061 10.000
3.404 -3.593 7.934 10.000
2.997 -3.754 8.245 9.000
3.256 -3.940 8.216 11.000
3.751 -3.986 8.106 10.000
4.247 -3.931 7.833 10.000
4.934 -3.876 7.536 10.000
5.147 -4.201 7.457 10.000
5.123 -4.668 7.460 10.000
4.774 -5.470 7.366 10.000
4.232 -6.272 7.297 9.000
3.809 -6.732 7.046 11.000
3.313 -7.326 6.895 10.000
3.143 -7.584 6.840 10.000
2.516 -7.920 6.789 10.000
1.987 -8.130 6.895 10.000
1.225 -8.470 6.952 10.000
0.325 -9.071 6.878 10.000
-0.117 -9.595 6.799 9.000
-0.912 -10.333 6.622 11.000
-1.900 -10.898 6.373 10.000
-2.750 -11.202 6.256 10.000
-3.885 -11.492 6.212 11.000
-4.668 -11.568 6.268 9.000
-4.774 -11.647 6.406 10.000
-4.673 -11.868 6.639 10.000
-4.288 -12.102 6.797 10.000
-4.005 -12.629 6.936 10.000
-3.902 -13.062 7.010 10.000
-4.125 -13.395 6.986 10.000
-4.355 -13.529 6.928 10.000
-4.481 -13.371 6.890 10.000
-5.011 -13.189 6.892 10.000
-5.750 -13.048 6.868 10.000
-6.483 -13.105 6.878 10.000
-7.378 -13.359 6.775 10.000
-7.872 -13.637 6.631 10.000
-8.063 -13.474 6.567 10.000
-8.212 -13.242 6.524 13.000
-8.197 -12.813 6.593 11.000
-8.046 -12.310 6.459 6.000
-7.867 -12.167 6.277 10.000
-7.386 -11.860 5.858 12.000
-6.737 -11.563 5.422 12.000
-6.224 -11.341 5.190 6.000
-5.894 -11.156 4.963 10.000
-5.585 -11.183 4.745 14.000
-5.444 -11.200 4.544 6.000
-4.951 -11.674 4.129 10.000
-4.276 -12.109 3.711 10.000
-4.096 -12.952 3.811 20.000
-3.916 -13.795 3.912 10.000
-3.742 -14.101 4.668 12.000
-3.567 -14.408 5.425 8.000
-2.523 -14.772 6.071 10.000
-1.872 -15.071 6.696 10.000
-1.568 -15.449 6.878 12.000
-2.073 -15.832 6.945 10.000
-3.275 -15.773 6.809 8.000
-4.122 -16.208 6.461 10.000
-4.467 -16.701 6.081 10.000
-4.003 -17.190 5.815 10.000
-3.414 -16.838 5.106 10.000
-2.652 -15.983 4.316 10.000
-2.394 -15.071 3.560 10.000
-1.704 -13.903 2.585 10.000
-1.139 -13.575 2.054 10.000
-1.031 -13.637 1.323 20.000
-0.924 -13.699 0.593 10.000
-1.436 -13.867 0.093 10.000
-1.948 -14.034 -0.407 10.000
-2.066 -13.725 -0.244 10.000
-2.245 -13.196 0.217 10.000
-2.236 -12.818 0.667 10.000
-2.054 -12.516 1.084 14.000
-1.472 -12.332 1.424 6.000
-0.828 -12.368 1.465 10.000
0.371 -12.129 1.180 10.000
1.036 -11.805 1.017 12.000
1.230 -11.523 0.780 8.000
1.302 -11.173 0.754 10.000
0.818 -11.099 1.053 10.000
0.986 -11.312 0.804 10.000
1.154 -11.525 0.555 10.000
1.448 -11.994 0.663 10.000
2.683 -11.611 0.500 10.000
3.629 -10.948 0.797 10.000
5.533 -10.500 1.335 10.000
7.374 -10.204 1.934 10.000
8.274 -10.759 2.803 10.000
6.715 -11.805 4.627 20.000
3.074 -12.586 6.105 10.000
0.658 -11.796 6.548 10.000
-1.757 -11.006 6.991 10.000
-0.483 -9.361 6.478 10.000
1.915 -7.766 6.071 10.000
3.847 -7.268 4.513 10.000
5.102 -6.957 3.718 10.000
5.125 -7.010 2.923 10.000
4.762 -6.466 2.770 10.000
3.215 -5.734 4.364 10.000
2.346 -4.814 5.195 10.000
0.641 -4.994 5.154 10.000
-0.675 -5.770 4.472 10.000
-1.975 -6.943 3.320 10.000
-3.531 -7.879 2.339 10.000
-4.252 -7.716 2.229 11.000
-4.972 -7.601 2.504 19.000
-5.085 -7.568 3.129 10.000
-4.867 -7.869 2.916 10.000
-4.649 -8.171 2.703 10.000
-4.027 -8.825 1.254 10.000
-2.882 -9.888 -0.711 10.000
-1.812 -10.852 -2.008 10.000
-0.136 -12.184 -3.325 10.000
1.134 -13.115 -3.792 10.000
2.209 -12.990 -3.912 10.000
3.586 -11.992 -3.904 10.000
4.357 -10.627 -3.878 10.000
6.507 -9.825 -3.062 10.000
8.188 -9.514 -2.145 10.000
7.814 -10.419 0.143 10.000
6.059 -11.377 1.845 10.000
2.925 -11.772 2.758 10.000
2.693 -11.848 3.885 10.000
4.213 -11.583 3.514 10.000
8.856 -11.453 5.475 10.000
14.008 -10.266 6.330 10.000
16.259 -9.397 6.969 10.000
16.701 -8.650 5.822 10.000
14.446 -7.639 3.351 10.000
11.681 -7.687 1.987 10.000
9.828 -7.682 1.465 10.000
9.782 -7.556 2.729 10.000
11.365 -7.326 3.876 10.000
12.761 -6.995 5.458 10.000
13.244 -6.718 6.198 10.000
13.524 -6.011 7.254 10.000
13.134 -5.482 8.006 10.000
12.406 -4.936 7.402 10.000
10.536 -4.149 6.912 10.000
8.870 -3.790 6.105 12.000
6.536 -3.366 6.112 8.000
5.497 -3.234 7.433 10.000
5.600 -3.344 8.643 10.000
5.868 -3.028 9.416 10.000
6.804 -2.777 9.375 9.000
6.435 -1.845 8.829 11.000
5.686 -0.462 8.379 10.000
4.771 0.495 8.365 9.000
3.500 1.242 8.310 11.000
2.762 1.484 8.365 10.000
2.190 1.055 8.461 10.000
1.613 0.794 8.695 10.000
1.393 0.744 8.971 10.000
1.029 0.890 9.279 10.000
0.821 1.118 9.349 10.000
0.617 1.177 9.279 10.000
0.454 1.065 9.157 9.000
0.435 0.756 9.002 11.000
0.387 0.627 8.870 10.000
0.359 0.679 8.590 10.000
0.289 0.905 8.362 11.000
0.299 1.122 8.341 9.000
0.397 1.297 8.398 10.000
0.524 1.000 8.652 10.000
0.656 0.476 8.968 10.000
0.708 -0.040 9.078 10.000
0.634 -0.588 9.090 10.000
0.490 -0.782 9.009 10.000
0.342 -0.749 8.865 10.000
0.311 -0.584 8.652 10.000
0.407 -0.387 8.537 10.000
0.703 -0.222 8.446 10.000
1.110 -0.141 8.248 10.000
1.400 -0.191 8.118 10.000
1.745 -0.253 7.975 10.000
1.910 -0.349 7.852 10.000
1.968 -0.486 7.831 10.000
2.104 -0.802 7.891 10.000
2.185 -1.106 7.965 10.000
2.214 -1.448 8.152 10.000
2.130 -1.673 8.415 10.000
1.968 -1.719 8.597 10.000
1.893 -1.802 8.717 10.000
1.872 -1.848 8.724 10.000
2.138 -1.936 8.525 10.000
2.422 -2.207 8.200 10.000
2.619 -2.439 7.936 10.000
2.942 -2.863 7.469 10.000
3.088 -3.236 7.139 10.000
3.500 -3.567 6.682 10.000
4.065 -4.046 6.007 10.000
4.503 -4.333 5.535 10.000
4.955 -4.872 4.774 10.000
5.164 -5.647 4.328 10.000
5.219 -6.275 4.101 10.000
5.027 -7.278 4.230 10.000
4.821 -8.030 4.649 10.000
4.316 -8.822 5.200 10.000
3.670 -9.895 6.021 10.000
3.270 -10.591 6.485 10.000
2.592 -11.379 7.079 10.000
2.173 -11.750 7.479 10.000
1.692 -11.836 7.685 10.000
1.242 -12.006 7.955 10.000
1.070 -12.085 8.097 10.000
1.118 -12.476 8.204 10.000
1.369 -12.871 8.236 10.000
1.841 -13.555 8.049 10.000
1.850 -14.458 7.900 10.000
1.640 -15.049 7.785 10.000
0.323 -15.421 7.888 20.000
-1.244 -15.418 8.145 10.000
-2.985 -14.954 8.425 20.000
-4.673 -14.183 8.820 10.000
-5.260 -14.207 9.332 10.000
-5.846 -14.231 9.844 10.000
-5.858 -14.053 10.158 9.000
-5.923 -14.183 10.357 10.000
-5.216 -13.091 10.017 20.000
-4.510 -11.999 9.677 10.000
-3.215 -11.226 9.157 10.000
-1.663 -10.393 8.542 12.000
-0.878 -10.206 8.130 9.000
-0.110 -10.268 7.101 9.000
0.129 -10.457 6.387 10.000
-0.328 -11.599 5.880 12.000
-1.254 -12.806 5.669 12.000
-2.164 -13.764 6.076 6.000
-3.272 -14.453 6.998 10.000
-3.940 -14.250 7.809 11.000
-4.036 -14.168 8.410 13.000
-3.201 -13.661 7.886 6.000
-2.166 -13.421 6.847 11.000
-0.146 -13.072 5.451 9.000
1.802 -12.373 4.077 11.000
2.820 -12.100 3.828 10.000
3.775 -11.956 3.497 10.000
3.744 -11.923 3.524 10.000
3.308 -12.449 3.397 10.000
2.726 -13.048 2.992 14.000
2.207 -13.517 2.669 6.000
1.831 -13.790 2.300 10.000
1.829 -13.666 1.977 10.000
2.123 -13.220 1.881 10.000
2.267 -12.744 1.702 10.000
2.267 -12.464 1.568 10.000
2.018 -12.107 1.223 10.000
1.577 -12.088 0.845 10.000
1.288 -12.100 0.550 9.000
1.642 -11.386 -0.052 10.000
2.245 -10.749 -0.445 11.000
2.810 -10.302 -0.679 9.000
3.495 -9.670 -0.866 11.000
3.536 -9.763 -0.744 9.000
4.127 -10.081 -0.785 10.000
4.797 -10.122 -0.900 11.000
5.837 -10.347 -1.053 9.000
7.371 -10.299 -1.479 11.000
8.355 -10.026 -1.742 9.000
8.937 -9.926 -2.037 10.000
8.317 -9.909 -2.906 11.000
7.201 -10.165 -3.502 9.000
6.916 -9.991 -3.778 11.000
7.034 -9.643 -4.022 9.000
9.033 -8.846 -2.746 10.000
11.592 -8.135 -1.680 10.000
13.321 -7.855 -0.936 10.000
14.204 -8.003 0.514 12.000
13.919 -8.518 1.010 9.000
12.519 -9.639 2.418 10.000
10.366 -10.479 3.854 10.000
9.059 -10.891 4.584 10.000
7.654 -11.015 5.430 10.000
6.804 -10.448 5.573 10.000
6.811 -10.405 5.925 10.000
6.519 -10.534 6.430 10.000
6.325 -10.951 6.821 10.000
5.796 -11.362 7.194 10.000
4.848 -11.784 7.084 10.000
4.199 -12.033 6.821 10.000
3.193 -12.715 6.344 10.000
2.523 -13.402 5.884 10.000
1.695 -14.123 5.236 10.000
0.639 -14.597 3.804 10.000
-0.059 -14.638 2.585 10.000
-0.562 -13.788 1.110 10.000
-0.593 -12.650 0.071 10.000
-0.203 -11.037 -0.248 10.000
-0.122 -9.222 -0.572 10.000
-0.237 -8.298 -0.639 10.000
-0.299 -7.642 -0.280 10.000
-0.620 -8.063 0.258 10.000
-0.632 -8.686 0.799 10.000
-0.332 -9.708 1.101 10.000
-0.086 -10.462 0.976 10.000
1.122 -11.243 0.301 10.000
3.035 -12.042 -0.043 10.000
4.637 -12.442 -0.148 10.000
6.447 -12.674 0.172 10.000
7.359 -12.526 0.928 10.000
7.673 -12.397 1.429 10.000
8.003 -12.033 1.884 10.000
8.125 -11.836 1.912 10.000
8.202 -11.827 1.328 10.000
10.242 -12.224 0.938 10.000
12.265 -12.856 0.593 10.000
12.662 -13.304 0.102 10.000
13.105 -13.565 0.225 10.000
12.176 -11.925 0.433 10.000
12.885 -9.785 1.041 10.000
15.219 -7.829 1.795 10.000
17.020 -5.204 1.247 10.000
18.124 -4.036 0.344 10.000
15.875 -2.870 -0.620 10.000
13.541 -1.482 -0.395 10.000
11.741 -0.761 1.132 10.000
10.453 -0.263 2.375 10.000
10.754 -0.260 3.236 10.000
11.142 -0.481 2.908 10.000
10.893 -0.565 2.758 10.000
10.132 -0.426 2.892 10.000
8.920 -0.430 3.672 10.000
7.314 -0.272 4.910 10.000
6.344 -0.251 5.971 10.000
5.097 0.059 6.579 10.000
4.424 0.512 6.584 10.000
4.194 0.430 6.404 10.000
3.912 0.179 6.335 10.000
3.907 -0.361 6.718 14.000
3.763 -0.787 7.108 6.000
3.660 -0.835 7.177 10.000
3.610 -0.713 7.137 10.000
3.761 -0.586 7.283 10.000
4.050 -0.574 7.422 10.000
4.120 -0.761 7.627 10.000
3.945 -0.490 6.737 10.000
3.569 -0.225 5.659 10.000
3.069 -0.656 5.911 20.000
2.585 -1.218 5.990 10.000
2.822 -1.956 7.316 10.000
3.059 -2.693 8.643 10.000
4.103 -2.521 8.422 10.000
5.410 -2.274 8.413 10.000
6.241 -2.310 8.252 10.000
6.639 -2.284 8.085 10.000
6.354 -2.470 8.135 10.000
5.872 -2.384 8.180 10.000
5.408 -2.200 8.180 10.000
5.377 -2.078 8.188 10.000
4.726 -1.965 8.286 10.000
4.122 -1.877 8.331 10.000
3.732 -2.092 8.568 10.000
3.533 -2.286 8.693 10.000
3.907 -2.576 8.408 20.000
4.280 -2.865 8.123 10.000
4.486 -3.081 7.656 10.000
4.429 -3.466 7.350 10.000
4.419 -3.746 7.362 10.000
4.587 -3.964 7.520 10.000
4.558 -3.983 7.467 10.000
4.601 -3.854 7.366 10.000
4.635 -3.931 7.084 10.000
4.491 -4.070 6.655 10.000
4.501 -4.309 6.485 10.000
4.402 -4.580 6.445 10.000
4.314 -4.644 6.586 10.000
4.010 -4.704 6.763 10.000
3.687 -4.730 6.928 10.000
3.399 -5.039 6.892 10.000
3.251 -5.659 6.902 10.000
3.318 -6.284 6.876 10.000
3.383 -7.113 6.703 10.000
3.347 -7.867 6.476 10.000
3.172 -8.310 6.203 10.000
2.693 -8.992 5.868 10.000
2.217 -9.471 5.679 10.000
1.599 -9.859 5.640 10.000
0.914 -10.455 5.494 10.000
0.533 -10.812 5.410 10.000
0.067 -11.523 5.351 10.000
-0.086 -12.085 5.267 10.000
-0.521 -12.773 5.389 10.000
-0.940 -13.611 5.504 10.000
-1.273 -14.094 5.595 10.000
-1.517 -14.726 5.578 10.000
-1.307 -15.148 5.544 10.000
-1.113 -15.418 5.518 10.000
-1.019 -15.397 5.542 10.000
-1.015 -15.227 5.674 10.000
-1.446 -14.724 5.710 10.000
-2.039 -14.051 5.755 10.000
-2.533 -13.670 5.750 10.000
-3.057 -13.570 5.793 10.000
-3.251 -13.680 5.851 10.000
-3.220 -14.034 5.971 10.000
-3.162 -14.168 6.050 10.000
-3.074 -14.022 6.081 10.000
-3.028 -13.931 6.007 10.000
-3.375 -14.097 6.141 10.000
-3.749 -14.482 6.315 10.000
-4.192 -14.793 6.732 10.000
-4.592 -15.049 7.254 14.000
-4.934 -14.791 7.304 6.000
-5.506 -14.719 7.302 10.000
-6.009 -14.721 7.058 10.000
-6.687 -14.805 6.567 10.000
-7.091 -15.073 6.268 10.000
-7.141 -15.148 6.059 13.000
-7.690 -15.002 5.750 7.000
-8.063 -14.774 5.688 10.000
-7.568 -14.283 5.473 14.000
-6.864 -13.730 5.130 6.000
-5.662 -13.397 4.888 10.000
-4.326 -12.935 3.782 10.000
-3.859 -12.737 2.829 10.000
-3.325 -12.667 1.623 15.000
-2.094 -12.272 0.347 5.000
-0.998 -12.006 -0.064 10.000
0.270 -11.662 -0.272 10.000
1.139 -11.257 -0.138 10.000
0.988 -11.671 0.282 10.000
0.600 -12.023 0.284 10.000
0.040 -12.454 0.083 10.000
-0.718 -13.433 -0.059 10.000
-1.154 -13.919 -0.421 10.000
-1.529 -14.381 -0.270 10.000
-1.915 -14.487 -0.260 10.000
-2.102 -14.044 -0.308 12.000
-2.322 -13.843 -0.050 8.000
-2.214 -13.625 -0.023 10.000
-2.097 -13.764 0.143 13.000
-1.917 -13.682 0.253 7.000
-1.704 -13.359 0.057 10.000
-1.611 -13.201 0.095 10.000
-1.563 -13.218 0.208 10.000
-1.577 -13.455 0.378 10.000
-0.938 -12.921 0.715 10.000
-0.330 -12.325 0.957 10.000
0.790 -11.288 1.048 10.000
1.527 -10.409 1.072 10.000
1.611 -10.302 0.928 10.000
1.592 -10.493 0.488 10.000
1.450 -11.082 -0.179 10.000
1.692 -11.513 -0.780 10.000
2.068 -11.750 -1.592 10.000
2.547 -11.688 -2.106 10.000
3.816 -11.111 -1.999 10.000
5.549 -10.496 -1.601 10.000
7.149 -10.074 -0.993 10.000
8.789 -9.945 -0.150 10.000
9.294 -10.199 0.373 10.000
8.604 -10.180 0.727 10.000
6.440 -10.376 1.388 10.000
4.235 -10.280 1.814 10.000
0.840 -10.383 3.160 10.000
-0.519 -10.953 4.311 10.000
-0.404 -11.307 5.157 10.000
0.035 -12.095 5.734 10.000
1.666 -12.684 5.391 10.000
1.975 -12.469 5.437 10.000
2.102 -11.420 5.358 10.000
1.903 -9.938 5.547 10.000
0.790 -8.410 6.074 10.000
-0.306 -7.532 6.287 10.000
-1.381 -7.654 6.380 10.000
-2.346 -7.694 6.098 10.000
-2.396 -7.781 5.477 10.000
-2.564 -7.922 4.072 10.000
-2.298 -7.922 2.279 10.000
-2.142 -8.003 0.861 10.000
-1.668 -7.733 -0.988 10.000
-1.077 -7.407 -2.054 10.000
-0.816 -6.631 -1.991 10.000
-1.527 -5.858 0.067 10.000
-2.557 -5.437 2.559 10.000
-5.238 -6.691 2.669 10.000
-7.862 -8.370 2.284 10.000
-7.577 -11.257 -1.393 10.000
-5.456 -13.917 -5.322 10.000
-1.683 -14.901 -6.868 10.000
3.632 -16.242 -7.912 10.000
6.438 -16.776 -7.642 10.000
7.407 -17.537 -7.120 10.000
8.061 -15.974 -5.367 10.000
7.173 -14.053 -4.118 10.000
6.708 -9.100 -2.353 10.000
5.418 -4.903 -0.208 10.000
4.443 -3.031 0.706 10.000
3.873 -2.693 1.889 10.000
3.452 -4.984 2.537 10.000
4.896 -7.723 3.418 10.000
6.078 -9.323 4.055 9.000
6.856 -9.387 4.424 11.000
7.759 -9.662 4.548 10.000
7.745 -8.571 4.539 10.000
7.991 -8.619 4.774 10.000
11.042 -7.960 5.925 10.000
13.967 -7.091 7.321 10.000
15.188 -7.520 7.036 10.000
14.987 -7.594 7.501 10.000
11.982 -8.374 7.048 10.000
9.495 -8.676 7.441 10.000
8.590 -7.843 9.035 9.000
8.731 -7.304 9.093 11.000
8.511 -6.550 9.689 10.000
7.773 -6.275 9.440 10.000
6.847 -5.432 9.509 10.000
6.296 -4.649 10.366 10.000
5.717 -3.663 10.405 10.000
4.853 -1.731 10.010 10.000
4.177 -0.366 9.296 11.000
3.809 -0.193 9.114 9.000
3.679 -0.624 8.767 10.000
3.835 -2.001 8.853 10.000
3.823 -2.693 8.473 10.000
3.505 -2.193 7.560 10.000
2.973 -1.345 7.192 10.000
2.305 -0.531 6.916 10.000
1.805 -0.402 7.108 10.000
1.467 -0.488 7.515 10.000
1.493 -0.737 7.824 10.000
1.503 -1.096 8.176 10.000
1.405 -1.379 8.695 10.000
1.144 -1.446 8.999 10.000
0.945 -1.345 9.344 10.000
1.074 -1.187 9.557 10.000
1.312 -1.106 9.603 10.000
1.704 -1.130 9.457 10.000
2.035 -1.321 9.270 10.000
2.470 -1.410 8.808 10.000
2.861 -1.484 8.293 10.000
3.095 -1.453 7.970 10.000
3.165 -1.381 7.577 10.000
2.954 -1.326 7.455 10.000
2.755 -1.268 7.369 10.000
2.418 -1.122 7.244 10.000
2.245 -1.017 7.189 10.000
2.073 -1.029 7.208 10.000
1.893 -1.292 7.287 10.000
1.853 -1.644 7.405 10.000
1.757 -2.173 7.352 10.000
1.661 -2.585 7.225 10.000
1.635 -2.844 7.072 10.000
1.623 -3.265 6.983 10.000
1.666 -3.509 7.065 10.000
1.640 -3.926 7.187 10.000
1.584 -4.261 7.292 10.000
1.659 -4.587 7.108 10.000
2.042 -5.104 6.856 10.000
2.494 -5.449 6.564 10.000
3.052 -6.050 6.186 10.000
3.394 -6.576 5.832 10.000
3.428 -6.912 5.544 10.000
2.906 -7.275 5.293 10.000
2.279 -7.383 5.128 10.000
1.374 -7.651 5.183 10.000
0.189 -8.456 5.267 10.000
-0.440 -9.232 5.315 10.000
-1.493 -10.828 5.312 10.000
-2.197 -12.186 5.291 10.000
-2.937 -13.311 5.468 10.000
-3.713 -14.197 5.726 10.000
-4.065 -14.262 6.035 10.000
-4.955 -14.322 6.459 10.000
-6.284 -14.171 6.979 10.000
-7.577 -14.259 7.417 10.000
-9.066 -14.623 8.195 12.000
-10.017 -14.992 8.858 10.000
-9.737 -15.433 9.358 8.000
-9.646 -15.919 10.223 10.000
-9.358 -16.129 10.747 10.000
-8.848 -15.626 11.324 12.000
-8.815 -14.958 11.741 8.000
-7.845 -13.029 10.781 10.000
-7.000 -10.747 9.361 10.000
-6.378 -9.179 7.888 10.000
-6.090 -8.537 6.351 20.000
-6.550 -9.112 5.827 10.000
-6.785 -9.665 5.940 10.000
-7.019 -10.218 6.052 10.000
-6.933 -10.182 6.311 10.000
-7.029 -10.393 6.538 20.000
-7.165 -11.195 6.732 10.000
-7.302 -11.997 6.926 10.000
-7.089 -12.200 6.967 10.000
-6.732 -12.093 6.797 10.000
-6.435 -11.767 6.483 10.000
-6.277 -11.628 6.380 10.000
-6.454 -11.750 6.349 10.000
-6.581 -12.052 6.964 10.000
-6.208 -12.581 6.502 23.000
-5.695 -12.923 5.829 7.000
-4.831 -13.275 4.936 10.000
-3.979 -13.512 3.639 10.000
-3.569 -13.795 3.660 14.000
-3.160 -14.077 3.682 6.000
-3.244 -13.891 3.725 10.000
-3.347 -13.637 3.603 10.000
-3.507 -13.110 3.239 10.000
-3.739 -13.347 2.882 10.000
-3.830 -14.044 2.724 10.000
-4.053 -14.923 2.796 12.000
-4.029 -15.109 2.841 8.000
-3.933 -14.532 2.880 10.000
-3.069 -14.077 2.743 10.000
-1.898 -13.742 2.825 10.000
-0.974 -14.099 2.932 10.000
0.021 -14.149 2.794 10.000
0.248 -14.077 2.829 10.000
0.476 -13.812 2.509 10.000
0.895 -13.623 2.475 10.000
1.242 -13.740 2.688 10.000
1.513 -13.541 2.875 10.000
1.628 -13.302 3.136 10.000
1.551 -12.478 2.928 10.000
1.771 -11.250 2.425 10.000
2.068 -10.338 1.948 10.000
2.169 -9.433 0.849 10.000
2.719 -9.102 -0.550 10.000
2.973 -9.176 -1.656 10.000
4.788 -8.927 -2.434 10.000
6.799 -8.671 -2.590 10.000
9.260 -7.821 -1.683 14.000
11.609 -7.098 -1.446 6.000
12.397 -6.698 -1.537 10.000
12.378 -7.192 -0.785 10.000
11.458 -8.212 -0.612 10.000
9.842 -9.777 1.319 10.000
7.680 -10.675 3.615 10.000
6.325 -10.680 5.068 10.000
4.484 -10.570 7.323 10.000
3.119 -10.077 8.257 11.000
2.300 -10.251 8.827 8.000
1.000 -10.493 9.378 10.000
0.186 -10.850 9.126 10.000
-0.778 -10.812 8.741 11.000
-1.968 -10.429 8.106 9.000
-2.676 -9.979 7.491 11.000
-3.347 -9.176 6.536 9.000
-3.533 -8.480 5.947 10.000
-3.141 -7.582 5.209 10.000
-2.521 -6.457 4.264 10.000
-1.939 -5.683 3.658 11.000
-1.517 -4.879 3.011 9.000
-1.450 -4.620 2.762 10.000
-1.635 -4.627 2.573 10.000
-1.434 -4.728 2.533 10.000
-1.072 -4.860 2.533 11.000
-0.620 -5.281 2.806 9.000
-0.079 -6.136 3.406 10.000
0.076 -6.897 3.859 10.000
0.687 -7.989 3.881 10.000
1.206 -8.791 3.629 12.000
2.051 -9.655 2.858 9.000
3.332 -11.185 2.552 10.000
4.158 -12.385 2.676 10.000
5.099 -13.544 3.794 10.000
5.650 -14.168 5.252 10.000
6.924 -14.408 5.810 10.000
9.916 -15.332 9.392 10.000
12.794 -16.297 11.980 10.000
12.291 -17.245 13.371 10.000
9.406 -17.482 14.049 10.000
4.802 -17.034 11.702 10.000
2.801 -14.717 8.722 10.000
4.180 -12.416 6.938 10.000
6.461 -8.978 5.291 10.000
8.777 -5.078 4.201 10.000
8.489 -3.047 3.746 10.000
8.367 -1.994 3.663 10.000
8.566 -2.509 4.592 10.000
8.942 -3.660 5.190 10.000
9.406 -4.486 5.516 10.000
9.706 -4.335 5.470 10.000
9.919 -4.158 5.590 10.000
9.533 -3.849 5.793 10.000
9.059 -3.866 6.270 10.000
8.492 -3.813 6.610 10.000
8.010 -3.787 6.785 10.000
7.783 -3.761 6.967 10.000
7.302 -3.423 7.038 10.000
6.914 -3.155 7.247 10.000
5.770 -2.990 7.431 10.000
4.759 -2.782 7.297 10.000
4.084 -3.052 7.570 10.000
3.023 -2.643 6.665 10.000
2.719 -2.130 5.784 10.000
2.063 -1.750 5.712 10.000
1.697 -1.024 5.961 10.000
1.716 -0.979 7.388 10.000
1.843 -0.782 8.511 10.000
2.322 -0.454 8.825 10.000
2.293 -0.651 8.444 10.000
2.092 -1.053 8.255 10.000
1.783 -1.606 8.370 10.000
1.989 -1.886 8.137 10.000
2.331 -1.819 7.982 10.000
3.014 -1.441 7.424 10.000
3.519 -1.419 6.890 10.000
3.509 -1.671 6.703 10.000
3.543 -2.106 6.610 10.000
3.610 -2.528 6.873 10.000
3.854 -2.592 7.113 10.000
4.278 -2.755 7.529 10.000
4.659 -2.734 7.852 10.000
4.774 -2.863 7.845 10.000
4.735 -3.239 7.805 10.000
4.517 -3.517 7.587 10.000
4.546 -3.699 7.340 10.000
4.639 -3.849 7.278 10.000
4.786 -3.495 7.275 10.000
4.718 -3.342 7.489 10.000
4.405 -3.284 7.730 10.000
4.007 -3.450 7.953 10.000
3.957 -3.950 8.054 10.000
4.120 -4.249 7.939 10.000
4.283 -4.625 8.039 10.000
4.529 -4.778 8.159 10.000
4.443 -5.032 8.233 10.000
4.508 -5.317 8.212 10.000
4.572 -5.525 7.975 10.000
4.572 -5.681 7.560 10.000
4.659 -5.659 7.287 10.000
4.467 -5.657 7.113 10.000
4.086 -5.530 7.026 10.000
3.770 -5.456 7.117 10.000
3.150 -5.233 7.161 10.000
2.324 -5.511 7.362 10.000
1.687 -5.913 7.474 10.000
0.835 -6.775 7.678 10.000
0.287 -7.785 7.929 10.000
-0.107 -8.372 7.922 10.000
-0.696 -9.153 7.809 10.000
-1.070 -9.473 7.606 10.000
-1.417 -9.880 7.292 10.000
-1.584 -10.160 7.077 10.000
-1.417 -10.182 6.818 10.000
-1.228 -10.199 6.394 10.000
-1.065 -10.129 6.081 10.000
-1.151 -10.225 5.688 10.000
-1.379 -10.386 5.444 10.000
-1.953 -10.783 5.475 10.000
-2.633 -11.195 5.461 10.000
-3.064 -11.441 5.525 10.000
-4.086 -11.872 5.556 10.000
-5.360 -12.710 5.614 10.000
-6.528 -13.534 5.717 10.000
-7.814 -14.674 5.987 10.000
-8.508 -15.629 6.291 10.000
-8.370 -15.397 6.584 10.000
-7.955 -14.743 6.821 10.000
-7.424 -13.773 6.890 10.000
-6.885 -12.866 6.777 10.000
-6.603 -12.507 6.540 10.000
-6.212 -12.533 6.253 10.000
-5.872 -12.540 5.650 10.000
-5.540 -12.485 5.228 14.000
-5.566 -12.983 4.742 6.000
-6.457 -13.608 4.572 10.000
-7.297 -14.252 4.718 12.000
-7.867 -14.477 4.876 8.000
-8.078 -14.149 5.099 10.000
-6.986 -13.474 4.802 20.000
-5.894 -12.799 4.505 10.000
-5.008 -12.797 4.170 11.000
-4.122 -12.794 3.835 9.000
-4.053 -13.584 3.888 10.000
-3.438 -14.233 4.129 11.000
-2.887 -14.628 4.398 9.000
-1.719 -14.803 4.745 14.000
-0.483 -14.329 5.331 6.000
0.205 -13.996 5.729 10.000
0.682 -13.790 6.054 12.000
0.541 -13.804 6.301 11.000
-0.098 -14.360 5.710 7.000
-1.410 -15.023 5.006 10.000
-2.509 -15.559 4.374 12.000
-4.036 -15.756 3.526 8.000
-5.137 -15.524 3.198 10.000
-5.348 -15.059 2.724 10.000
-5.324 -14.595 2.011 11.000
-4.872 -14.470 1.513 13.000
-4.307 -14.283 0.610 6.000
-4.062 -14.065 0.107 10.000
-4.053 -13.848 -0.155 10.000
-3.914 -13.632 -0.507 10.000
-3.888 -13.479 -0.454 10.000
-3.646 -13.057 -0.466 10.000
-3.251 -12.919 -0.517 12.000
-2.985 -12.777 -0.478 8.000
-2.521 -12.741 -0.227 10.000
-1.908 -12.157 -0.294 14.000
-1.448 -11.291 -0.323 6.000
-0.682 -10.563 -0.471 10.000
-0.114 -9.730 -0.833 10.000
0.148 -10.405 -0.952 12.000
0.567 -10.797 -1.118 8.000
0.679 -11.051 -1.163 10.000
1.266 -11.286 -1.082 10.000
1.896 -10.984 -1.000 11.000
2.600 -11.171 -0.859 9.000
3.512 -11.611 -0.962 10.000
3.950 -12.071 -1.192 10.000
3.653 -12.959 -2.185 10.000
3.126 -13.642 -3.193 10.000
3.936 -13.304 -3.373 10.000
5.576 -12.763 -3.069 10.000
7.951 -11.793 -2.001 10.000
10.098 -11.070 0.428 10.000
10.077 -10.833 2.398 13.000
9.224 -10.800 3.885 10.000
7.345 -11.259 6.064 7.000
5.693 -11.473 6.880 10.000
4.821 -11.858 7.589 10.000
4.565 -11.484 8.750 10.000
5.336 -10.618 9.220 10.000
5.554 -9.291 9.804 10.000
5.616 -8.073 10.371 10.000
4.441 -8.197 10.757 10.000
2.420 -8.724 10.697 10.000
0.952 -9.710 10.522 10.000
-1.058 -10.687 9.404 10.000
-2.446 -11.080 8.015 10.000
-3.071 -10.793 6.117 10.000
-3.620 -10.342 3.478 10.000
-3.624 -9.902 1.783 10.000
-3.885 -9.418 -0.146 10.000
-4.493 -9.064 -0.943 10.000
-5.178 -8.872 -1.000 10.000
-6.062 -9.030 -0.926 10.000
-6.689 -9.232 -0.617 10.000
-6.481 -9.959 -0.153 10.000
-5.767 -10.328 0.483 10.000
-4.855 -10.347 0.988 10.000
-2.817 -12.124 -1.180 10.000
-1.187 -13.522 -3.682 10.000
0.126 -16.244 -7.548 10.000
-0.268 -17.930 -12.694 10.000
-1.788 -17.858 -15.164 10.000
0.459 -13.778 -16.247 10.000
4.939 -9.236 -13.295 10.000
11.128 -5.731 -9.064 10.000
16.148 -5.121 -5.001 10.000
17.401 -8.518 -2.327 10.000
14.176 -11.865 -2.619 10.000
9.864 -13.587 -2.554 10.000
6.720 -12.413 -2.322 10.000
3.701 -10.307 -1.680 10.000
2.738 -7.747 -0.914 10.000
3.799 -6.555 -0.232 10.000
5.456 -5.068 0.430 10.000
6.988 -4.515 0.684 10.000
8.707 -3.900 0.620 10.000
10.067 -3.732 1.063 10.000
10.831 -3.859 1.525 10.000
12.806 -3.699 3.026 10.000
14.595 -3.600 4.845 10.000
15.837 -3.543 4.584 10.000
15.334 -3.509 4.527 10.000
13.620 -3.763 3.430 10.000
10.984 -4.029 3.809 10.000
8.317 -4.065 5.487 10.000
7.146 -3.890 6.430 10.000
5.999 -4.101 8.025 10.000
5.774 -4.299 8.145 10.000
5.650 -3.943 8.446 10.000
6.086 -3.418 9.078 10.000
6.497 -2.509 9.059 10.000
6.634 -1.278 8.391 10.000
6.670 -0.603 7.541 10.000
5.896 -0.011 6.888 10.000
5.707 0.136 6.971 10.000
5.793 -0.035 7.704 10.000
5.439 -0.040 8.238 10.000
5.583 -0.316 8.777 10.000
4.829 0.011 8.391 10.000
3.648 0.131 8.058 10.000
2.908 0.083 7.924 10.000
2.020 0.081 7.876 10.000
1.446 -0.081 8.015 10.000
1.537 0.035 8.128 10.000
1.996 0.110 8.039 10.000
2.604 0.138 7.864 10.000
3.397 0.019 7.776 10.000
3.811 -0.193 7.841 10.000
3.857 -0.363 8.106 10.000
3.430 -0.416 8.365 10.000
2.820 -0.320 8.537 10.000
1.900 -0.349 8.576 10.000
0.794 -0.404 8.559 10.000
0.160 -0.577 8.549 10.000
-0.342 -0.699 8.556 10.000
-0.397 -0.675 8.518 10.000
-0.059 -0.600 8.604 10.000
0.519 -0.512 8.547 10.000
0.967 -0.474 8.473 10.000
1.517 -0.526 8.403 10.000
1.762 -0.682 8.264 10.000
1.764 -0.852 8.269 10.000
1.757 -0.995 8.259 10.000
1.647 -1.048 8.245 10.000
1.661 -1.089 8.379 10.000
1.683 -1.192 8.566 10.000
1.714 -1.321 8.767 10.000
1.599 -1.707 8.860 10.000
1.460 -2.025 8.805 10.000
1.297 -2.600 8.525 10.000
1.271 -3.323 8.192 10.000
1.391 -3.790 7.967 10.000
1.817 -4.232 7.580 10.000
2.319 -4.481 7.256 10.000
2.686 -4.582 6.986 10.000
3.059 -5.044 6.679 10.000
3.126 -5.530 6.536 10.000
2.820 -6.335 6.665 10.000
1.829 -7.524 6.868 10.000
0.830 -8.353 7.108 10.000
-0.387 -9.109 7.450 10.000
-1.292 -9.423 7.627 10.000
-1.199 -9.172 7.795 10.000
-0.962 -8.951 7.941 10.000
-0.505 -8.803 7.984 10.000
-0.210 -8.734 8.075 10.000
-0.553 -9.090 8.245 10.000
-1.039 -9.416 8.437 10.000
-1.541 -9.888 8.669 10.000
-1.881 -10.280 8.853 10.000
-2.018 -10.687 8.925 10.000
-2.631 -11.001 9.227 10.000
-3.227 -11.168 9.488 10.000
-4.328 -11.398 10.060 10.000
-5.310 -11.367 10.601 10.000
-5.688 -11.382 11.094 10.000
-5.523 -10.946 11.374 10.000
-4.853 -10.448 11.343 10.000
-4.062 -9.981 11.054 10.000
-3.701 -9.629 10.496 10.000
-3.883 -9.727 10.151 10.000
-3.983 -9.782 9.595 10.000
-4.204 -9.806 9.299 10.000
-4.288 -10.053 9.083 10.000
-4.692 -10.354 8.930 16.000
-5.178 -10.699 8.987 4.000
-5.487 -10.965 8.856 10.000
-5.631 -10.941 8.729 10.000
-5.080 -10.896 8.305 20.000
-4.529 -10.850 7.881 10.000
-3.983 -11.276 7.565 10.000
-3.007 -12.042 6.955 10.000
-2.403 -12.775 6.579 13.000
-1.577 -13.098 6.430 7.000
-0.924 -13.029 6.363 10.000
-0.186 -11.889 6.749 10.000
0.859 -11.712 7.244 12.000
1.683 -11.944 7.513 12.000
2.252 -12.679 7.795 6.000
2.308 -14.144 7.920 10.000
1.752 -14.441 7.927 12.000
1.491 -15.011 7.433 8.000
1.484 -15.078 6.926 10.000
1.098 -15.136 6.447 10.000
0.636 -15.313 5.829 11.000
-0.119 -15.217 5.712 11.000
-0.837 -14.733 5.181 12.000
-1.177 -14.259 4.620 6.000
-1.027 -14.379 4.398 10.000
-0.830 -13.831 3.866 11.000
-0.672 -13.670 3.749 12.000
0.062 -13.263 2.940 7.000
0.684 -12.349 1.939 10.000
1.005 -12.619 1.352 10.000
1.029 -12.902 0.873 10.000
0.476 -13.431 1.086 10.000
-0.177 -13.464 1.252 10.000
-0.574 -12.981 1.312 10.000
-0.466 -12.241 0.914 11.000
-0.253 -11.690 0.426 9.000
0.059 -11.635 -0.014 10.000
0.663 -11.173 -0.486 10.000
1.364 -10.457 -0.543 10.000
1.960 -9.552 -0.509 12.000
2.348 -8.877 0.158 8.000
2.446 -8.609 0.857 10.000
3.040 -8.722 1.010 10.000
4.647 -8.793 0.720 10.000
6.461 -8.635 -0.203 10.000
8.925 -8.906 -0.878 9.000
10.587 -9.294 -1.072 10.000
10.536 -10.259 -0.713 10.000
9.636 -11.449 -0.304 10.000
8.087 -12.210 -0.143 11.000
7.304 -12.504 -0.433 9.000
8.827 -11.657 0.019 10.000
11.200 -10.584 0.421 10.000
13.563 -9.986 1.807 10.000
15.160 -9.854 3.643 11.000
14.307 -10.297 4.695 9.000
12.418 -11.820 5.681 10.000
10.539 -12.868 5.683 10.000
7.754 -14.580 4.618 10.000
5.813 -16.323 3.485 11.000
4.699 -17.087 2.983 10.000
2.458 -17.195 3.356 9.000
1.122 -16.639 4.797 10.000
-0.823 -15.327 6.493 10.000
-2.961 -13.620 7.271 11.000
-3.971 -12.569 7.173 10.000
-5.097 -11.446 6.253 14.000
-5.612 -11.080 5.080 6.000
-5.626 -10.733 3.244 10.000
-5.470 -9.866 0.940 11.000
-5.200 -9.071 -0.541 10.000
-4.307 -7.618 -1.841 9.000
-3.514 -6.440 -2.126 10.000
-2.743 -5.403 -1.477 10.000
-1.711 -4.455 -0.885 10.000
-1.302 -4.165 -0.476 10.000
-0.641 -4.417 1.412 10.000
-1.108 -5.872 3.086 10.000
-1.836 -7.240 4.817 10.000
-2.027 -9.052 5.997 10.000
-2.470 -10.323 5.698 10.000
-1.065 -11.044 4.826 10.000
0.849 -12.270 4.323 10.000
2.229 -13.050 4.371 10.000
3.813 -13.725 4.716 10.000
4.529 -14.125 5.382 10.000
4.692 -13.041 5.149 10.000
4.659 -11.528 5.068 10.000
4.419 -10.120 4.690 10.000
4.508 -9.864 3.976 10.000
4.639 -10.587 3.792 10.000
6.684 -13.333 6.066 10.000
10.058 -15.229 8.090 10.000
13.103 -15.974 10.448 10.000
14.116 -15.571 12.401 10.000
13.706 -12.792 8.645 10.000
11.968 -10.862 5.140 10.000
10.196 -8.547 0.948 10.000
10.457 -7.378 -2.839 10.000
10.692 -5.916 -1.766 10.000
9.974 -4.185 0.050 10.000
9.289 -2.839 2.554 10.000
8.243 -1.671 5.602 10.000
6.928 -1.580 6.890 10.000
6.349 -1.508 7.041 10.000
5.674 -1.173 7.742 10.000
5.360 -0.660 7.900 10.000
4.903 -0.129 7.896 10.000
4.534 -0.088 8.372 10.000
4.261 -0.311 8.298 10.000
4.074 -0.699 8.269 10.000
4.031 -1.106 8.403 10.000
4.096 -1.510 8.188 10.000
4.278 -2.047 8.003 10.000
4.374 -2.418 7.773 10.000
4.434 -2.655 7.524 10.000
4.515 -2.652 7.536 10.000
4.438 -2.406 7.596 10.000
4.323 -2.149 7.589 10.000
4.244 -2.027 7.601 10.000
4.163 -1.865 7.740 10.000
3.684 -1.283 6.754 10.000
3.244 -0.711 5.834 10.000
2.375 -0.885 5.638 10.000
1.508 -1.101 5.315 10.000
1.359 -2.207 6.732 10.000
1.321 -3.172 8.010 10.000
1.711 -3.390 8.566 10.000
2.475 -3.433 9.236 10.000
2.959 -3.117 9.212 10.000
3.543 -2.674 9.047 10.000
4.381 -2.248 9.112 10.000
4.845 -1.996 9.062 10.000
5.035 -1.941 8.683 10.000
4.745 -2.130 8.769 10.000
4.201 -2.303 8.626 10.000
3.303 -2.825 8.348 10.000
2.681 -3.150 8.398 10.000
2.415 -3.763 8.343 10.000
2.274 -4.393 7.996 10.000
2.487 -4.673 7.783 10.000
2.806 -5.121 7.472 10.000
3.035 -5.305 7.082 10.000
3.253 -5.702 7.074 10.000
3.174 -6.208 7.199 10.000
2.990 -6.545 7.422 10.000
2.339 -6.995 7.603 10.000
1.237 -7.242 7.783 10.000
0.433 -7.381 7.831 10.000
-0.974 -7.771 7.996 10.000
-1.915 -8.049 8.202 10.000
-2.975 -8.429 8.271 10.000
-3.919 -8.743 8.173 10.000
-4.259 -8.805 7.958 10.000
-4.266 -8.808 7.709 10.000
-3.816 -8.681 7.508 10.000
-3.337 -8.449 7.517 10.000
-2.806 -7.955 7.599 10.000
-2.607 -7.522 7.714 10.000
-2.331 -7.055 7.821 10.000
-2.341 -6.914 7.886 10.000
-2.403 -7.034 7.879 10.000
-2.865 -7.299 7.757 10.000
-3.404 -7.599 7.642 10.000
-4.192 -7.977 7.414 10.000
-5.295 -8.520 7.120 10.000
-5.999 -8.918 6.940 10.000
-7.161 -9.555 6.718 14.000
-7.934 -9.959 6.607 6.000
-8.669 -10.345 6.610 10.000
-9.672 -10.666 6.670 10.000
-10.218 -10.747 6.773 10.000
-10.896 -10.718 6.993 10.000
-11.295 -10.544 7.168 10.000
-11.310 -10.623 7.489 10.000
-10.790 -10.845 7.955 12.000
-10.139 -11.178 8.305 8.000
-8.872 -11.628 8.564 10.000
-7.833 -11.786 8.604 10.000
-7.328 -11.801 8.499 11.000
-6.265 -12.006 8.025 9.000
-5.817 -12.095 7.642 10.000
-4.812 -12.440 7.307 10.000
-3.426 -13.077 7.077 10.000
-2.597 -13.522 7.216 10.000
-2.116 -14.130 7.852 10.000
-2.082 -14.585 8.456 10.000
-2.626 -14.949 8.930 10.000
-3.141 -15.222 9.107 11.000
-3.308 -15.332 8.786 9.000
-3.593 -15.703 8.360 11.000
-3.244 -15.715 7.812 9.000
-2.923 -15.818 7.560 9.000
-2.640 -15.744 7.003 10.000
-2.240 -15.409 6.550 11.000
-2.564 -14.915 6.078 9.000
-2.923 -14.286 5.430 10.000
-3.244 -13.833 5.087 10.000
-3.268 -12.955 4.690 10.000
-3.007 -12.392 4.458 11.000
-2.681 -12.358 4.266 9.000
-2.561 -11.920 3.801 10.000
-2.738 -11.908 3.392 10.000
-3.117 -12.038 2.942 10.000
-3.677 -11.937 2.643 11.000
-4.031 -12.241 2.616 9.000
-4.438 -12.385 2.248 10.000
-4.644 -12.387 1.920 11.000
-4.505 -12.409 1.546 9.000
-3.873 -12.394 1.300 11.000
-3.189 -12.540 1.395 9.000
-2.422 -12.409 1.848 11.000
-1.848 -12.095 2.331 10.000
-1.319 -11.772 2.296 10.000
-0.610 -11.410 1.924 10.000
0.016 -11.326 1.197 10.000
0.828 -11.334 0.220 10.000
1.623 -11.219 -0.414 10.000
2.238 -11.142 -0.713 10.000
2.794 -10.912 -1.005 10.000
3.165 -10.591 -1.048 10.000
3.071 -10.575 -0.785 10.000
3.021 -10.556 -0.565 10.000
3.031 -10.690 -0.351 10.000
3.203 -10.560 -0.004 10.000
3.409 -10.295 0.086 10.000
3.907 -9.631 0.237 10.000
3.593 -9.129 -0.330 10.000
3.117 -8.889 -1.031 10.000
2.772 -8.925 -2.705 10.000
2.695 -9.016 -3.778 10.000
3.430 -8.947 -4.132 10.000
4.323 -8.336 -3.847 10.000
5.085 -7.450 -2.590 10.000
4.714 -7.247 -1.072 10.000
3.835 -7.718 1.125 10.000
2.798 -8.731 2.683 10.000
1.790 -9.854 3.143 10.000
1.312 -10.639 2.724 10.000
2.343 -10.994 1.946 10.000
3.933 -10.910 1.738 10.000
5.494 -10.716 2.628 10.000
7.005 -10.431 3.837 10.000
7.513 -9.902 4.726 10.000
6.469 -10.488 6.076 10.000
4.331 -11.123 7.565 10.000
2.243 -11.848 8.736 9.000
-0.153 -12.179 9.591 11.000
-1.295 -11.152 8.738 9.000
-1.343 -10.077 7.747 11.000
-1.199 -8.568 5.688 9.000
-0.746 -7.455 3.945 10.000
-0.359 -6.574 1.972 10.000
0.272 -4.946 0.052 10.000
0.713 -3.751 -0.799 11.000
1.161 -2.145 -1.125 9.000
1.412 -0.986 -0.545 10.000
0.938 -0.962 0.131 10.000
-0.110 -1.642 0.993 10.000
-1.165 -2.734 1.328 10.000
-2.336 -4.395 1.948 10.000
-2.973 -6.701 2.932 10.000
-3.035 -8.303 3.732 10.000
-2.628 -11.410 4.599 10.000
-2.106 -13.948 5.181 11.000
-0.399 -16.136 5.027 9.000
2.324 -17.080 4.496 11.000
4.580 -16.517 3.897 10.000
7.048 -14.504 3.323 10.000
8.279 -11.808 2.968 10.000
7.819 -9.993 2.650 10.000
6.940 -9.059 1.793 10.000
5.849 -9.576 0.912 10.000
5.207 -10.907 0.471 10.000
6.287 -12.627 -0.232 10.000
7.785 -13.464 -0.397 10.000
10.907 -14.228 3.438 10.000
13.579 -14.178 6.833 10.000
15.931 -11.731 8.429 10.000
14.618 -9.550 6.631 10.000
11.683 -7.443 0.833 10.000
7.888 -5.659 -0.804 10.000
3.366 -6.248 -0.038 10.000
3.160 -5.722 4.977 10.000
2.540 -4.814 9.464 10.000
2.779 -3.584 9.789 10.000
4.039 -1.371 9.959 10.000
5.219 0.524 9.287 10.000
6.813 2.039 9.143 10.000
7.501 2.889 8.511 10.000
7.168 2.758 8.034 10.000
5.489 1.386 7.898 10.000
3.701 0.189 7.505 10.000
2.820 -0.342 7.601 10.000
2.442 -1.015 7.625 10.000
2.834 -0.981 7.297 10.000
3.720 -1.575 7.070 10.000
4.388 -2.276 6.789 10.000
4.553 -2.837 6.581 10.000
4.266 -3.177 6.641 10.000
3.782 -2.717 7.163 10.000
3.517 -2.149 7.738 10.000
3.138 -1.244 7.860 10.000
3.213 -0.560 7.714 10.000
3.131 -0.519 7.326 10.000
3.172 -1.074 7.419 10.000
3.325 -1.968 7.965 10.000
3.794 -2.908 8.350 14.000
4.067 -3.624 8.726 10.000
4.218 -3.744 8.621 6.000
4.381 -3.792 8.537 10.000
4.228 -3.792 8.614 10.000
4.113 -3.627 8.525 14.000
3.730 -3.351 8.508 6.000
3.335 -3.148 8.470 10.000
2.856 -3.088 8.520 10.000
2.504 -3.122 8.681 10.000
2.257 -3.423 8.662 12.000
2.310 -3.746 8.461 8.000
2.446 -3.926 8.171 10.000
2.542 -4.156 8.166 10.000
2.801 -4.228 8.269 10.000
2.559 -3.952 8.382 10.000
2.178 -4.039 8.501 10.000
1.838 -4.074 8.336 10.000
1.520 -4.592 8.049 10.000
1.544 -5.461 7.814 10.000
1.707 -5.968 7.572 10.000
2.059 -6.203 7.369 10.000
2.389 -5.956 7.287 10.000
2.631 -5.499 7.240 10.000
2.643 -5.252 6.979 10.000
2.466 -5.279 6.679 10.000
2.145 -5.638 6.256 10.000
1.771 -6.181 5.918 10.000
1.137 -6.962 5.822 10.000
-0.246 -7.917 5.844 10.000
-1.486 -8.540 5.990 10.000
-3.359 -8.973 6.296 10.000
-4.740 -8.959 6.574 10.000
-5.142 -8.899 6.797 10.000
-5.487 -9.488 7.074 10.000
-5.200 -10.266 7.192 10.000
-4.819 -11.722 7.295 10.000
-4.697 -13.108 7.252 10.000
-4.632 -13.845 7.153 10.000
-4.774 -14.336 6.880 10.000
-5.008 -14.149 6.622 10.000
-4.965 -13.591 6.347 10.000
-4.747 -12.955 6.318 10.000
-4.323 -12.564 6.464 10.000
-4.182 -12.423 6.581 10.000
-4.910 -12.983 7.055 13.000
-5.813 -13.623 7.283 10.000
-7.091 -14.070 7.718 7.000
-8.087 -14.269 8.183 11.000
-8.173 -13.804 8.429 11.000
-7.965 -13.187 8.401 8.000
-7.381 -12.761 8.164 10.000
-6.435 -12.320 7.481 10.000
-5.307 -12.150 6.533 13.000
-4.474 -12.133 5.861 7.000
-3.493 -11.947 4.886 10.000
-2.873 -11.774 4.357 10.000
-3.131 -12.023 4.094 13.000
-3.390 -12.272 3.830 7.000
-4.122 -12.646 4.106 10.000
-5.058 -12.437 4.163 11.000
-5.588 -11.810 4.182 9.000
-6.054 -11.877 4.424 10.000
-5.935 -11.880 4.393 10.000
-5.612 -12.464 4.580 10.000
-5.195 -13.029 4.695 10.000
-4.841 -12.899 4.587 10.000
-4.589 -13.177 4.438 10.000
-4.089 -13.678 4.347 11.000
-3.682 -14.197 4.328 9.000
-3.224 -14.290 4.307 10.000
-2.925 -14.087 4.362 10.000
-2.003 -13.493 4.532 10.000
-1.010 -13.194 4.865 10.000
-0.067 -13.321 5.200 10.000
0.555 -13.577 4.984 10.000
-0.050 -14.075 4.213 10.000
-0.727 -14.279 3.280 10.000
-1.625 -14.602 2.166 10.000
-2.202 -14.796 1.604 10.000
-2.470 -15.009 1.335 10.000
-2.475 -15.174 1.173 10.000
-2.260 -15.219 1.189 10.000
-1.944 -14.918 1.434 10.000
-1.580 -14.523 1.766 10.000
-1.204 -14.097 1.824 10.000
-0.641 -13.845 1.762 10.000
-0.179 -13.941 1.472 10.000
0.232 -13.783 1.307 10.000
0.368 -13.704 1.312 10.000
0.445 -13.400 1.314 10.000
0.476 -13.089 1.228 10.000
0.557 -13.031 1.017 10.000
0.612 -13.065 0.921 10.000
0.536 -13.010 0.919 10.000
0.505 -12.962 1.005 10.000
0.624 -12.485 1.125 10.000
0.770 -11.918 1.130 10.000
1.242 -11.427 1.132 10.000
2.224 -10.984 1.235 10.000
3.055 -10.970 1.304 10.000
4.041 -11.319 1.201 10.000
4.707 -11.731 1.130 10.000
5.430 -11.848 0.363 10.000
7.388 -12.162 -1.127 10.000
9.191 -12.112 -2.446 10.000
10.024 -12.129 -2.868 10.000
8.817 -12.871 -0.596 10.000
6.375 -13.417 2.401 10.000
2.592 -14.087 5.121 10.000
-0.220 -14.690 6.943 10.000
-1.249 -15.380 6.426 10.000
-2.652 -15.636 5.540 10.000
-2.715 -15.768 4.932 10.000
-3.009 -15.143 4.594 9.000
-3.615 -13.953 4.496 10.000
-3.955 -12.148 6.169 10.000
-4.908 -10.074 6.325 10.000
-5.628 -8.757 6.210 10.000
-6.148 -8.216 5.224 10.000
-5.904 -8.954 1.659 10.000
-5.046 -9.959 -0.387 10.000
-3.722 -10.002 -3.193 10.000
-2.600 -9.270 -5.128 10.000
-2.042 -7.431 -5.786 10.000
-1.249 -5.370 -6.315 10.000
-0.924 -4.271 -6.086 10.000
-0.466 -3.359 -5.080 10.000
-0.100 -3.323 -4.175 11.000
-0.852 -3.718 -1.958 9.000
-2.722 -4.508 0.201 10.000
-4.723 -5.111 1.584 10.000
-6.227 -6.430 1.946 14.000
-5.355 -7.596 1.192 6.000
-3.366 -8.367 0.495 11.000
-0.263 -9.904 -1.831 10.000
2.341 -10.726 -3.136 10.000
4.321 -13.385 -3.653 10.000
3.428 -15.588 -4.771 10.000
1.422 -17.025 -4.259 10.000
1.391 -16.002 -4.371 10.000
0.493 -13.086 -5.597 10.000
4.678 -8.070 -5.841 10.000
9.232 -5.360 -5.858 10.000
11.810 -5.109 -5.250 10.000
13.781 -6.940 -4.043 10.000
13.860 -10.943 -2.992 10.000
13.570 -12.641 -2.169 10.000
13.287 -12.521 -0.351 10.000
13.613 -10.319 0.866 10.000
13.929 -7.745 2.609 10.000
14.647 -5.813 4.546 10.000
15.358 -5.698 5.489 10.000
15.164 -5.868 6.660 10.000
14.662 -6.794 7.082 10.000
12.909 -7.022 7.290 10.000
10.963 -7.211 7.690 10.000
9.921 -7.115 7.862 10.000
8.757 -6.301 7.843 10.000
8.116 -5.415 7.714 10.000
7.668 -4.568 7.393 10.000
7.386 -3.775 7.249 10.000
7.225 -3.701 7.297 10.000
7.149 -3.581 7.666 10.000
6.880 -2.992 8.216 10.000
6.447 -2.348 8.590 10.000
6.007 -1.606 8.973 10.000
5.808 -1.039 9.165 10.000
5.576 -1.127 8.997 10.000
4.797 -1.233 8.674 10.000
4.027 -1.436 8.341 10.000
3.272 -1.316 8.283 10.000
2.743 -1.010 8.403 10.000
2.755 -0.632 8.681 10.000
2.930 -0.203 9.002 10.000
3.088 -0.098 9.047 10.000
3.035 -0.239 8.995 10.000
3.131 -0.399 8.810 10.000
3.064 -0.610 8.583 10.000
2.928 -0.694 8.255 10.000
3.002 -0.531 8.025 10.000
2.868 -0.397 7.931 10.000
2.638 -0.234 7.963 10.000
2.477 -0.198 8.094 10.000
2.147 -0.193 8.010 10.000
1.881 -0.196 7.920 10.000
1.762 -0.356 7.742 10.000
1.458 -0.512 7.429 10.000
1.323 -0.636 7.331 10.000
1.185 -0.775 7.343 10.000
0.976 -0.615 7.393 10.000
0.952 -0.459 7.580 10.000
0.924 -0.328 7.694 10.000
0.900 -0.181 7.699 10.000
0.641 -0.371 7.546 10.000
0.466 -0.682 7.467 10.000
0.296 -0.969 7.460 10.000
0.203 -1.268 7.290 10.000
0.363 -1.403 7.201 10.000
0.521 -1.465 6.995 10.000
0.682 -1.489 6.804 10.000
0.766 -1.501 6.775 10.000
1.058 -1.580 6.744 10.000
1.525 -1.841 6.794 10.000
1.989 -2.140 6.830 10.000
2.231 -2.578 6.773 10.000
2.264 -2.949 6.718 10.000
2.080 -3.047 6.617 12.000
1.994 -3.227 6.562 8.000
2.130 -3.268 6.600 10.000
2.238 -3.581 6.670 10.000
2.308 -3.936 6.746 10.000
2.173 -4.575 6.658 10.000
2.025 -5.590 6.641 10.000
1.905 -6.332 6.593 10.000
1.520 -7.331 6.696 10.000
1.077 -8.111 6.885 10.000
0.648 -8.516 7.003 10.000
0.260 -9.155 7.268 10.000
0.138 -9.538 7.383 10.000
0.141 -9.981 7.522 11.000
-0.404 -10.761 7.788 9.000
-0.991 -11.307 7.905 10.000
-1.910 -12.018 8.133 10.000
-2.791 -12.521 8.370 10.000
-2.918 -12.945 8.288 10.000
-3.258 -13.718 8.427 10.000
-3.265 -14.326 8.456 10.000
-3.948 -14.607 8.678 10.000
-5.477 -14.398 9.344 10.000
-6.794 -13.840 9.789 10.000
-8.676 -13.417 10.505 10.000
-9.883 -13.321 11.027 10.000
-10.812 -12.816 11.659 10.000
-12.164 -11.808 12.279 10.000
-12.952 -10.666 12.629 10.000
-13.512 -9.495 13.077 10.000
-13.709 -8.963 13.163 10.000
-12.765 -8.892 13.354 10.000
-11.338 -8.561 13.053 9.000
-10.139 -8.259 12.653 10.000
-8.473 -7.390 11.853 10.000
-7.304 -6.033 10.091 11.000
-6.619 -4.934 8.822 9.000
-6.129 -4.067 6.787 10.000
-6.105 -3.768 5.152 10.000
-6.739 -4.673 4.089 10.000
-6.926 -5.511 2.875 11.000
-6.919 -6.117 2.427 9.000
-6.208 -6.229 1.778 14.000
-5.056 -5.669 1.426 6.000
-4.034 -5.729 1.228 10.000
-3.160 -6.684 1.513 12.000
-2.990 -8.133 1.999 8.000
-3.500 -9.969 2.798 10.000
-5.324 -11.959 3.873 12.000
-7.000 -13.053 4.465 12.000
-8.669 -14.022 5.003 7.000
-9.658 -14.604 5.228 10.000
-8.786 -14.920 5.286 10.000
-8.003 -14.681 5.377 10.000
-7.228 -14.566 5.521 10.000
-6.560 -14.015 5.521 11.000
-6.756 -13.024 5.410 9.000
-6.459 -13.153 7.019 10.000
-5.351 -13.005 6.955 10.000
-4.134 -13.292 7.034 13.000
-2.738 -13.699 6.572 7.000
-1.747 -13.541 4.357 10.000
-1.924 -14.051 3.857 10.000
-1.807 -14.456 2.999 13.000
-1.869 -14.741 2.683 9.000
-1.412 -15.045 2.118 8.000
-0.500 -14.472 1.388 10.000
0.117 -14.006 1.015 10.000
1.063 -13.608 0.193 10.000
1.489 -13.192 -0.378 14.000
1.381 -13.469 -0.476 6.000
0.974 -13.646 -0.349 10.000
0.239 -13.754 0.225 10.000
-0.162 -13.491 0.792 10.000
-0.129 -13.019 1.010 10.000
0.588 -12.583 0.955 10.000
1.599 -12.270 1.142 10.000
2.276 -12.327 1.335 10.000
3.213 -12.270 1.915 10.000
3.806 -12.354 2.576 10.000
4.108 -12.315 2.995 10.000
4.577 -12.732 2.949 10.000
4.788 -13.263 2.518 10.000
4.843 -14.051 2.784 10.000
4.220 -14.391 3.995 10.000
3.430 -14.276 5.671 10.000
2.367 -14.109 7.187 10.000
1.417 -13.608 7.972 10.000
1.297 -13.383 6.962 10.000
1.659 -12.677 6.675 10.000
2.293 -12.023 6.548 10.000
2.571 -11.303 7.414 12.000
1.582 -10.321 8.923 12.000
0.112 -9.821 9.708 6.000
-1.855 -8.734 10.177 10.000
-3.466 -7.714 9.653 10.000
-4.283 -7.522 9.023 13.000
-5.595 -7.673 7.893 7.000
-6.409 -8.410 7.079 10.000
-7.460 -9.425 5.844 10.000
-7.654 -10.007 3.737 12.000
-7.352 -10.247 2.130 12.000
-6.284 -10.517 -0.098 6.000
-4.979 -10.510 -1.905 10.000
-3.799 -10.232 -2.758 10.000
-2.288 -10.170 -3.107 10.000
-1.544 -10.077 -2.834 10.000
-0.361 -10.603 -2.485 10.000
0.407 -11.439 -1.905 10.000
1.826 -12.119 -2.770 10.000
3.833 -12.516 -3.581 10.000
5.401 -12.294 -4.469 10.000
6.517 -11.611 -5.092 10.000
6.651 -10.869 -4.774 10.000
5.291 -10.395 -4.345 10.000
3.785 -10.723 -4.103 10.000
2.731 -11.511 -4.127 10.000
2.597 -13.151 -4.194 10.000
3.371 -14.805 -4.424 10.000
4.575 -15.555 -3.236 10.000
5.640 -15.820 -1.663 10.000
5.786 -15.234 -0.047 10.000
7.218 -14.214 0.845 10.000
8.702 -12.224 1.307 10.000
10.326 -10.718 1.383 10.000
10.986 -7.939 1.608 10.000
10.362 -5.592 2.557 10.000
10.251 -4.374 3.263 10.000
9.375 -3.368 4.616 10.000
9.461 -3.636 5.820 10.000
10.783 -3.751 6.713 10.000
11.252 -3.811 7.048 10.000
13.235 -3.663 6.550 10.000
13.429 -3.806 4.046 10.000
12.387 -4.103 1.853 10.000
11.202 -3.758 1.079 10.000
9.315 -3.473 0.754 10.000
9.217 -2.896 2.434 10.000
8.980 -2.138 4.153 10.000
8.887 -2.020 4.453 10.000
8.300 -1.561 4.932 10.000
7.046 -0.984 5.647 10.000
5.930 -0.588 6.325 10.000
4.515 -0.438 6.631 10.000
3.548 -0.565 6.497 10.000
3.438 -1.156 6.734 10.000
3.287 -1.352 6.665 10.000
3.435 -1.304 6.967 10.000
3.356 -1.606 7.182 10.000
3.043 -1.580 6.813 10.000
2.770 -1.948 6.751 10.000
2.264 -1.630 7.010 10.000
1.987 -0.962 7.354 10.000
1.927 0.107 8.209 10.000
2.351 0.651 9.234 10.000
3.007 0.507 9.938 10.000
3.811 0.122 9.634 10.000
4.443 -0.646 8.796 10.000
4.690 -1.762 8.544 10.000
4.905 -2.238 7.838 10.000
4.972 -2.473 8.140 10.000
4.953 -2.782 8.310 10.000
4.812 -2.473 7.857 10.000
4.702 -2.803 7.860 10.000
4.548 -3.071 7.991 10.000
4.481 -3.265 8.255 10.000
4.216 -2.774 8.614 10.000
4.151 -2.523 9.248 10.000
4.129 -2.334 9.753 10.000
3.892 -2.334 9.849 10.000
3.878 -2.762 9.715 10.000
3.193 -3.023 9.270 10.000
2.482 -3.007 8.576 20.000
1.900 -3.069 8.396 10.000
1.759 -3.217 8.063 10.000
2.087 -3.294 7.766 10.000
2.942 -3.615 7.805 10.000
3.883 -3.667 7.738 10.000
4.177 -3.562 7.912 9.000
4.197 -3.703 8.080 11.000
3.715 -3.878 8.161 10.000
3.253 -4.113 8.066 9.000
2.997 -4.419 7.881 10.000
2.755 -4.335 7.735 10.000
2.444 -4.484 7.927 10.000
2.114 -4.572 8.295 12.000
1.812 -4.704 8.746 8.000
1.771 -4.979 9.165 10.000
1.958 -5.042 9.129 10.000
1.843 -5.358 8.935 11.000
1.699 -5.631 8.659 9.000
1.458 -6.098 8.046 10.000
1.197 -6.584 7.302 11.000
1.237 -6.816 6.715 9.000
1.367 -7.180 5.937 11.000
1.594 -7.350 5.497 13.000
1.611 -7.675 5.245 7.000
1.426 -7.996 5.090 10.000
1.154 -8.185 5.125 10.000
0.565 -8.276 5.408 10.000
0.047 -8.173 5.750 10.000
-0.409 -8.085 5.954 10.000
-1.163 -8.298 6.162 10.000
-1.601 -8.609 6.124 10.000
-2.219 -9.181 6.071 10.000
-2.750 -9.782 5.896 10.000
-2.985 -10.081 5.717 10.000
-3.186 -10.457 5.552 12.000
-3.208 -10.572 5.401 8.000
-3.076 -11.032 5.351 10.000
-2.858 -12.073 5.238 10.000
-2.674 -13.038 5.111 10.000
-3.014 -14.413 4.963 10.000
-3.452 -15.404 4.879 10.000
-4.407 -15.916 4.972 10.000
-5.657 -16.220 5.269 10.000
-6.382 -16.115 5.588 10.000
-6.988 -15.411 6.062 10.000
-6.828 -14.302 6.378 10.000
-6.382 -13.608 6.749 20.000
-5.937 -12.914 7.120 11.000
-5.267 -13.086 7.242 9.000
-4.750 -13.692 7.151 10.000
-4.223 -14.092 6.801 10.000
-3.478 -14.585 6.232 10.000
-3.078 -14.810 5.755 10.000
-2.712 -14.757 5.403 10.000
-2.169 -14.774 4.927 10.000
-1.843 -14.698 4.671 10.000
-1.465 -14.750 4.623 10.000
-1.477 -14.726 4.824 10.000
-1.666 -14.633 5.149 10.000
-1.776 -14.149 5.351 10.000
-1.939 -13.536 5.343 10.000
-1.582 -13.184 5.164 10.000
-1.731 -12.732 5.391 10.000
-1.958 -12.670 5.743 10.000
-3.167 -12.887 5.609 10.000
-4.654 -13.067 5.530 10.000
-5.590 -13.895 4.558 10.000
-5.978 -14.391 3.409 10.000
-5.384 -14.607 2.746 10.000
-4.402 -14.499 1.936 10.000
-3.517 -14.111 1.374 10.000
-3.179 -14.056 0.988 10.000
-2.944 -14.202 0.320 10.000
-3.098 -14.671 -0.201 10.000
-2.916 -14.547 -0.234 10.000
-2.468 -13.996 -0.574 10.000
-1.917 -13.244 -0.632 10.000
-1.953 -13.062 -0.636 14.000
-2.274 -13.206 -0.890 6.000
-3.397 -13.740 -0.876 14.000
-4.168 -13.776 -0.924 6.000
-4.352 -13.242 -1.024 10.000
-4.525 -12.720 -1.292 10.000
-4.161 -12.234 -1.522 10.000
-3.569 -11.925 -1.783 10.000
-2.444 -11.516 -2.296 10.000
-1.331 -11.094 -2.640 10.000
-0.270 -10.862 -3.117 10.000
0.220 -10.690 -3.608 12.000
0.177 -10.618 -3.847 8.000
0.452 -10.407 -4.197 10.000
0.780 -10.007 -4.414 10.000
1.132 -9.730 -4.333 10.000
1.156 -9.497 -4.084 10.000
0.861 -9.404 -3.725 10.000
0.208 -9.260 -3.033 10.000
-0.478 -9.255 -2.533 10.000
-0.596 -9.054 -2.535 10.000
-0.304 -8.032 -2.765 10.000
0.347 -7.060 -3.327 10.000
1.292 -6.782 -2.683 10.000
2.401 -7.381 -1.640 10.000
3.100 -8.801 -0.368 10.000
3.895 -10.105 0.593 10.000
4.395 -10.716 0.349 10.000
4.357 -10.917 0.708 10.000
4.122 -11.880 0.605 10.000
3.792 -12.957 0.811 10.000
3.543 -13.922 1.101 10.000
3.428 -14.571 0.723 10.000
3.399 -13.998 2.049 10.000
3.586 -12.548 3.157 10.000
3.691 -11.209 4.182 10.000
5.504 -9.131 3.897 20.000
7.426 -7.513 2.370 10.000
7.886 -6.914 1.944 10.000
8.346 -6.315 1.517 10.000
6.811 -6.816 3.866 10.000
5.209 -7.134 6.739 10.000
4.855 -7.311 8.729 10.000
4.651 -7.223 10.177 10.000
4.735 -6.775 10.160 10.000
4.544 -6.928 9.993 10.000
3.632 -7.340 9.215 14.000
2.568 -8.018 8.978 6.000
1.276 -8.767 8.485 14.000
0.284 -9.222 7.577 6.000
0.014 -9.418 7.280 10.000
-0.500 -9.761 5.906 10.000
-0.785 -10.031 4.788 10.000
-1.060 -9.847 2.367 10.000
-1.525 -9.057 0.014 10.000
-1.745 -8.121 -1.261 12.000
-1.800 -6.868 -1.817 12.000
-1.824 -5.947 -1.029 10.000
-1.467 -5.717 0.495 6.000
-1.352 -5.755 2.236 21.000
-1.570 -6.703 2.509 9.000
-1.474 -8.506 2.346 10.000
-1.570 -10.223 1.379 10.000
-0.428 -12.006 0.366 10.000
0.881 -13.196 0.100 11.000
2.226 -13.453 0.687 13.000
4.527 -13.879 0.519 6.000
5.832 -13.970 0.181 10.000
6.509 -15.217 -0.019 10.000
6.837 -16.543 -0.636 10.000
6.438 -17.961 -1.443 14.000
8.444 -17.855 -3.153 6.000
11.077 -16.594 -4.999 10.000
12.047 -13.723 -6.191 10.000
12.789 -10.591 -6.440 10.000
12.157 -8.611 -6.351 10.000
11.846 -6.086 -6.007 10.000
13.199 -5.169 -6.315 10.000
12.658 -4.613 -6.801 12.000
11.695 -4.728 -5.449 8.000
10.412 -5.389 -4.352 10.000
10.378 -6.248 -1.570 10.000
12.239 -6.746 1.388 10.000
11.094 -7.558 2.554 10.000
9.105 -7.769 4.680 10.000
5.865 -7.781 5.121 10.000
3.325 -7.242 6.744 10.000
3.179 -6.090 8.887 10.000
3.555 -5.329 9.366 10.000
3.576 -4.644 10.079 10.000
2.899 -4.510 9.610 10.000
2.106 -4.163 9.452 10.000
1.829 -4.247 9.943 10.000
1.905 -4.254 10.199 10.000
1.728 -3.711 8.772 10.000
1.666 -3.380 7.034 10.000
1.012 -3.830 6.373 10.000
0.440 -4.314 5.695 10.000
0.122 -5.348 6.701 10.000
-0.031 -6.100 7.965 10.000
0.215 -5.851 8.207 10.000
0.493 -5.724 8.221 12.000
0.648 -5.528 8.315 8.000
0.639 -5.614 8.149 10.000
0.756 -5.530 7.747 10.000
0.972 -5.384 7.764 10.000
1.309 -5.307 7.702 10.000
1.280 -5.461 7.673 10.000
1.125 -5.784 7.881 10.000
0.507 -6.220 7.848 10.000
-0.234 -6.639 7.692 10.000
-0.610 -6.828 7.503 10.000
-1.079 -6.835 7.206 13.000
-1.297 -6.636 6.976 7.000
-1.113 -6.258 6.792 10.000
-0.799 -5.875 6.469 10.000
-0.392 -5.674 6.253 10.000
-0.052 -5.619 6.064 10.000
-0.265 -5.963 6.040 10.000
-0.608 -6.313 6.155 10.000
-1.228 -6.842 6.117 10.000
-1.781 -7.225 6.052 10.000
-2.197 -7.623 6.066 10.000
-2.942 -8.257 6.241 10.000
-3.409 -8.712 6.569 10.000
-4.058 -9.119 7.022 10.000
-4.568 -9.308 7.307 10.000
-4.707 -9.399 7.491 10.000
-4.869 -9.639 7.790 10.000
-4.850 -9.926 7.965 10.000
-4.855 -10.352 7.939 10.000
-4.644 -10.802 7.769 10.000
-4.410 -11.104 7.484 10.000
-4.074 -11.664 7.067 10.000
-3.715 -12.085 6.852 10.000
-3.406 -12.301 6.737 10.000
-3.117 -12.607 6.284 10.000
-2.928 -12.655 5.963 10.000
-2.578 -12.864 5.547 10.000
-2.437 -13.115 5.114 10.000
-2.188 -13.237 5.219 10.000
-1.738 -13.297 5.427 11.000
-1.448 -13.196 5.731 9.000
-1.072 -13.215 6.007 10.000
-0.811 -13.297 5.980 10.000
-0.751 -13.441 5.851 10.000
-0.756 -13.771 5.722 12.000
-0.847 -13.982 5.621 8.000
-1.175 -14.537 5.698 10.000
-1.826 -14.925 5.580 10.000
-2.413 -15.126 5.463 12.000
-2.908 -15.155 5.056 12.000
-3.141 -14.815 4.572 6.000
-2.964 -14.470 4.489 10.000
-2.741 -13.680 4.355 10.000
-2.547 -13.022 4.194 14.000
-2.353 -12.363 4.034 6.000
-2.245 -11.877 3.667 10.000
-2.276 -12.129 3.172 10.000
-2.477 -12.172 2.609 12.000
-2.679 -12.215 2.047 8.000
-3.320 -12.085 1.400 10.000
-4.106 -11.494 0.873 10.000
-4.783 -11.152 0.730 10.000
-5.971 -10.565 0.928 10.000
-6.718 -10.151 1.211 10.000
-7.915 -10.043 2.147 10.000
-8.602 -9.574 3.790 10.000
-8.779 -9.349 5.090 10.000
-8.037 -8.518 5.949 10.000
-6.607 -7.551 6.215 10.000
-5.521 -7.105 5.418 10.000
-4.604 -7.067 4.453 10.000
-4.606 -7.635 3.928 10.000
-4.781 -8.336 3.292 10.000
-4.963 -8.559 2.715 10.000
-4.975 -8.374 2.305 10.000
-4.912 -8.214 1.709 12.000
-4.678 -7.920 1.225 8.000
-4.695 -7.793 0.969 10.000
-5.011 -7.438 0.940 10.000
-5.401 -7.060 1.098 10.000
-6.030 -6.392 1.493 13.000
-6.569 -5.875 1.958 7.000
-6.907 -5.224 2.473 10.000
-7.560 -4.314 3.253 10.000
-7.975 -3.694 3.797 10.000
-9.203 -3.265 4.592 10.000
-10.716 -2.944 5.281 10.000
-11.913 -2.882 5.705 10.000
