# Accelerometer Data File
# 
#
#
# sensor Vendor: Bosch
# sensor Name: BMA254
# sensor Resolution: 0.009576807m/sec^2; Max Range: 39.2; Min Delay: 10000 microseconds
# The sensor's attributes are the result hardware and the Android capabilities.
# It means that the Android may not utilize all features provided by the hardware.
#
# Some devices and Android versions save battery too much so the device may go to sleep.
# It just happens after couple of minutes from turning off the scree and it is easy to find it out.
#
# The following file provides the data from accelerometer in the m/s^2 format.
# The diff value is just a time delta between the samples
#
#
# data format:
# so we have 4 columns with values separated by the " "
# X Y Z time_from_previous_sample(ms)

# sensor speed set to:FASTEST
# units set to: m/sec^2
# gravity NOT filtered out
# Accuracy: HIGH
-5.990 0.253 7.934 11.000 91500.000
-5.997 0.225 8.001 10.000 91510.000
-6.074 0.174 8.142 10.000 91520.000
-6.148 0.141 8.271 10.000 91530.000
-6.229 0.136 8.415 9.000 91539.000
-6.306 0.143 8.504 10.000 91549.000
-6.268 0.213 8.470 11.000 91560.000
-6.191 0.351 8.382 10.000 91570.000
-6.107 0.462 8.279 10.000 91580.000
-6.033 0.651 8.188 10.000 91590.000
-6.014 0.888 8.116 10.000 91600.000
-6.033 1.055 8.099 9.000 91609.000
-6.038 1.307 8.018 11.000 91620.000
-6.033 1.479 7.924 10.000 91630.000
-6.045 1.572 7.843 9.000 91639.000
-6.172 1.695 7.759 11.000 91650.000
-6.313 1.733 7.740 9.000 91659.000
-6.555 1.747 7.805 11.000 91670.000
-6.770 1.752 7.886 10.000 91680.000
-6.979 1.680 8.080 10.000 91690.000
-7.271 1.575 8.331 9.000 91699.000
-7.462 1.493 8.499 10.000 91709.000
-7.706 1.331 8.655 11.000 91720.000
-7.862 1.137 8.662 10.000 91730.000
-7.934 0.976 8.611 9.000 91739.000
-8.015 0.754 8.611 10.000 91749.000
-8.044 0.612 8.623 10.000 91759.000
-8.123 0.349 8.741 10.000 91769.000
-8.283 -0.110 8.913 11.000 91780.000
-8.434 -0.507 9.035 10.000 91790.000
-8.573 -1.017 9.212 10.000 91800.000
-8.643 -1.326 9.323 9.000 91809.000
-8.528 -1.470 9.344 11.000 91820.000
-8.403 -1.680 9.270 10.000 91830.000
-8.291 -1.778 9.141 10.000 91840.000
-8.231 -2.059 8.980 10.000 91850.000
-8.281 -2.504 8.853 10.000 91860.000
-8.341 -2.882 8.822 9.000 91869.000
-8.255 -3.392 8.803 11.000 91880.000
-8.116 -3.720 8.815 9.000 91889.000
-7.896 -4.000 8.908 11.000 91900.000
-7.582 -4.398 9.038 10.000 91910.000
-7.414 -4.663 9.155 10.000 91920.000
-7.072 -4.912 9.186 9.000 91929.000
-6.804 -5.013 9.136 11.000 91940.000
-6.557 -4.965 8.860 9.000 91949.000
-6.404 -4.855 8.652 11.000 91960.000
-6.426 -4.762 8.530 9.000 91969.000
-5.925 -4.493 8.135 11.000 91980.000
-5.202 -4.225 7.773 10.000 91990.000
-4.386 -4.019 7.345 10.000 92000.000
-3.627 -4.086 6.940 9.000 92009.000
-3.390 -4.328 6.809 10.000 92019.000
-3.536 -4.637 6.804 11.000 92030.000
-3.835 -4.742 6.751 10.000 92040.000
-4.077 -4.575 6.675 9.000 92049.000
-4.496 -4.369 6.651 11.000 92060.000
-4.826 -4.127 6.655 10.000 92070.000
-5.054 -4.034 6.706 10.000 92080.000
-5.255 -3.969 6.737 10.000 92090.000
-5.279 -3.943 6.715 10.000 92100.000
-5.281 -3.873 6.698 10.000 92110.000
-5.236 -3.754 6.658 10.000 92120.000
-5.216 -3.605 6.636 9.000 92129.000
-5.185 -3.320 6.519 10.000 92139.000
-5.176 -3.078 6.397 11.000 92150.000
-5.102 -2.851 6.311 10.000 92160.000
-5.109 -2.552 6.239 9.000 92169.000
-5.128 -2.389 6.263 11.000 92180.000
-5.284 -2.250 6.303 10.000 92190.000
-5.501 -2.202 6.335 9.000 92199.000
-5.758 -2.181 6.323 11.000 92210.000
-5.944 -2.044 6.301 10.000 92220.000
-5.995 -1.884 6.263 10.000 92230.000
-6.081 -1.680 6.241 9.000 92239.000
-6.136 -1.601 6.263 11.000 92250.000
-6.260 -1.637 6.294 9.000 92259.000
-6.452 -1.766 6.332 11.000 92270.000
-6.607 -1.939 6.354 10.000 92280.000
-6.665 -2.051 6.330 10.000 92290.000
-6.617 -2.159 6.272 9.000 92299.000
-6.502 -2.173 6.208 11.000 92310.000
-6.414 -2.303 6.119 10.000 92320.000
-6.335 -2.413 6.062 9.000 92329.000
-6.466 -2.614 6.066 10.000 92339.000
-6.665 -2.832 6.069 11.000 92350.000
-6.837 -2.935 6.095 10.000 92360.000
-7.015 -3.026 6.138 9.000 92369.000
-7.086 -3.031 6.153 11.000 92380.000
-7.053 -2.971 6.162 10.000 92390.000
-6.988 -2.875 6.143 10.000 92400.000
-6.919 -2.791 6.107 10.000 92410.000
-6.854 -2.671 6.074 10.000 92420.000
-6.797 -2.542 6.047 10.000 92430.000
-6.770 -2.449 6.050 10.000 92440.000
-6.701 -2.300 6.042 10.000 92450.000
-6.627 -2.188 6.033 10.000 92460.000
-6.593 -2.092 5.983 10.000 92470.000
-6.548 -1.922 5.894 10.000 92480.000
-6.545 -1.807 5.815 9.000 92489.000
-6.483 -1.572 5.702 11.000 92500.000
-6.411 -1.379 5.631 10.000 92510.000
-6.279 -1.144 5.547 10.000 92520.000
-6.078 -0.837 5.398 10.000 92530.000
-5.937 -0.651 5.284 9.000 92539.000
-5.805 -0.440 5.204 10.000 92549.000
-5.815 -0.395 5.240 10.000 92559.000
-5.894 -0.421 5.341 10.000 92569.000
-6.004 -0.509 5.501 11.000 92580.000
-6.105 -0.622 5.626 10.000 92590.000
-6.050 -0.672 5.681 10.000 92600.000
-5.911 -0.667 5.686 10.000 92610.000
-5.741 -0.600 5.631 10.000 92620.000
-5.631 -0.526 5.537 10.000 92630.000
-5.607 -0.464 5.449 10.000 92640.000
-5.772 -0.517 5.422 10.000 92650.000
-5.995 -0.682 5.468 10.000 92660.000
-6.157 -0.854 5.552 10.000 92670.000
-6.423 -1.206 5.717 10.000 92680.000
-6.658 -1.723 5.932 9.000 92689.000
-6.835 -2.128 6.076 10.000 92699.000
-7.041 -2.750 6.258 11.000 92710.000
-7.144 -3.193 6.358 10.000 92720.000
-7.196 -3.610 6.438 10.000 92730.000
-7.314 -4.110 6.497 9.000 92739.000
-7.402 -4.393 6.519 10.000 92749.000
-7.484 -4.793 6.423 10.000 92759.000
-7.541 -4.994 6.287 10.000 92769.000
-7.541 -5.274 6.028 11.000 92780.000
-7.539 -5.590 5.657 10.000 92790.000
-7.544 -5.789 5.403 10.000 92800.000
-7.448 -5.837 5.061 10.000 92810.000
-7.208 -5.568 4.764 9.000 92819.000
-6.971 -5.264 4.580 10.000 92829.000
-6.684 -4.862 4.369 11.000 92840.000
-6.497 -4.611 4.247 10.000 92850.000
-6.552 -4.513 4.211 10.000 92860.000
-6.706 -4.582 4.201 9.000 92869.000
-6.909 -4.750 4.218 10.000 92879.000
-7.141 -5.027 4.249 10.000 92889.000
-7.268 -5.305 4.290 11.000 92900.000
-7.223 -5.372 4.225 10.000 92910.000
-7.213 -5.396 4.072 10.000 92920.000
-7.175 -5.310 3.904 9.000 92929.000
-7.295 -5.312 3.739 10.000 92939.000
-7.603 -5.487 3.751 10.000 92949.000
-7.876 -5.705 3.852 10.000 92959.000
-8.142 -5.987 4.017 10.000 92969.000
-8.250 -6.181 4.180 11.000 92980.000
-8.180 -6.232 4.220 10.000 92990.000
-8.118 -6.289 4.209 9.000 92999.000
-8.063 -6.282 4.132 10.000 93009.000
-8.087 -6.378 4.067 10.000 93019.000
-8.173 -6.488 4.027 11.000 93030.000
-8.367 -6.718 4.029 10.000 93040.000
-8.619 -7.074 4.115 10.000 93050.000
-8.791 -7.328 4.189 9.000 93059.000
-8.949 -7.515 4.319 10.000 93069.000
-8.942 -7.395 4.424 11.000 93080.000
-8.877 -7.149 4.446 9.000 93089.000
-8.836 -6.871 4.472 11.000 93100.000
-8.810 -6.660 4.443 10.000 93110.000
-8.769 -6.739 4.498 10.000 93120.000
-8.506 -6.813 4.596 9.000 93129.000
-8.219 -6.919 4.690 10.000 93139.000
-7.793 -6.897 4.714 10.000 93149.000
-7.431 -6.766 4.687 10.000 93159.000
-7.232 -6.698 4.527 10.000 93169.000
-6.847 -6.552 4.304 11.000 93180.000
-6.600 -6.533 4.151 10.000 93190.000
-6.133 -6.241 3.974 9.000 93199.000
-5.607 -5.736 3.938 10.000 93209.000
-5.267 -5.310 3.964 11.000 93220.000
-4.910 -5.044 4.053 10.000 93230.000
-4.774 -5.051 4.165 9.000 93239.000
-4.692 -5.420 4.197 10.000 93249.000
-4.604 -5.827 4.206 10.000 93259.000
-4.532 -6.074 4.153 10.000 93269.000
-4.465 -6.167 3.993 11.000 93280.000
-4.462 -6.052 3.864 9.000 93289.000
-4.534 -5.662 3.495 11.000 93300.000
-4.821 -5.082 2.760 10.000 93310.000
-5.104 -4.656 2.133 9.000 93319.000
-5.746 -4.378 1.314 11.000 93330.000
-6.878 -4.764 0.833 9.000 93339.000
-7.795 -5.339 0.718 11.000 93350.000
-9.272 -5.889 0.861 9.000 93359.000
-10.390 -6.291 1.197 10.000 93369.000
-11.331 -5.793 1.920 11.000 93380.000
-12.617 -5.070 3.292 10.000 93390.000
-13.342 -4.371 4.405 10.000 93400.000
-14.283 -3.919 5.899 10.000 93410.000
-14.844 -3.940 6.928 10.000 93420.000
-15.157 -4.537 7.400 10.000 93430.000
-15.418 -5.305 8.118 9.000 93439.000
-15.464 -5.827 8.456 10.000 93449.000
-15.198 -6.169 9.196 10.000 93459.000
-14.834 -6.162 9.844 11.000 93470.000
-13.948 -5.679 10.345 10.000 93480.000
-12.612 -5.190 10.644 9.000 93489.000
-11.587 -4.881 10.541 11.000 93500.000
-10.381 -4.711 10.235 10.000 93510.000
-9.574 -4.831 9.734 10.000 93520.000
-9.217 -4.955 9.435 10.000 93530.000
-8.566 -5.015 8.870 9.000 93539.000
-8.097 -4.936 8.508 10.000 93549.000
-7.491 -4.836 8.087 11.000 93560.000
-6.789 -4.656 7.699 9.000 93569.000
-6.382 -4.541 7.577 11.000 93580.000
-5.954 -4.323 7.663 10.000 93590.000
-5.837 -4.141 7.905 10.000 93600.000
-5.779 -3.921 8.346 10.000 93610.000
-5.679 -3.538 8.851 10.000 93620.000
-5.600 -3.258 9.148 10.000 93630.000
-5.523 -2.956 9.378 10.000 93640.000
-5.415 -2.772 9.406 10.000 93650.000
-5.351 -2.750 9.370 10.000 93660.000
-5.154 -2.624 9.481 9.000 93669.000
-4.955 -2.518 9.658 10.000 93679.000
-4.556 -2.343 10.070 11.000 93690.000
-3.869 -2.252 10.644 9.000 93699.000
-3.313 -2.267 11.073 11.000 93710.000
-2.432 -2.353 11.439 10.000 93720.000
-1.819 -2.509 11.540 10.000 93730.000
-1.113 -2.645 11.137 9.000 93739.000
-0.260 -2.803 10.735 11.000 93750.000
0.265 -2.889 10.395 10.000 93760.000
1.213 -2.640 10.694 9.000 93769.000
2.319 -1.692 11.745 11.000 93780.000
3.280 -0.723 12.797 10.000 93790.000
4.084 0.933 13.886 9.000 93799.000
4.467 2.255 14.336 11.000 93810.000
4.005 2.904 14.068 10.000 93820.000
3.047 3.643 13.572 10.000 93830.000
2.245 3.696 13.038 10.000 93840.000
0.512 3.730 12.758 10.000 93850.000
-0.914 3.801 12.785 9.000 93859.000
-2.291 3.775 13.261 10.000 93869.000
-3.560 3.967 13.711 11.000 93880.000
-3.897 4.177 13.907 10.000 93890.000
-4.254 4.352 13.927 9.000 93899.000
-4.335 4.003 13.785 11.000 93910.000
-4.525 3.435 13.670 9.000 93919.000
-4.623 2.738 13.326 11.000 93930.000
-4.702 2.078 13.158 9.000 93939.000
-4.699 2.176 12.737 11.000 93950.000
-4.807 2.264 12.423 10.000 93960.000
-5.006 2.482 12.339 9.000 93969.000
-5.176 2.477 12.351 11.000 93980.000
-5.257 2.245 12.555 10.000 93990.000
-4.884 1.865 12.445 10.000 94000.000
-4.129 1.505 11.990 9.000 94009.000
-3.404 1.369 11.439 11.000 94020.000
-2.197 1.278 10.577 10.000 94030.000
-1.058 1.398 9.672 10.000 94040.000
-0.299 1.496 9.112 9.000 94049.000
0.675 1.486 8.317 10.000 94059.000
1.168 1.431 7.833 10.000 94069.000
1.719 1.544 7.613 11.000 94080.000
2.509 1.493 7.280 10.000 94090.000
3.083 1.551 7.182 9.000 94099.000
3.971 1.553 6.756 11.000 94110.000
4.525 1.335 6.315 9.000 94119.000
4.857 1.587 5.956 11.000 94130.000
4.821 1.623 5.822 9.000 94139.000
4.472 1.714 6.016 11.000 94150.000
3.916 1.836 6.136 10.000 94160.000
3.447 1.927 6.112 9.000 94169.000
3.347 2.233 5.863 11.000 94180.000
3.390 2.700 5.370 10.000 94190.000
3.639 3.136 4.951 10.000 94200.000
4.055 3.323 4.718 10.000 94210.000
4.587 3.617 4.477 10.000 94220.000
4.975 3.751 4.479 10.000 94230.000
5.197 3.821 4.374 10.000 94240.000
5.147 3.864 4.256 10.000 94250.000
4.807 3.742 4.189 10.000 94260.000
4.393 3.790 4.022 10.000 94270.000
4.144 3.902 3.962 10.000 94280.000
3.909 4.309 3.605 10.000 94290.000
4.029 5.169 2.865 10.000 94300.000
4.223 5.858 2.226 10.000 94310.000
4.462 6.473 1.328 10.000 94320.000
4.687 6.794 0.727 10.000 94330.000
4.632 6.591 0.165 10.000 94340.000
4.481 6.660 -0.644 10.000 94350.000
4.285 6.804 -1.194 10.000 94360.000
3.964 6.687 -1.766 10.000 94370.000
3.744 6.698 -2.035 10.000 94380.000
3.548 6.217 -1.999 10.000 94390.000
3.330 5.758 -1.924 11.000 94401.000
3.236 5.559 -1.829 9.000 94410.000
3.050 5.288 -1.697 10.000 94420.000
2.968 5.137 -1.505 10.000 94430.000
2.908 4.965 -1.352 10.000 94440.000
2.913 4.867 -1.074 10.000 94450.000
3.011 4.841 -0.833 10.000 94460.000
3.201 4.939 -0.660 10.000 94470.000
3.442 5.147 -0.337 10.000 94480.000
3.620 5.281 -0.138 10.000 94490.000
3.579 5.619 0.174 10.000 94500.000
3.414 5.932 0.440 10.000 94510.000
2.882 6.279 0.969 10.000 94520.000
2.085 6.809 1.958 10.000 94530.000
1.505 7.134 2.832 9.000 94539.000
0.732 7.589 3.706 11.000 94550.000
0.272 7.900 4.165 9.000 94559.000
0.323 8.075 4.398 10.000 94569.000
0.620 8.295 4.642 10.000 94579.000
1.110 8.386 4.886 10.000 94589.000
1.505 8.401 5.094 10.000 94599.000
1.553 8.094 5.171 11.000 94610.000
1.355 7.742 5.236 9.000 94619.000
1.331 7.247 5.353 10.000 94629.000
1.403 6.828 5.506 10.000 94639.000
1.982 6.576 5.408 10.000 94649.000
3.100 6.133 5.207 10.000 94659.000
4.043 5.834 4.953 10.000 94669.000
5.226 5.262 4.829 10.000 94679.000
6.004 4.797 4.855 10.000 94689.000
6.471 4.278 5.046 10.000 94699.000
7.896 3.584 5.463 10.000 94709.000
9.081 3.162 5.750 10.000 94719.000
10.014 2.540 5.516 10.000 94729.000
10.342 2.308 4.953 10.000 94739.000
9.713 2.250 4.165 10.000 94749.000
9.263 2.458 4.036 10.000 94759.000
9.064 2.868 4.429 10.000 94769.000
8.880 2.930 5.394 11.000 94780.000
8.099 2.693 6.227 10.000 94790.000
7.139 2.190 6.402 10.000 94800.000
5.920 1.486 6.483 10.000 94810.000
5.066 0.986 6.258 10.000 94820.000
4.769 0.754 6.181 10.000 94830.000
4.357 0.691 6.165 10.000 94840.000
4.204 0.830 6.241 10.000 94850.000
3.904 1.139 6.557 10.000 94860.000
3.641 1.549 6.957 10.000 94870.000
3.493 1.788 7.297 10.000 94880.000
3.232 1.697 7.326 10.000 94890.000
3.117 1.436 7.115 10.000 94900.000
2.770 0.694 6.502 10.000 94910.000
2.475 -0.239 5.968 10.000 94920.000
2.293 -0.842 5.746 10.000 94930.000
2.157 -1.034 6.196 10.000 94940.000
2.255 -0.814 6.947 10.000 94950.000
2.188 -0.129 7.565 10.000 94960.000
1.915 0.146 8.564 9.000 94969.000
1.596 0.009 8.889 11.000 94980.000
1.453 -0.114 9.224 10.000 94990.000
1.438 -0.615 9.358 10.000 95000.000
1.630 -0.706 9.112 10.000 95010.000
1.953 -0.742 8.772 10.000 95020.000
2.102 -0.790 8.422 10.000 95030.000
2.219 -0.617 8.422 10.000 95040.000
2.003 -0.201 8.501 10.000 95050.000
1.656 0.160 8.674 10.000 95060.000
1.364 0.675 9.093 10.000 95070.000
1.086 1.072 9.418 10.000 95080.000
0.780 1.515 9.531 10.000 95090.000
0.229 2.142 9.504 10.000 95100.000
-0.375 2.616 9.232 10.000 95110.000
-0.766 3.167 9.255 10.000 95120.000
-0.849 3.440 9.452 10.000 95130.000
-0.689 3.529 9.787 9.000 95139.000
-0.842 3.524 10.129 11.000 95150.000
-1.211 3.442 10.175 10.000 95160.000
-1.695 3.251 10.278 10.000 95170.000
-2.315 3.078 10.441 10.000 95180.000
-2.621 2.999 10.596 10.000 95190.000
-2.808 2.885 10.661 10.000 95200.000
-2.825 2.868 10.630 10.000 95210.000
-2.588 2.791 10.548 10.000 95220.000
-2.245 2.865 10.189 10.000 95230.000
-2.023 2.975 9.921 10.000 95240.000
-1.683 2.971 9.447 10.000 95250.000
-1.426 2.659 8.990 10.000 95260.000
-1.276 2.197 8.810 10.000 95270.000
-0.984 1.680 8.633 10.000 95280.000
-0.809 1.278 8.662 10.000 95290.000
-0.672 1.156 8.487 9.000 95299.000
-0.718 0.821 8.322 10.000 95309.000
-0.905 0.541 8.154 10.000 95319.000
-1.216 0.246 8.092 10.000 95329.000
-1.522 0.019 8.207 10.000 95339.000
-1.958 0.148 8.552 10.000 95349.000
-2.918 0.414 9.016 10.000 95359.000
-3.754 0.694 9.375 10.000 95369.000
-4.560 1.187 9.883 10.000 95379.000
-5.102 1.601 10.153 10.000 95389.000
-5.118 1.879 10.304 10.000 95399.000
-5.679 2.190 10.524 10.000 95409.000
-6.268 2.288 10.596 10.000 95419.000
-7.675 1.996 11.099 10.000 95429.000
-8.676 1.422 11.760 10.000 95439.000
-9.133 0.814 12.351 10.000 95449.000
-9.045 0.090 12.928 10.000 95459.000
-8.092 -0.306 13.072 10.000 95469.000
-7.319 -0.308 13.108 10.000 95479.000
-6.801 -0.490 13.184 10.000 95489.000
-6.830 -0.557 13.275 10.000 95499.000
-6.426 -0.634 13.211 11.000 95510.000
-5.887 -1.029 12.768 10.000 95520.000
-5.092 -1.244 12.284 10.000 95530.000
-4.180 -1.671 11.614 10.000 95540.000
-3.701 -2.087 11.099 10.000 95550.000
-3.785 -2.387 11.010 10.000 95560.000
-4.048 -2.741 10.919 9.000 95569.000
-4.429 -2.885 11.015 11.000 95580.000
-4.721 -3.117 11.058 10.000 95590.000
-4.812 -3.260 11.003 10.000 95600.000
-4.661 -3.409 11.027 10.000 95610.000
-4.455 -3.598 11.013 10.000 95620.000
-4.338 -3.699 11.051 10.000 95630.000
-4.086 -3.837 11.001 10.000 95640.000
-3.837 -4.113 10.673 10.000 95650.000
-3.643 -4.347 10.383 10.000 95660.000
-3.526 -4.656 9.991 10.000 95670.000
-3.543 -4.927 9.686 10.000 95680.000
-3.787 -5.015 9.672 10.000 95690.000
-4.244 -5.023 9.878 10.000 95700.000
-4.625 -4.955 10.187 10.000 95710.000
-5.166 -4.778 10.862 10.000 95720.000
-5.540 -4.587 11.449 10.000 95730.000
-5.549 -4.388 12.061 9.000 95739.000
-5.645 -4.103 12.617 11.000 95750.000
-5.580 -3.928 12.806 10.000 95760.000
-5.525 -3.739 12.998 10.000 95770.000
-5.576 -3.804 12.808 10.000 95780.000
-5.540 -3.955 12.677 10.000 95790.000
-5.348 -4.292 12.421 10.000 95800.000
-5.147 -4.644 12.162 9.000 95809.000
-5.046 -5.015 12.045 11.000 95820.000
-5.003 -5.224 11.925 10.000 95830.000
-5.116 -5.245 11.930 10.000 95840.000
-5.255 -5.106 12.040 10.000 95850.000
-5.339 -4.783 12.143 10.000 95860.000
-5.257 -4.594 12.533 10.000 95870.000
-4.910 -4.347 12.729 10.000 95880.000
-4.537 -4.261 12.820 10.000 95890.000
-4.015 -4.182 12.600 10.000 95900.000
-3.600 -4.132 12.095 10.000 95910.000
-3.454 -4.194 11.892 10.000 95920.000
-3.289 -4.067 11.896 10.000 95930.000
-3.272 -3.933 12.212 9.000 95939.000
-2.959 -3.603 12.490 11.000 95950.000
-2.717 -3.131 12.717 10.000 95960.000
-2.494 -2.849 12.737 9.000 95969.000
-1.956 -2.233 12.471 11.000 95980.000
-1.714 -1.814 12.243 10.000 95990.000
-1.584 -1.376 11.971 10.000 96000.000
-2.020 -0.873 12.050 10.000 96010.000
-2.772 -0.703 12.413 10.000 96020.000
-3.066 -0.213 12.713 10.000 96030.000
-3.174 0.172 13.000 10.000 96040.000
-2.580 0.577 12.655 10.000 96050.000
-2.049 0.893 12.617 10.000 96060.000
-1.975 0.888 12.643 10.000 96070.000
-1.405 0.998 12.270 10.000 96080.000
-0.711 0.960 11.815 10.000 96090.000
0.045 1.010 11.054 10.000 96100.000
1.096 1.091 10.060 10.000 96110.000
1.651 1.058 9.466 10.000 96120.000
2.123 1.252 9.145 10.000 96130.000
2.355 1.472 8.796 11.000 96141.000
2.293 1.661 8.678 9.000 96150.000
2.310 1.946 8.250 10.000 96160.000
2.149 2.068 7.910 10.000 96170.000
1.905 2.099 7.718 10.000 96180.000
1.082 1.778 7.946 10.000 96190.000
0.179 1.362 8.485 10.000 96200.000
-1.000 0.790 8.832 10.000 96210.000
-1.685 0.280 8.834 10.000 96220.000
-1.790 0.122 8.418 10.000 96230.000
-1.726 0.421 7.690 11.000 96241.000
-1.383 0.876 7.153 9.000 96250.000
-1.197 1.745 6.320 10.000 96260.000
-1.089 2.647 5.284 10.000 96270.000
-1.151 3.093 4.558 10.000 96280.000
-1.335 3.390 3.593 10.000 96290.000
-1.537 3.275 3.150 10.000 96300.000
-1.781 2.987 2.473 10.000 96310.000
-1.819 2.564 1.493 10.000 96320.000
-1.735 2.288 0.754 10.000 96330.000
-1.108 1.944 -0.177 10.000 96340.000
0.028 1.666 -0.622 10.000 96350.000
0.960 1.525 -0.766 10.000 96360.000
2.078 1.273 -0.785 9.000 96369.000
2.652 1.091 -0.612 11.000 96380.000
2.640 0.818 -0.395 10.000 96390.000
2.559 0.411 -0.035 10.000 96400.000
2.291 0.114 0.198 10.000 96410.000
2.276 -0.311 0.648 10.000 96420.000
2.461 -0.574 1.005 10.000 96430.000
2.985 -0.804 1.414 10.000 96440.000
3.440 -1.096 1.745 10.000 96450.000
3.641 -1.259 1.860 10.000 96460.000
3.775 -1.429 2.133 10.000 96470.000
3.742 -1.558 3.045 10.000 96480.000
3.778 -1.625 4.036 10.000 96490.000
3.811 -1.771 5.003 10.000 96500.000
3.912 -1.910 5.813 10.000 96510.000
3.761 -1.845 5.949 10.000 96520.000
3.718 -1.829 6.801 10.000 96530.000
3.677 -1.733 7.678 10.000 96540.000
3.289 -1.616 9.042 10.000 96550.000
3.050 -1.642 10.247 10.000 96560.000
3.076 -1.472 10.754 9.000 96569.000
2.851 -1.010 11.355 11.000 96580.000
2.973 -0.569 11.468 10.000 96590.000
2.458 0.081 11.518 10.000 96600.000
1.850 0.622 12.217 10.000 96610.000
1.493 0.871 12.823 10.000 96620.000
0.900 1.525 12.797 10.000 96630.000
0.943 1.968 12.832 10.000 96640.000
1.252 2.662 11.609 10.000 96650.000
1.101 2.782 9.868 10.000 96660.000
1.187 2.497 8.760 10.000 96670.000
1.419 2.298 8.255 10.000 96680.000
1.106 1.810 8.341 10.000 96690.000
0.624 2.126 8.765 10.000 96700.000
0.105 2.501 9.366 10.000 96710.000
-0.560 2.791 9.363 10.000 96720.000
-1.290 3.414 9.739 10.000 96730.000
-1.750 3.438 9.782 9.000 96739.000
-2.171 3.402 9.648 11.000 96750.000
-2.485 3.294 9.715 10.000 96760.000
-2.734 2.853 9.404 9.000 96769.000
-2.398 2.925 9.569 11.000 96780.000
-2.284 2.949 9.916 10.000 96790.000
-2.276 3.045 10.062 10.000 96800.000
-2.691 3.169 10.694 10.000 96810.000
-3.332 3.150 11.362 10.000 96820.000
-3.495 3.076 11.686 10.000 96830.000
-3.576 2.980 12.047 10.000 96840.000
-3.236 2.856 11.923 10.000 96850.000
-2.624 2.710 11.640 10.000 96860.000
-2.008 2.540 11.446 10.000 96870.000
-1.474 2.391 11.214 10.000 96880.000
-0.746 2.116 10.745 10.000 96890.000
-0.292 1.862 10.433 10.000 96900.000
-0.021 1.867 10.120 10.000 96910.000
-0.165 1.695 9.854 10.000 96920.000
-0.502 1.649 9.825 10.000 96930.000
-1.302 1.218 9.938 10.000 96940.000
-2.178 0.656 10.127 10.000 96950.000
-3.062 0.275 10.644 10.000 96960.000
-4.671 -0.217 11.319 10.000 96970.000
-5.817 -0.325 11.853 10.000 96980.000
-7.438 -0.464 12.334 10.000 96990.000
-8.219 -0.682 12.251 10.000 97000.000
-8.274 -0.787 12.009 10.000 97010.000
-7.738 -1.146 11.836 10.000 97020.000
-6.727 -1.474 11.717 10.000 97030.000
-5.837 -1.912 11.865 10.000 97040.000
-4.848 -2.422 12.112 10.000 97050.000
-4.450 -2.679 12.289 10.000 97060.000
-4.029 -2.964 12.502 10.000 97070.000
-3.907 -3.064 12.636 10.000 97080.000
-3.876 -3.110 12.672 10.000 97090.000
-3.816 -3.268 12.806 10.000 97100.000
-3.780 -3.397 12.904 10.000 97110.000
-3.861 -3.653 13.206 10.000 97120.000
-3.931 -3.790 13.642 10.000 97130.000
-4.029 -3.813 13.979 10.000 97140.000
-3.869 -3.699 14.065 10.000 97150.000
-3.591 -3.457 13.948 10.000 97160.000
-3.208 -3.246 13.421 9.000 97169.000
-2.750 -2.997 12.682 11.000 97180.000
-2.552 -2.887 12.193 10.000 97190.000
-2.243 -2.540 11.484 10.000 97200.000
-2.059 -2.264 11.051 10.000 97210.000
-2.133 -2.240 10.704 10.000 97220.000
-2.525 -2.485 10.285 10.000 97230.000
-3.028 -2.966 10.086 10.000 97240.000
-4.074 -3.292 10.266 10.000 97250.000
-4.936 -3.404 10.572 10.000 97260.000
-5.937 -2.820 11.216 10.000 97270.000
-6.947 -1.853 11.884 10.000 97280.000
-7.414 -1.041 12.174 10.000 97290.000
-7.390 -0.304 12.145 10.000 97300.000
-6.548 0.007 11.695 10.000 97310.000
-5.695 -0.064 11.221 10.000 97320.000
-4.900 0.033 10.996 10.000 97330.000
-4.596 0.205 11.089 10.000 97340.000
-4.616 0.323 11.262 10.000 97350.000
-4.419 0.335 11.233 10.000 97360.000
-4.165 0.177 10.955 10.000 97370.000
-3.634 -0.002 10.575 10.000 97380.000
-3.141 -0.129 10.271 10.000 97390.000
-3.380 0.088 10.249 10.000 97400.000
-3.701 0.438 10.299 10.000 97410.000
-4.299 0.809 10.453 10.000 97420.000
-4.984 1.343 10.579 10.000 97430.000
-5.137 2.035 10.606 10.000 97440.000
-5.209 2.595 10.560 10.000 97450.000
-5.001 3.296 10.505 10.000 97460.000
-4.707 3.835 10.477 10.000 97470.000
-4.429 3.986 10.594 10.000 97480.000
-4.398 4.034 10.510 10.000 97490.000
-4.647 3.940 10.436 10.000 97500.000
-5.058 3.263 10.417 10.000 97510.000
-5.468 2.576 10.271 10.000 97520.000
-5.499 2.001 10.350 10.000 97530.000
-6.153 1.556 10.666 9.000 97539.000
-6.643 1.695 10.927 11.000 97550.000
-7.491 1.731 11.501 10.000 97560.000
-8.044 1.807 11.966 9.000 97569.000
-7.975 1.754 12.193 11.000 97580.000
-7.433 1.946 12.057 10.000 97590.000
-6.536 2.240 11.607 10.000 97600.000
-6.145 1.920 10.761 10.000 97610.000
-5.657 0.950 9.313 10.000 97620.000
-5.640 -0.263 8.228 10.000 97630.000
-6.090 -1.994 7.340 10.000 97640.000
-6.459 -3.160 6.933 10.000 97650.000
-6.991 -3.739 7.158 10.000 97660.000
-8.113 -4.328 6.799 10.000 97670.000
-8.769 -4.400 6.244 10.000 97680.000
-8.918 -4.376 5.736 10.000 97690.000
-8.398 -4.163 4.503 10.000 97700.000
-7.287 -3.940 3.854 10.000 97710.000
-6.162 -3.337 3.294 10.000 97720.000
-5.544 -2.829 2.686 10.000 97730.000
-5.370 -2.269 2.638 9.000 97739.000
-5.492 -1.855 2.324 11.000 97750.000
-5.628 -1.821 1.922 10.000 97760.000
-6.093 -1.628 1.379 9.000 97769.000
-6.718 -1.613 0.972 11.000 97780.000
-7.194 -1.221 1.053 10.000 97790.000
-7.084 -0.653 0.905 10.000 97800.000
-6.646 -0.246 0.897 10.000 97810.000
-5.274 -0.153 0.565 10.000 97820.000
-3.294 -0.909 0.071 10.000 97830.000
-1.900 -1.841 -0.191 10.000 97840.000
-0.545 -3.047 0.232 10.000 97850.000
-0.124 -3.940 0.981 10.000 97860.000
-0.234 -3.816 2.636 10.000 97870.000
-0.770 -3.390 4.630 10.000 97880.000
-1.268 -2.688 5.937 10.000 97890.000
-1.970 -2.267 7.252 10.000 97900.000
-2.600 -2.245 7.599 10.000 97910.000
-2.585 -2.928 7.852 10.000 97920.000
-1.975 -3.605 8.480 10.000 97930.000
-1.161 -4.003 9.100 9.000 97939.000
-0.507 -4.374 9.639 11.000 97950.000
-0.354 -4.398 9.983 10.000 97960.000
-0.797 -4.426 9.955 10.000 97970.000
-1.383 -4.244 9.718 10.000 97980.000
-1.810 -4.089 9.562 10.000 97990.000
-0.248 -2.908 8.987 10.000 98000.000
-0.014 -0.993 8.987 10.000 98010.000
0.363 0.711 9.196 10.000 98020.000
-1.414 3.011 9.864 10.000 98030.000
-4.898 4.343 10.898 10.000 98040.000
-9.011 5.379 10.658 10.000 98050.000
-12.038 5.853 10.630 10.000 98060.000
-12.907 5.731 10.141 9.000 98069.000
-11.908 5.401 10.182 11.000 98080.000
-8.331 4.204 11.808 10.000 98090.000
-5.841 3.569 13.223 10.000 98100.000
-3.617 3.490 15.014 10.000 98110.000
-3.260 3.620 16.275 10.000 98120.000
-3.349 4.407 15.859 10.000 98130.000
-3.167 4.757 15.248 9.000 98139.000
-2.719 4.551 14.262 11.000 98150.000
-1.364 4.206 13.038 10.000 98160.000
-0.186 3.629 12.607 9.000 98169.000
0.433 3.323 11.417 11.000 98180.000
0.955 3.260 9.883 10.000 98190.000
0.569 3.337 8.585 10.000 98200.000
-0.416 3.509 7.074 10.000 98210.000
-2.008 4.050 6.356 10.000 98220.000
-3.502 4.347 5.983 10.000 98230.000
-5.346 4.668 5.911 10.000 98240.000
-6.588 4.893 6.052 10.000 98250.000
-7.551 4.548 6.536 10.000 98260.000
-8.499 4.070 7.070 10.000 98270.000
-9.097 3.567 7.302 10.000 98280.000
-9.598 2.975 7.711 10.000 98290.000
-9.485 2.753 7.939 10.000 98300.000
-9.258 2.779 8.396 10.000 98310.000
-8.860 2.930 9.461 10.000 98320.000
-8.561 3.169 10.350 10.000 98330.000
-7.896 3.390 11.156 10.000 98340.000
-7.359 3.495 11.683 10.000 98350.000
-6.402 3.227 11.192 10.000 98360.000
-5.099 3.016 10.187 10.000 98370.000
-4.163 2.825 9.263 10.000 98380.000
-3.555 2.703 8.212 10.000 98390.000
-3.732 2.880 7.596 10.000 98400.000
-4.254 2.999 7.496 10.000 98410.000
-4.876 3.124 7.429 10.000 98420.000
-5.171 3.179 7.489 10.000 98430.000
-5.173 3.105 7.503 10.000 98440.000
-5.013 3.009 7.524 10.000 98450.000
-4.752 2.908 7.513 10.000 98460.000
-4.474 2.760 7.723 10.000 98470.000
-4.295 2.691 7.953 10.000 98480.000
-4.359 2.573 8.396 10.000 98490.000
-4.448 2.406 9.064 10.000 98500.000
-4.553 2.286 9.509 10.000 98510.000
-4.560 2.066 10.070 10.000 98520.000
-4.335 1.742 10.541 10.000 98530.000
-4.086 1.470 10.788 9.000 98539.000
-3.694 1.182 10.924 11.000 98550.000
-3.399 0.995 10.946 10.000 98560.000
-3.213 1.007 10.697 10.000 98570.000
-2.961 0.979 10.316 10.000 98580.000
-2.853 0.964 10.046 10.000 98590.000
-2.504 1.039 9.667 10.000 98600.000
-2.197 1.086 9.428 10.000 98610.000
-2.042 1.096 9.327 10.000 98620.000
-2.106 1.060 9.188 10.000 98630.000
-2.413 0.936 9.157 10.000 98640.000
-2.956 0.845 9.165 10.000 98650.000
-3.560 1.110 9.232 10.000 98660.000
-3.943 1.422 9.337 10.000 98670.000
-4.424 1.848 9.351 10.000 98680.000
-4.668 2.240 9.327 10.000 98690.000
-4.757 2.446 9.100 10.000 98700.000
-4.900 2.817 8.913 10.000 98710.000
-4.946 3.074 8.817 10.000 98720.000
-5.092 3.335 8.810 10.000 98730.000
-5.248 3.505 8.939 9.000 98739.000
-5.568 3.562 9.229 11.000 98750.000
-5.753 3.878 9.514 10.000 98760.000
-5.837 4.189 9.710 9.000 98769.000
-5.657 4.637 9.758 11.000 98780.000
-5.434 4.989 9.648 10.000 98790.000
-5.348 5.082 9.543 10.000 98800.000
-5.741 5.066 9.421 10.000 98810.000
-6.397 4.912 9.447 10.000 98820.000
-7.213 4.841 9.466 10.000 98830.000
-8.128 4.680 9.263 10.000 98840.000
-8.564 4.630 9.076 10.000 98850.000
-8.954 4.180 8.623 10.000 98860.000
-9.006 3.691 8.135 10.000 98870.000
-9.009 3.198 8.135 10.000 98880.000
-9.138 2.363 8.293 10.000 98890.000
-9.313 1.927 8.717 10.000 98900.000
-9.160 1.158 8.935 10.000 98910.000
-8.810 0.397 8.875 10.000 98920.000
-8.334 -0.021 8.657 10.000 98930.000
-7.939 -0.847 8.614 9.000 98939.000
-7.872 -1.340 8.777 11.000 98950.000
-7.999 -1.893 9.445 10.000 98960.000
-8.322 -2.547 10.146 10.000 98970.000
-8.564 -2.794 10.673 10.000 98980.000
-8.602 -3.246 10.994 10.000 98990.000
-8.595 -3.552 10.821 10.000 99000.000
-8.123 -3.794 10.223 10.000 99010.000
-7.668 -4.039 9.646 10.000 99020.000
-7.417 -4.077 9.275 10.000 99030.000
-7.144 -4.034 9.169 10.000 99040.000
-7.026 -3.651 9.528 10.000 99050.000
-6.892 -3.265 9.866 10.000 99060.000
-6.801 -2.537 10.149 10.000 99070.000
-6.732 -1.891 10.165 10.000 99080.000
-6.217 -1.347 9.813 10.000 99090.000
-5.372 -0.804 9.248 10.000 99100.000
-4.484 -0.603 8.738 10.000 99110.000
-3.658 -0.359 8.204 10.000 99120.000
-3.390 -0.316 7.967 10.000 99130.000
-3.857 -0.129 7.979 9.000 99139.000
-4.623 0.392 7.967 11.000 99150.000
-5.327 0.871 7.979 10.000 99160.000
-6.148 1.716 8.001 10.000 99170.000
-6.610 2.784 7.431 10.000 99180.000
-6.773 3.517 6.885 10.000 99190.000
-7.129 4.201 5.480 10.000 99200.000
-7.369 4.520 4.065 10.000 99210.000
-7.072 4.400 2.908 10.000 99220.000
-6.406 4.266 1.515 10.000 99230.000
-5.547 4.180 0.981 10.000 99240.000
-4.513 4.082 0.354 10.000 99250.000
-3.969 4.055 0.023 10.000 99260.000
-3.744 4.060 -0.148 10.000 99270.000
-3.418 4.017 -0.299 10.000 99280.000
-3.268 3.986 -0.356 10.000 99290.000
-2.992 3.998 -0.404 10.000 99300.000
-2.559 4.043 -0.280 10.000 99310.000
-2.226 4.137 -0.177 10.000 99320.000
-1.731 4.177 -0.035 10.000 99330.000
-1.359 4.175 0.095 10.000 99340.000
-1.175 4.012 0.323 10.000 99350.000
-0.900 3.734 0.869 10.000 99360.000
-0.787 3.509 1.376 10.000 99370.000
-0.672 3.134 2.205 10.000 99380.000
-0.579 2.868 2.844 10.000 99390.000
-0.699 2.559 3.473 10.000 99400.000
-0.725 2.240 4.369 10.000 99410.000
-0.754 2.073 4.944 10.000 99420.000
-0.782 2.035 5.861 10.000 99430.000
-0.689 2.154 6.469 10.000 99440.000
-0.969 2.650 7.450 10.000 99450.000
-0.984 3.234 8.463 10.000 99460.000
-0.998 3.689 9.133 10.000 99470.000
-0.766 3.919 9.931 10.000 99480.000
-0.098 3.897 10.022 10.000 99490.000
0.304 3.787 10.081 10.000 99500.000
1.046 3.603 10.153 10.000 99510.000
1.541 3.643 10.098 10.000 99520.000
2.135 3.655 10.002 10.000 99530.000
2.319 3.591 9.955 9.000 99539.000
2.164 3.600 9.895 10.000 99549.000
1.982 3.545 9.785 10.000 99559.000
1.546 3.404 9.782 10.000 99569.000
1.970 3.569 9.832 10.000 99579.000
2.080 3.435 9.809 10.000 99589.000
2.217 3.366 9.835 10.000 99599.000
2.161 2.748 9.871 10.000 99609.000
1.685 1.853 9.962 10.000 99619.000
1.522 1.256 10.127 10.000 99629.000
1.343 1.465 10.132 10.000 99639.000
1.355 2.221 10.127 10.000 99649.000
1.508 2.810 9.979 10.000 99659.000
1.810 3.620 9.935 10.000 99669.000
2.128 3.624 10.053 10.000 99679.000
2.331 3.749 10.196 10.000 99689.000
2.365 4.089 10.328 10.000 99699.000
2.377 4.012 10.314 10.000 99709.000
2.262 3.857 10.237 10.000 99719.000
2.262 3.581 10.134 10.000 99729.000
1.999 3.366 9.995 10.000 99739.000
1.165 3.217 9.964 11.000 99750.000
0.459 3.148 9.995 10.000 99760.000
-0.653 2.636 10.026 9.000 99769.000
-1.503 2.063 10.093 11.000 99780.000
-1.968 1.417 10.110 10.000 99790.000
-2.193 0.811 10.002 10.000 99800.000
-2.011 0.648 9.895 10.000 99810.000
-1.714 0.368 9.718 10.000 99820.000
-1.359 0.292 9.524 10.000 99830.000
-1.156 0.071 9.485 10.000 99840.000
-1.106 -0.308 9.409 10.000 99850.000
-1.170 -0.572 9.402 10.000 99860.000
-1.441 -1.134 9.411 10.000 99870.000
-1.788 -1.874 9.471 10.000 99880.000
-1.982 -2.454 9.569 10.000 99890.000
-2.561 -3.004 9.785 10.000 99900.000
-2.935 -3.256 9.983 10.000 99910.000
-3.655 -3.313 10.012 10.000 99920.000
-4.556 -3.761 9.909 10.000 99930.000
-5.070 -4.237 9.689 9.000 99939.000
-5.516 -4.726 9.564 11.000 99950.000
-5.626 -5.128 9.528 10.000 99960.000
-5.535 -5.243 9.753 9.000 99969.000
-5.190 -5.501 9.849 11.000 99980.000
-4.915 -5.748 9.849 10.000 99990.000
-4.460 -6.021 9.821 10.000 100000.000
-3.909 -6.083 9.430 10.000 100010.000
-3.612 -6.002 9.169 10.000 100020.000
-3.191 -5.875 8.640 10.000 100030.000
-2.949 -5.722 8.140 10.000 100040.000
-2.252 -5.719 7.881 10.000 100050.000
-1.177 -5.820 7.733 10.000 100060.000
-0.227 -5.966 7.852 10.000 100070.000
0.957 -5.849 8.631 10.000 100080.000
1.570 -5.688 9.399 10.000 100090.000
1.776 -5.178 11.604 10.000 100100.000
0.416 -4.860 13.400 10.000 100110.000
-1.177 -4.805 14.537 10.000 100120.000
-2.808 -4.546 15.188 10.000 100130.000
-4.146 -4.908 14.030 9.000 100139.000
-3.919 -5.078 13.280 11.000 100150.000
-2.844 -5.396 12.794 10.000 100160.000
-1.733 -5.918 12.794 9.000 100169.000
-0.313 -6.076 12.947 11.000 100180.000
1.180 -6.279 13.101 10.000 100190.000
1.826 -6.335 12.990 10.000 100200.000
2.262 -6.145 12.971 10.000 100210.000
2.126 -5.947 13.062 10.000 100220.000
1.549 -5.547 13.486 10.000 100230.000
1.206 -5.058 13.747 10.000 100240.000
1.074 -4.814 13.917 10.000 100250.000
1.276 -4.623 13.931 10.000 100260.000
1.850 -4.434 13.649 10.000 100270.000
2.190 -4.333 13.529 10.000 100280.000
2.159 -4.096 13.517 10.000 100290.000
1.795 -3.806 13.661 9.000 100299.000
1.015 -3.603 13.769 10.000 100309.000
-0.131 -3.337 14.030 10.000 100319.000
-0.907 -3.208 14.183 10.000 100329.000
-1.400 -2.810 14.144 10.000 100339.000
-1.484 -2.480 14.106 10.000 100349.000
-0.940 -2.202 13.532 10.000 100359.000
-0.770 -2.130 13.005 10.000 100369.000
-0.883 -2.327 12.670 10.000 100379.000
-0.878 -2.018 12.318 10.000 100389.000
-0.876 -1.515 12.306 10.000 100399.000
-0.500 -0.806 12.246 10.000 100409.000
0.349 -0.062 12.100 10.000 100419.000
1.082 0.177 11.971 10.000 100429.000
1.740 0.131 11.540 10.000 100439.000
2.209 0.186 11.056 10.000 100449.000
2.205 0.205 10.658 10.000 100459.000
2.003 0.383 10.240 10.000 100469.000
1.618 0.641 10.165 10.000 100479.000
1.357 0.888 10.093 10.000 100489.000
1.055 1.280 9.696 11.000 100500.000
0.950 1.515 9.320 10.000 100510.000
0.794 1.912 8.865 10.000 100520.000
0.531 2.355 8.473 10.000 100530.000
0.308 2.652 8.406 10.000 100540.000
-0.430 3.009 8.499 10.000 100550.000
-1.120 3.203 8.671 10.000 100560.000
-1.936 3.107 8.887 9.000 100569.000
-2.937 2.935 9.507 11.000 100580.000
-3.421 2.703 9.967 12.000 100592.000
-3.948 2.645 10.615 8.000 100600.000
-4.175 2.743 11.209 10.000 100610.000
-3.936 3.292 10.603 10.000 100620.000
-3.009 4.276 9.030 10.000 100630.000
-2.039 5.085 7.268 10.000 100640.000
-0.694 6.021 4.972 10.000 100650.000
0.368 6.584 3.471 10.000 100660.000
0.632 6.643 2.363 10.000 100670.000
0.742 6.603 0.974 10.000 100680.000
0.476 6.435 0.119 10.000 100690.000
0.055 6.129 -1.027 10.000 100700.000
-0.186 5.813 -1.812 10.000 100710.000
-0.275 5.597 -2.317 10.000 100720.000
-0.428 5.212 -2.863 10.000 100730.000
-0.426 4.965 -3.117 10.000 100740.000
-0.529 4.618 -3.071 10.000 100750.000
-0.521 4.106 -2.916 10.000 100760.000
-0.450 3.763 -2.719 10.000 100770.000
-0.198 3.313 -2.430 10.000 100780.000
0.090 3.040 -2.226 10.000 100790.000
0.462 2.880 -2.080 10.000 100800.000
0.828 2.707 -1.757 10.000 100810.000
1.015 2.643 -1.527 10.000 100820.000
1.261 2.631 -1.003 10.000 100830.000
1.472 2.662 -0.304 10.000 100840.000
1.687 2.705 0.217 10.000 100850.000
1.750 2.695 1.007 10.000 100860.000
1.752 2.633 1.503 10.000 100870.000
1.486 2.518 2.023 10.000 100880.000
1.273 2.408 2.904 10.000 100890.000
1.213 2.351 3.517 10.000 100900.000
1.388 2.439 4.503 10.000 100910.000
1.675 2.590 5.238 10.000 100920.000
2.121 2.774 5.861 10.000 100930.000
2.849 2.887 6.560 9.000 100939.000
3.342 2.853 6.885 11.000 100950.000
4.106 2.784 7.503 10.000 100960.000
4.558 2.741 8.298 9.000 100969.000
4.728 2.770 9.016 11.000 100980.000
4.750 2.719 9.931 10.000 100990.000
4.501 2.705 10.553 10.000 101000.000
4.072 2.588 10.797 10.000 101010.000
3.292 2.456 11.195 10.000 101020.000
2.659 2.403 11.396 10.000 101030.000
1.812 2.346 11.544 10.000 101040.000
1.244 2.327 11.645 10.000 101050.000
1.086 2.370 11.731 10.000 101060.000
0.938 2.482 11.755 10.000 101070.000
1.005 2.600 11.832 10.000 101080.000
1.053 2.597 11.583 10.000 101090.000
0.735 2.624 11.054 10.000 101100.000
0.407 2.580 10.587 10.000 101110.000
0.038 2.549 9.825 10.000 101120.000
-0.311 2.638 9.390 10.000 101130.000
-0.653 2.466 9.107 10.000 101140.000
-1.357 2.482 8.911 10.000 101150.000
-2.020 2.487 9.009 10.000 101160.000
-2.784 2.640 9.270 9.000 101169.000
-3.246 2.978 9.519 11.000 101180.000
-3.332 3.263 9.516 10.000 101190.000
-3.356 3.576 9.516 10.000 101200.000
-3.280 3.742 9.354 10.000 101210.000
-2.887 3.931 8.635 10.000 101220.000
-3.560 4.120 8.135 10.000 101230.000
-4.295 4.280 7.632 10.000 101240.000
-5.451 4.493 7.278 10.000 101250.000
-6.924 4.683 7.479 10.000 101260.000
-7.584 4.946 8.159 10.000 101270.000
-8.427 4.915 8.870 10.000 101280.000
-8.848 4.831 9.433 10.000 101290.000
-8.757 4.450 10.093 10.000 101300.000
-8.427 3.859 10.223 10.000 101310.000
-7.656 3.813 10.134 10.000 101320.000
-6.797 3.572 9.959 10.000 101330.000
-6.449 3.627 9.686 9.000 101339.000
-6.114 3.627 9.251 11.000 101350.000
-6.318 3.265 9.035 10.000 101360.000
-6.610 3.100 8.906 9.000 101369.000
-7.252 2.801 8.932 11.000 101380.000
-7.881 2.557 9.121 10.000 101390.000
-8.154 2.470 9.294 10.000 101400.000
-8.439 2.489 9.536 10.000 101410.000
-8.374 2.643 9.622 10.000 101420.000
-8.248 2.683 9.811 10.000 101430.000
-8.197 2.676 9.983 10.000 101440.000
-7.917 2.248 10.223 10.000 101450.000
-7.383 1.685 10.522 10.000 101460.000
-6.912 1.235 10.718 10.000 101470.000
-6.193 0.806 11.010 10.000 101480.000
-5.535 0.825 11.231 10.000 101490.000
-5.130 0.979 11.391 10.000 101500.000
-4.654 1.249 11.628 10.000 101510.000
-4.424 1.498 11.769 10.000 101520.000
-4.153 1.352 11.853 10.000 101530.000
-3.548 1.127 11.877 9.000 101539.000
-3.014 0.785 11.824 11.000 101550.000
-2.193 0.390 11.571 10.000 101560.000
-1.570 0.258 11.310 9.000 101569.000
-1.120 0.002 10.896 11.000 101580.000
-0.533 -0.548 10.539 10.000 101590.000
-0.234 -1.046 10.383 10.000 101600.000
-0.237 -1.331 10.292 10.000 101610.000
-0.912 -1.386 10.565 11.000 101621.000
-1.723 -1.146 10.781 9.000 101630.000
-2.987 -0.995 11.073 10.000 101640.000
-3.950 -1.058 11.300 10.000 101650.000
-4.620 -0.995 11.441 10.000 101660.000
-5.269 -0.866 11.520 10.000 101670.000
-5.465 -0.648 11.523 10.000 101680.000
-5.449 -0.404 11.461 10.000 101690.000
-5.214 -0.311 11.334 11.000 101701.000
-4.817 -0.533 11.128 9.000 101710.000
-4.369 -0.993 10.752 10.000 101720.000
-4.134 -1.479 10.441 10.000 101730.000
-4.118 -2.142 10.026 10.000 101740.000
-4.285 -2.557 9.753 10.000 101750.000
-5.023 -2.758 9.969 10.000 101760.000
-5.884 -2.908 10.390 10.000 101770.000
-6.528 -2.882 10.915 10.000 101780.000
-6.581 -2.964 11.221 10.000 101790.000
-6.033 -2.983 11.195 10.000 101800.000
-5.360 -3.052 10.963 10.000 101810.000
-5.116 -2.801 11.118 10.000 101820.000
-5.463 -2.442 11.492 10.000 101830.000
-5.212 -1.857 11.595 10.000 101840.000
-5.116 -1.221 11.614 10.000 101850.000
-4.592 -0.905 11.245 10.000 101860.000
-4.649 -0.383 11.003 10.000 101870.000
-5.386 -0.124 11.046 10.000 101880.000
-5.633 0.129 11.219 10.000 101890.000
-6.232 1.005 11.767 10.000 101900.000
-6.248 1.675 12.188 10.000 101910.000
-6.217 2.039 12.459 9.000 101919.000
-6.318 2.226 12.514 11.000 101930.000
-6.066 1.790 12.193 10.000 101940.000
-6.366 1.482 12.006 10.000 101950.000
-6.713 1.479 11.971 10.000 101960.000
-7.520 1.671 12.272 9.000 101969.000
-7.951 2.353 12.160 11.000 101980.000
-7.831 2.908 11.913 10.000 101990.000
-7.606 3.778 11.243 10.000 102000.000
-7.125 4.582 10.405 10.000 102010.000
-6.818 4.955 9.734 10.000 102020.000
-6.052 4.704 8.880 10.000 102030.000
-5.391 4.139 8.449 10.000 102040.000
-4.434 3.184 8.293 10.000 102050.000
-3.172 2.207 8.171 10.000 102060.000
-2.370 1.855 8.233 10.000 102070.000
-1.161 1.616 7.936 10.000 102080.000
-0.248 1.766 7.364 10.000 102090.000
0.055 1.965 6.988 10.000 102100.000
0.191 2.233 6.208 10.000 102110.000
-0.079 2.389 5.786 9.000 102119.000
-0.320 2.554 4.769 11.000 102130.000
-0.459 2.633 3.768 9.000 102139.000
-0.289 2.612 2.717 11.000 102150.000
-0.021 2.480 1.450 10.000 102160.000
0.217 2.339 0.780 9.000 102169.000
0.311 2.037 0.014 11.000 102180.000
0.423 1.692 -0.222 10.000 102190.000
0.438 1.458 -0.244 10.000 102200.000
0.782 1.170 -0.284 10.000 102210.000
1.273 1.043 -0.229 10.000 102220.000
1.910 0.988 -0.294 10.000 102230.000
2.782 0.871 -0.246 10.000 102240.000
3.323 0.806 -0.179 10.000 102250.000
3.813 0.727 0.155 10.000 102260.000
3.998 0.651 0.536 10.000 102270.000
3.931 0.792 1.065 10.000 102280.000
3.801 1.010 1.898 10.000 102290.000
3.722 1.242 2.463 10.000 102300.000
3.538 1.508 3.481 10.000 102310.000
3.375 1.496 4.594 10.000 102320.000
3.275 1.407 5.403 10.000 102330.000
3.287 1.122 6.756 10.000 102340.000
3.404 0.804 7.656 10.000 102350.000
3.703 0.732 8.274 10.000 102360.000
3.962 0.679 9.447 10.000 102370.000
4.108 0.823 10.077 10.000 102380.000
4.256 1.201 11.104 10.000 102390.000
4.218 1.455 12.057 10.000 102400.000
3.643 1.807 12.452 10.000 102410.000
2.444 2.042 12.887 10.000 102420.000
1.242 2.042 12.926 10.000 102430.000
0.474 1.750 13.239 10.000 102440.000
-0.203 1.951 13.017 10.000 102450.000
-0.256 2.269 12.753 10.000 102460.000
0.217 2.308 12.057 10.000 102470.000
0.258 2.638 11.085 10.000 102480.000
0.474 1.338 10.881 10.000 102490.000
0.126 0.215 10.426 10.000 102500.000
-0.746 -0.627 10.405 10.000 102510.000
-1.161 -1.383 10.840 10.000 102520.000
-1.264 -1.120 11.046 10.000 102530.000
-0.411 -0.256 11.257 10.000 102540.000
1.108 0.368 11.049 10.000 102550.000
2.169 0.907 10.383 10.000 102560.000
4.110 1.410 9.859 9.000 102569.000
6.263 1.156 9.878 11.000 102580.000
7.747 1.142 10.316 10.000 102590.000
10.314 1.508 10.867 10.000 102600.000
11.999 1.910 11.276 10.000 102610.000
12.258 2.274 11.726 10.000 102620.000
11.537 2.638 12.392 10.000 102630.000
9.734 2.621 12.945 10.000 102640.000
7.592 2.753 13.405 10.000 102650.000
6.272 2.901 13.527 10.000 102660.000
5.518 2.935 13.000 10.000 102670.000
4.661 2.949 12.208 10.000 102680.000
4.144 2.815 11.508 10.000 102690.000
3.471 2.343 10.450 10.000 102700.000
3.655 2.197 9.502 10.000 102710.000
3.943 2.070 8.820 10.000 102720.000
4.680 1.946 7.972 10.000 102730.000
5.573 2.159 7.484 10.000 102740.000
5.935 1.807 7.278 10.000 102750.000
6.406 1.259 6.835 10.000 102760.000
6.428 0.708 6.557 9.000 102769.000
7.836 0.632 6.971 11.000 102780.000
9.332 0.909 7.426 10.000 102790.000
10.273 1.063 8.336 10.000 102800.000
10.400 1.058 8.978 10.000 102810.000
9.141 0.579 8.927 10.000 102820.000
7.714 0.292 8.798 10.000 102830.000
6.732 0.325 8.451 10.000 102840.000
6.387 0.445 8.465 10.000 102850.000
5.573 0.375 8.310 10.000 102860.000
4.927 0.114 8.233 10.000 102870.000
4.228 -0.347 7.685 10.000 102880.000
3.950 -0.809 6.959 10.000 102890.000
4.141 -1.082 6.404 10.000 102900.000
5.025 -1.046 5.801 10.000 102910.000
5.961 -0.809 5.669 10.000 102920.000
7.137 -0.354 5.748 10.000 102930.000
8.274 0.169 6.105 10.000 102940.000
8.719 0.385 6.509 10.000 102950.000
8.872 0.550 6.931 10.000 102960.000
8.542 0.569 7.225 9.000 102969.000
7.852 0.325 7.053 11.000 102980.000
6.876 -0.148 6.811 10.000 102990.000
6.191 -0.572 6.552 10.000 103000.000
5.226 -1.091 6.356 10.000 103010.000
4.299 -1.331 6.440 10.000 103020.000
3.660 -1.340 6.593 10.000 103030.000
2.671 -1.297 6.694 10.000 103040.000
1.963 -1.158 6.732 10.000 103050.000
1.321 -1.098 6.713 10.000 103060.000
0.210 -1.130 6.842 10.000 103070.000
-0.550 -1.213 7.024 10.000 103080.000
-2.032 -1.407 7.580 10.000 103090.000
-3.222 -1.608 8.101 10.000 103100.000
-4.388 -1.651 8.755 10.000 103110.000
-5.846 -1.364 9.548 10.000 103120.000
-6.584 -0.967 9.967 10.000 103130.000
-7.319 -0.337 10.374 9.000 103139.000
-7.299 0.177 10.417 11.000 103150.000
-6.988 0.361 10.321 10.000 103160.000
-6.320 0.545 9.969 9.000 103169.000
-5.655 0.497 9.629 11.000 103180.000
-5.204 0.936 9.124 10.000 103190.000
-5.149 1.467 8.765 10.000 103200.000
-5.451 1.999 8.662 10.000 103210.000
-6.112 2.463 8.643 10.000 103220.000
-6.866 2.489 8.872 10.000 103230.000
-7.079 2.516 8.975 10.000 103240.000
-7.041 2.832 9.016 10.000 103250.000
-6.643 3.215 8.973 10.000 103260.000
-6.107 3.689 8.762 10.000 103270.000
-5.533 4.000 8.329 10.000 103280.000
-5.209 4.022 7.958 10.000 103290.000
-4.812 4.314 7.417 10.000 103300.000
-4.553 4.515 7.043 10.000 103310.000
-4.383 4.865 6.591 10.000 103320.000
-4.084 5.027 6.081 10.000 103330.000
-3.859 4.920 5.741 9.000 103339.000
-3.509 4.821 5.679 11.000 103350.000
-3.256 4.644 5.899 10.000 103360.000
-3.007 4.604 5.702 10.000 103370.000
-3.892 4.637 5.930 10.000 103380.000
-4.903 4.661 5.880 10.000 103390.000
-6.754 4.750 6.179 10.000 103400.000
-9.495 4.764 6.890 11.000 103411.000
-11.101 4.704 7.177 9.000 103420.000
-12.342 4.560 7.584 10.000 103430.000
-12.741 4.352 7.642 10.000 103440.000
-11.810 4.271 7.441 10.000 103450.000
-10.101 4.072 6.787 10.000 103460.000
-8.757 3.957 6.014 10.000 103470.000
-7.141 3.560 4.987 9.000 103479.000
-6.090 3.160 4.280 10.000 103489.000
-5.956 2.875 3.928 10.000 103499.000
-5.959 3.174 3.514 10.000 103509.000
-6.234 3.756 3.354 10.000 103519.000
-6.426 4.599 3.272 11.000 103530.000
-6.610 5.348 2.973 9.000 103539.000
-6.658 5.513 2.736 10.000 103549.000
-7.062 5.667 2.525 10.000 103559.000
-7.551 5.559 2.236 10.000 103569.000
-7.984 5.535 2.590 10.000 103579.000
-8.358 5.468 3.040 11.000 103590.000
-8.374 5.413 3.464 9.000 103599.000
-8.683 5.310 3.897 10.000 103609.000
-8.916 5.219 4.003 10.000 103619.000
-9.387 5.204 3.907 11.000 103630.000
-9.258 5.154 3.983 9.000 103639.000
-8.836 5.152 4.050 10.000 103649.000
-8.157 5.066 3.722 10.000 103659.000
-7.249 5.111 3.083 11.000 103670.000
-6.943 5.193 2.272 10.000 103680.000
-6.382 5.442 1.707 10.000 103690.000
-6.081 5.774 1.537 10.000 103700.000
-5.865 6.038 2.233 10.000 103710.000
-6.241 6.169 3.172 10.000 103720.000
-6.871 6.133 3.864 11.000 103731.000
-7.951 6.088 4.374 9.000 103740.000
-8.992 5.947 4.434 9.000 103749.000
-8.908 5.911 4.458 11.000 103760.000
-8.927 5.861 4.388 9.000 103769.000
-8.497 5.820 4.501 11.000 103780.000
-8.111 5.801 4.850 10.000 103790.000
-8.216 5.808 5.427 10.000 103800.000
-8.219 5.829 6.098 10.000 103810.000
-8.300 6.054 7.161 11.000 103821.000
-8.336 6.258 7.987 9.000 103830.000
-8.516 6.833 8.767 11.000 103841.000
-8.619 7.809 10.165 8.000 103849.000
-8.643 8.583 11.171 10.000 103859.000
-8.456 9.564 12.433 10.000 103869.000
-8.169 10.175 13.306 11.000 103880.000
-7.908 10.378 13.318 9.000 103889.000
-7.682 10.359 13.079 10.000 103899.000
-7.668 10.132 12.583 10.000 103909.000
-7.843 9.358 11.575 10.000 103919.000
-8.068 8.590 10.812 10.000 103929.000
-8.039 7.505 10.177 10.000 103939.000
-8.015 6.268 9.509 10.000 103949.000
-7.802 5.576 9.354 10.000 103959.000
-7.498 4.606 9.222 10.000 103969.000
-6.512 4.230 8.858 11.000 103980.000
-5.521 4.007 8.528 10.000 103990.000
-3.100 4.355 7.479 9.000 103999.000
-0.770 4.979 6.406 10.000 104009.000
1.647 5.592 5.434 10.000 104019.000
4.283 6.138 4.050 10.000 104029.000
5.489 6.114 3.385 10.000 104039.000
6.253 5.913 2.047 10.000 104049.000
6.028 5.669 0.962 10.000 104059.000
5.204 5.298 0.462 10.000 104069.000
4.048 4.867 0.483 10.000 104079.000
3.335 4.613 1.177 10.000 104089.000
2.312 4.299 1.941 10.000 104099.000
1.695 4.070 2.695 11.000 104110.000
1.410 3.900 2.928 9.000 104119.000
1.266 3.593 3.236 10.000 104129.000
1.431 3.347 3.476 10.000 104139.000
1.776 3.071 3.426 10.000 104149.000
2.250 2.659 3.265 10.000 104159.000
2.583 2.384 3.028 10.000 104169.000
3.169 1.946 2.877 10.000 104179.000
3.552 1.647 2.853 10.000 104189.000
3.849 1.434 3.066 10.000 104199.000
4.122 1.300 3.363 10.000 104209.000
4.141 1.328 3.574 10.000 104219.000
4.106 1.455 3.835 10.000 104229.000
4.019 1.637 3.938 10.000 104239.000
3.957 1.740 3.957 10.000 104249.000
3.909 1.800 3.904 10.000 104259.000
3.916 1.762 3.801 10.000 104269.000
3.909 1.659 3.751 10.000 104279.000
3.830 1.778 3.813 10.000 104289.000
3.737 1.941 3.948 10.000 104299.000
3.526 2.636 3.801 11.000 104310.000
3.337 3.390 3.634 10.000 104320.000
3.452 3.639 3.979 10.000 104330.000
4.335 3.672 6.696 9.000 104339.000
5.336 3.174 9.694 11.000 104350.000
7.177 3.191 11.803 10.000 104360.000
9.342 4.872 12.040 9.000 104369.000
10.737 6.768 9.904 11.000 104380.000
11.209 9.155 7.917 10.000 104390.000
10.840 11.027 6.818 10.000 104400.000
8.552 10.477 7.182 10.000 104410.000
5.492 8.882 7.206 10.000 104420.000
3.356 6.797 7.082 10.000 104430.000
1.316 4.551 6.914 10.000 104440.000
0.641 3.347 6.531 10.000 104450.000
1.448 3.730 6.574 10.000 104460.000
3.138 4.429 6.663 10.000 104470.000
4.733 5.288 6.794 10.000 104480.000
6.607 6.143 6.691 10.000 104490.000
7.433 6.335 6.311 10.000 104500.000
7.376 6.210 5.884 10.000 104510.000
6.878 6.004 5.556 10.000 104520.000
6.100 5.803 5.463 10.000 104530.000
5.291 5.726 5.817 9.000 104539.000
4.458 5.765 6.177 12.000 104551.000
4.065 5.884 6.438 8.000 104559.000
3.897 6.028 6.524 10.000 104569.000
4.098 6.167 6.354 10.000 104579.000
4.520 6.110 6.016 10.000 104589.000
4.903 5.992 5.662 10.000 104599.000
5.061 5.851 5.482 10.000 104609.000
5.056 5.750 5.418 10.000 104619.000
4.831 5.722 5.528 10.000 104629.000
4.644 5.753 5.655 10.000 104639.000
4.539 5.822 5.755 10.000 104649.000
4.596 5.851 5.741 10.000 104659.000
4.733 5.892 5.731 10.000 104669.000
4.843 5.916 5.717 10.000 104679.000
4.872 5.901 5.729 10.000 104689.000
4.915 5.837 5.688 10.000 104699.000
4.903 5.770 5.631 10.000 104709.000
4.936 5.691 5.516 10.000 104719.000
4.924 5.714 5.525 10.000 104729.000
4.898 5.789 5.588 10.000 104739.000
4.802 5.896 5.700 11.000 104750.000
4.721 5.951 5.760 10.000 104760.000
4.685 5.904 5.695 10.000 104770.000
4.711 5.834 5.568 10.000 104780.000
4.807 5.731 5.391 10.000 104790.000
4.857 5.717 5.377 10.000 104800.000
4.867 5.664 5.351 10.000 104810.000
4.814 5.633 5.386 10.000 104820.000
4.685 5.683 5.449 10.000 104830.000
4.568 5.726 5.463 10.000 104840.000
4.465 5.827 5.556 10.000 104850.000
4.314 5.087 6.196 10.000 104860.000
4.240 4.266 6.809 10.000 104870.000
4.592 4.498 5.722 10.000 104880.000
4.891 5.353 6.126 10.000 104890.000
5.238 7.048 5.985 10.000 104900.000
4.817 7.690 5.856 10.000 104910.000
3.969 7.278 7.426 10.000 104920.000
3.624 5.880 7.019 10.000 104930.000
3.739 4.934 6.289 9.000 104939.000
4.623 5.042 5.547 11.000 104950.000
5.418 5.310 4.939 10.000 104960.000
5.789 5.923 4.750 9.000 104969.000
5.516 5.999 5.039 11.000 104980.000
5.166 6.076 5.391 10.000 104990.000
4.905 5.992 5.609 10.000 105000.000
4.685 6.174 5.861 10.000 105010.000
4.678 6.442 5.937 10.000 105020.000
4.747 6.710 5.951 10.000 105030.000
4.869 6.742 5.779 10.000 105040.000
4.951 6.507 5.573 10.000 105050.000
5.094 6.112 5.358 10.000 105060.000
5.319 5.683 5.068 10.000 105070.000
5.492 5.492 4.965 10.000 105080.000
5.705 5.358 4.829 10.000 105090.000
5.827 5.382 4.721 10.000 105100.000
5.817 5.482 4.747 10.000 105110.000
5.746 5.614 4.786 10.000 105120.000
5.633 5.688 4.857 10.000 105130.000
5.506 5.815 4.912 10.000 105140.000
5.430 5.899 4.908 10.000 105150.000
5.439 5.951 4.881 10.000 105160.000
5.453 5.978 4.936 9.000 105169.000
5.482 5.951 5.008 11.000 105180.000
5.552 5.894 5.085 10.000 105190.000
5.592 5.858 5.102 10.000 105200.000
5.628 5.849 5.037 10.000 105210.000
5.619 5.825 5.039 10.000 105220.000
5.568 5.832 5.037 10.000 105230.000
5.494 5.829 5.111 10.000 105240.000
5.461 5.904 5.104 10.000 105250.000
5.473 5.992 5.030 10.000 105260.000
5.504 6.066 4.857 10.000 105270.000
5.564 6.129 4.678 10.000 105280.000
5.583 5.971 4.730 10.000 105290.000
5.485 5.741 4.762 9.000 105299.000
5.367 5.525 4.891 10.000 105309.000
5.106 5.655 4.766 10.000 105319.000
5.176 5.863 5.305 10.000 105329.000
5.363 6.143 5.865 10.000 105339.000
5.537 6.335 5.626 10.000 105349.000
5.856 6.181 5.640 10.000 105359.000
6.064 6.023 4.910 10.000 105369.000
6.165 5.801 4.307 10.000 105379.000
6.277 5.667 4.503 10.000 105389.000
6.172 5.358 4.584 10.000 105399.000
5.846 5.118 4.596 10.000 105409.000
5.607 5.164 4.556 10.000 105419.000
5.418 5.238 4.738 10.000 105429.000
5.446 5.487 5.035 10.000 105439.000
5.410 5.755 5.377 10.000 105449.000
5.453 5.832 5.597 10.000 105459.000
5.446 5.880 5.595 10.000 105469.000
5.494 5.940 5.595 10.000 105479.000
5.607 5.980 5.549 10.000 105489.000
5.679 5.963 5.389 10.000 105499.000
5.726 5.971 5.025 11.000 105510.000
5.719 5.966 4.659 10.000 105520.000
5.793 5.966 4.304 10.000 105530.000
5.851 5.995 4.113 9.000 105539.000
5.999 6.019 4.031 11.000 105550.000
6.083 5.999 3.916 10.000 105560.000
6.086 5.975 3.790 9.000 105569.000
5.959 5.861 3.699 12.000 105581.000
5.822 5.779 3.916 9.000 105590.000
5.750 5.741 4.168 10.000 105600.000
5.633 5.846 4.465 10.000 105610.000
5.645 6.042 4.726 10.000 105620.000
5.568 6.141 4.766 10.000 105630.000
5.504 6.169 4.716 10.000 105640.000
5.485 6.054 4.620 10.000 105650.000
5.523 5.918 4.491 10.000 105660.000
5.592 5.827 4.367 10.000 105670.000
5.647 5.784 4.443 10.000 105680.000
5.674 5.798 4.477 10.000 105690.000
5.643 5.834 4.544 9.000 105699.000
5.607 5.925 4.544 11.000 105710.000
5.588 6.047 4.532 10.000 105720.000
5.597 6.112 4.563 10.000 105730.000
5.597 6.179 4.594 9.000 105739.000
5.602 6.191 4.692 11.000 105750.000
5.590 6.153 4.687 10.000 105760.000
5.588 6.112 4.599 9.000 105769.000
5.595 6.069 4.510 11.000 105780.000
5.583 6.016 4.491 10.000 105790.000
5.573 6.004 4.477 10.000 105800.000
5.578 6.047 4.656 10.000 105810.000
5.597 6.138 4.750 10.000 105820.000
5.635 6.239 4.774 10.000 105830.000
5.638 6.282 4.716 10.000 105840.000
5.621 6.208 4.582 10.000 105850.000
5.590 6.086 4.534 10.000 105860.000
5.609 5.997 4.491 10.000 105870.000
5.664 5.966 4.529 10.000 105880.000
5.679 6.016 4.558 10.000 105890.000
5.657 6.098 4.584 10.000 105900.000
5.585 6.145 4.606 10.000 105910.000
5.535 6.181 4.666 10.000 105920.000
5.521 6.200 4.702 10.000 105930.000
5.559 6.186 4.711 9.000 105939.000
5.590 6.174 4.663 11.000 105950.000
5.600 6.174 4.577 10.000 105960.000
5.588 6.143 4.486 9.000 105969.000
5.576 6.131 4.448 11.000 105980.000
5.571 6.117 4.467 10.000 105990.000
5.580 6.114 4.505 10.000 106000.000
5.612 6.143 4.548 10.000 106010.000
5.602 6.165 4.594 10.000 106020.000
5.600 6.191 4.618 10.000 106030.000
5.583 6.205 4.623 10.000 106040.000
5.523 6.215 4.639 10.000 106050.000
5.487 6.215 4.630 10.000 106060.000
5.482 6.191 4.630 10.000 106070.000
5.523 6.160 4.606 10.000 106080.000
5.607 6.133 4.570 9.000 106089.000
5.676 6.114 4.599 11.000 106100.000
5.683 6.145 4.584 10.000 106110.000
5.645 6.184 4.594 10.000 106120.000
5.600 6.217 4.606 10.000 106130.000
5.568 6.244 4.553 9.000 106139.000
5.595 6.248 4.551 11.000 106150.000
5.612 6.222 4.582 10.000 106160.000
5.635 6.200 4.611 9.000 106169.000
5.667 6.181 4.654 11.000 106180.000
5.664 6.153 4.702 10.000 106190.000
5.667 6.165 4.687 9.000 106199.000
5.674 6.165 4.668 11.000 106210.000
5.674 6.162 4.635 10.000 106220.000
5.667 6.148 4.606 10.000 106230.000
5.633 6.131 4.513 10.000 106240.000
5.595 6.126 4.424 10.000 106250.000
5.561 6.100 4.352 10.000 106260.000
5.535 6.086 4.276 10.000 106270.000
5.585 6.054 4.357 10.000 106280.000
5.619 6.023 4.364 10.000 106290.000
5.647 6.014 4.355 10.000 106300.000
5.623 6.016 4.247 10.000 106310.000
5.554 6.028 4.074 10.000 106320.000
5.482 6.028 4.058 10.000 106330.000
5.463 6.042 4.122 9.000 106339.000
5.497 6.045 4.285 11.000 106350.000
5.556 6.054 4.410 10.000 106360.000
5.635 6.076 4.453 9.000 106369.000
5.643 6.078 4.388 11.000 106380.000
5.626 6.086 4.343 10.000 106390.000
5.583 6.086 4.335 10.000 106400.000
5.573 6.078 4.400 10.000 106410.000
5.612 6.102 4.469 10.000 106420.000
5.674 6.121 4.520 10.000 106430.000
5.700 6.148 4.568 10.000 106440.000
5.693 6.181 4.544 10.000 106450.000
5.664 6.181 4.546 10.000 106460.000
5.633 6.165 4.508 10.000 106470.000
5.638 6.141 4.472 10.000 106480.000
5.657 6.114 4.472 10.000 106490.000
5.669 6.095 4.467 10.000 106500.000
5.655 6.112 4.544 10.000 106510.000
5.623 6.145 4.647 10.000 106520.000
5.578 6.181 4.714 10.000 106530.000
5.561 6.220 4.754 9.000 106539.000
5.561 6.260 4.771 11.000 106550.000
5.578 6.284 4.762 10.000 106560.000
5.607 6.270 4.659 9.000 106569.000
5.607 6.253 4.582 11.000 106580.000
5.659 6.172 4.352 10.000 106590.000
5.688 6.098 4.235 10.000 106600.000
5.705 6.062 4.211 10.000 106610.000
5.691 6.081 4.230 10.000 106620.000
5.635 6.143 4.386 10.000 106630.000
5.683 6.299 4.374 10.000 106640.000
5.817 6.215 3.998 10.000 106650.000
5.983 6.076 3.579 10.000 106660.000
5.832 5.822 3.409 10.000 106670.000
5.492 5.621 3.426 10.000 106680.000
5.066 5.659 3.806 10.000 106690.000
4.903 5.913 4.642 10.000 106700.000
5.056 6.282 5.228 10.000 106710.000
5.372 6.497 5.671 10.000 106720.000
5.714 6.615 5.810 10.000 106730.000
5.793 6.517 5.494 9.000 106739.000
5.925 6.358 5.147 11.000 106750.000
6.004 6.200 4.812 9.000 106759.000
6.038 6.076 4.769 10.000 106769.000
6.076 5.959 4.800 11.000 106780.000
6.062 5.901 4.862 10.000 106790.000
6.038 5.951 4.855 10.000 106800.000
6.064 6.234 4.790 10.000 106810.000
6.086 6.509 4.651 10.000 106820.000
6.050 6.732 4.424 10.000 106830.000
6.023 6.847 4.266 10.000 106840.000
5.990 6.634 4.084 10.000 106850.000
5.906 6.291 3.512 10.000 106860.000
5.880 6.002 3.028 10.000 106870.000
5.877 5.640 2.597 10.000 106880.000
5.851 5.439 2.260 10.000 106890.000
5.863 5.561 2.736 10.000 106900.000
5.796 5.829 3.414 10.000 106910.000
5.705 6.169 4.039 10.000 106920.000
5.573 6.505 4.501 10.000 106930.000
5.530 6.483 4.335 10.000 106940.000
5.566 6.315 3.969 10.000 106950.000
5.652 6.076 3.584 10.000 106960.000
5.779 5.841 3.361 9.000 106969.000
5.810 5.841 3.411 11.000 106980.000
5.894 5.892 3.564 10.000 106990.000
5.928 6.014 3.737 10.000 107000.000
5.975 6.160 3.933 10.000 107010.000
6.042 6.234 4.060 10.000 107020.000
6.023 6.299 4.074 10.000 107030.000
5.992 6.335 4.127 10.000 107040.000
5.947 6.347 4.156 11.000 107051.000
5.913 6.368 4.187 9.000 107060.000
5.906 6.354 4.237 10.000 107070.000
5.911 6.368 4.249 10.000 107080.000
5.906 6.380 4.218 10.000 107090.000
5.889 6.382 4.185 10.000 107100.000
5.913 6.378 4.153 10.000 107110.000
5.930 6.382 4.132 10.000 107120.000
5.956 6.390 4.153 10.000 107130.000
5.980 6.366 4.118 9.000 107139.000
5.971 6.344 4.070 11.000 107150.000
5.925 6.301 4.055 10.000 107160.000
5.887 6.306 4.029 10.000 107170.000
5.851 6.342 4.060 10.000 107180.000
5.829 6.397 4.106 10.000 107190.000
5.851 6.447 4.074 10.000 107200.000
5.865 6.449 4.055 10.000 107210.000
5.861 6.423 3.991 10.000 107220.000
5.841 6.378 3.912 10.000 107230.000
5.813 6.323 3.902 10.000 107240.000
5.798 6.291 3.866 10.000 107250.000
5.803 6.289 3.876 10.000 107260.000
5.798 6.265 3.907 10.000 107270.000
5.803 6.268 3.902 10.000 107280.000
5.837 6.246 3.960 10.000 107290.000
5.863 6.256 4.005 10.000 107300.000
5.899 6.287 4.029 10.000 107310.000
5.899 6.306 4.036 10.000 107320.000
5.875 6.308 4.010 10.000 107330.000
5.858 6.279 3.995 10.000 107340.000
5.841 6.263 3.986 10.000 107350.000
5.861 6.258 3.993 10.000 107360.000
5.853 6.263 3.991 10.000 107370.000
5.865 6.258 4.022 10.000 107380.000
5.877 6.241 4.048 10.000 107390.000
5.889 6.241 4.053 10.000 107400.000
5.908 6.248 4.065 10.000 107410.000
5.856 6.246 4.034 10.000 107420.000
5.813 6.229 3.950 10.000 107430.000
5.770 6.196 3.888 10.000 107440.000
5.712 6.155 3.794 10.000 107450.000
5.707 6.133 3.711 10.000 107460.000
5.679 6.131 3.699 10.000 107470.000
5.676 6.145 3.763 10.000 107480.000
5.688 6.167 3.859 10.000 107490.000
5.765 6.193 4.005 10.000 107500.000
5.846 6.203 4.106 10.000 107510.000
5.901 6.196 4.129 10.000 107520.000
5.923 6.208 4.084 10.000 107530.000
5.880 6.215 3.988 10.000 107540.000
5.841 6.229 3.983 10.000 107550.000
5.844 6.241 4.000 11.000 107561.000
5.880 6.234 4.086 9.000 107570.000
5.947 6.198 4.175 10.000 107580.000
6.019 6.167 4.199 10.000 107590.000
6.016 6.172 4.168 10.000 107600.000
5.940 6.217 4.149 10.000 107610.000
5.832 6.291 4.127 10.000 107620.000
5.719 6.356 4.086 10.000 107630.000
5.705 6.244 3.890 10.000 107640.000
5.765 6.090 3.682 10.000 107650.000
5.889 5.880 3.572 10.000 107660.000
6.019 5.679 3.481 10.000 107670.000
5.949 5.762 3.617 10.000 107680.000
5.815 5.995 3.715 10.000 107690.000
5.616 6.284 3.715 10.000 107700.000
5.576 6.550 3.533 10.000 107710.000
5.669 6.675 3.313 10.000 107720.000
5.894 6.387 3.244 10.000 107730.000
5.918 6.105 3.588 9.000 107739.000
5.784 5.846 4.115 10.000 107749.000
5.856 5.875 4.627 11.000 107760.000
5.837 6.133 4.944 10.000 107770.000
6.019 6.387 4.845 10.000 107780.000
6.208 6.502 4.697 10.000 107790.000
6.191 6.330 4.563 10.000 107800.000
6.200 6.102 4.580 10.000 107810.000
6.196 5.975 4.558 10.000 107820.000
6.184 5.987 4.587 10.000 107830.000
6.200 6.002 4.654 10.000 107840.000
6.215 6.105 4.654 10.000 107850.000
6.287 6.174 4.493 10.000 107860.000
6.284 6.248 4.307 10.000 107870.000
6.253 6.320 4.082 10.000 107880.000
6.186 6.368 3.907 10.000 107890.000
6.133 6.392 3.689 10.000 107900.000
6.155 6.411 3.497 10.000 107910.000
6.090 6.157 3.066 10.000 107920.000
6.062 5.928 2.585 10.000 107930.000
5.971 5.657 2.592 9.000 107939.000
5.961 5.631 2.870 11.000 107950.000
6.038 5.877 3.387 10.000 107960.000
6.011 6.284 4.048 9.000 107969.000
5.990 6.689 4.462 12.000 107981.000
5.815 6.756 4.527 9.000 107990.000
5.645 6.727 4.510 10.000 108000.000
5.578 6.538 4.350 10.000 108010.000
5.588 6.344 4.098 10.000 108020.000
5.712 6.193 4.003 10.000 108030.000
5.832 6.138 3.988 10.000 108040.000
5.937 6.086 3.938 10.000 108050.000
5.966 6.038 3.979 10.000 108060.000
5.916 6.090 3.892 10.000 108070.000
5.872 6.133 3.816 10.000 108080.000
5.844 6.174 3.775 10.000 108090.000
5.820 6.193 3.722 10.000 108100.000
5.832 6.162 3.720 10.000 108110.000
5.837 6.124 3.730 10.000 108120.000
5.851 6.117 3.801 10.000 108130.000
5.861 6.131 3.885 9.000 108139.000
5.822 6.208 4.024 11.000 108150.000
5.683 6.287 4.283 10.000 108160.000
5.535 6.335 4.479 10.000 108170.000
5.303 6.370 4.685 10.000 108180.000
5.118 6.344 4.836 10.000 108190.000
5.063 6.380 4.841 10.000 108200.000
5.056 6.361 4.644 10.000 108210.000
5.133 6.354 4.438 10.000 108220.000
5.042 6.275 4.611 10.000 108230.000
4.922 6.148 4.788 10.000 108240.000
4.323 6.186 5.810 10.000 108250.000
3.450 6.172 6.586 10.000 108260.000
2.743 6.229 6.983 10.000 108270.000
2.348 6.311 7.170 10.000 108280.000
2.858 6.366 6.466 10.000 108290.000
