# Accelerometer Data File
# 
#
#
# sensor Vendor: Bosch
# sensor Name: BMA254
# sensor Resolution: 0.009576807m/sec^2; Max Range: 39.2; Min Delay: 10000 microseconds
# The sensor's attributes are the result hardware and the Android capabilities.
# It means that the Android may not utilize all features provided by the hardware.
#
# Some devices and Android versions save battery too much so the device may go to sleep.
# It just happens after couple of minutes from turning off the scree and it is easy to find it out.
#
# The following file provides the data from accelerometer in the m/s^2 format.
# The diff value is just a time delta between the samples
#
#
# data format:
# so we have 4 columns with values separated by the " "
# X Y Z time_from_previous_sample(ms)

# sensor speed set to:FASTEST
# units set to: m/sec^2
# gravity NOT filtered out
# Accuracy: HIGH
-12.959 -2.418 6.119 10.000 29100.000
-13.192 -1.762 6.282 10.000 29110.000
-13.204 -1.462 6.117 10.000 29120.000
-12.828 -0.957 5.724 10.000 29130.000
-12.603 -0.854 5.341 10.000 29140.000
-12.229 -0.725 5.094 10.000 29150.000
-11.693 -0.493 5.003 10.000 29160.000
-12.109 -1.108 5.298 10.000 29170.000
-12.184 -2.142 5.535 10.000 29180.000
-12.406 -3.203 5.635 10.000 29190.000
-11.944 -3.473 5.001 10.000 29200.000
-11.705 -3.052 3.620 10.000 29210.000
-11.808 -2.212 2.296 10.000 29220.000
-12.844 -2.092 1.194 10.000 29230.000
-14.566 -2.762 0.828 10.000 29240.000
-15.531 -3.758 1.259 10.000 29250.000
-15.835 -4.103 0.900 11.000 29261.000
-15.205 -3.727 0.318 9.000 29270.000
-14.154 -2.540 -0.665 10.000 29280.000
-13.072 -1.077 -1.857 10.000 29290.000
-12.385 -0.351 -2.145 10.000 29300.000
-11.267 0.189 -2.849 10.000 29310.000
-10.570 -0.081 -3.150 10.000 29320.000
-9.550 -0.071 -3.593 10.000 29330.000
-8.779 0.050 -4.144 10.000 29340.000
-8.439 0.356 -4.278 10.000 29350.000
-8.006 0.770 -4.170 10.000 29360.000
-7.896 0.905 -3.921 10.000 29370.000
-7.127 1.436 -3.416 10.000 29380.000
-6.208 2.149 -2.839 10.000 29390.000
-5.382 2.755 -2.504 10.000 29400.000
-4.709 3.193 -2.152 10.000 29410.000
-4.711 3.208 -2.063 10.000 29420.000
-4.783 3.181 -2.087 10.000 29430.000
-4.797 2.949 -1.934 10.000 29440.000
-4.659 2.885 -1.798 10.000 29450.000
-4.000 2.959 -1.338 10.000 29460.000
-3.423 2.892 -0.837 10.000 29470.000
-3.189 2.803 -0.284 10.000 29480.000
-4.010 2.592 0.397 10.000 29490.000
-5.351 2.243 0.756 10.000 29500.000
-6.751 1.972 0.900 10.000 29510.000
-7.575 1.927 0.964 10.000 29520.000
-7.343 2.003 0.900 10.000 29530.000
-7.146 1.850 0.833 10.000 29540.000
-6.890 1.618 0.981 10.000 29550.000
-7.007 1.194 1.120 10.000 29560.000
-7.299 1.113 1.237 10.000 29570.000
-7.556 1.261 1.357 10.000 29580.000
-7.812 1.539 1.498 10.000 29590.000
-7.987 2.011 1.498 10.000 29600.000
-7.972 2.123 1.896 10.000 29610.000
-8.360 2.118 2.734 10.000 29620.000
-8.748 1.984 3.550 10.000 29630.000
-9.919 1.771 4.314 10.000 29640.000
-10.754 1.759 5.276 10.000 29650.000
-11.188 1.865 5.798 10.000 29660.000
-11.599 1.836 6.505 10.000 29670.000
-11.228 1.886 7.264 10.000 29680.000
-10.797 1.716 7.503 10.000 29690.000
-9.837 1.759 7.975 10.000 29700.000
-8.899 1.936 8.262 10.000 29710.000
-7.364 2.070 8.793 10.000 29720.000
-6.239 2.240 9.270 10.000 29730.000
-5.839 1.963 9.361 10.000 29740.000
-5.961 1.611 9.277 10.000 29750.000
-6.679 1.302 8.949 10.000 29760.000
-7.283 1.283 8.571 10.000 29770.000
-7.481 1.335 8.274 10.000 29780.000
-7.158 1.462 8.152 10.000 29790.000
-6.727 1.525 8.257 10.000 29800.000
-6.411 1.297 8.413 10.000 29810.000
-6.148 1.139 8.731 10.000 29820.000
-6.071 0.818 9.117 10.000 29830.000
-6.102 0.562 9.275 10.000 29840.000
-6.208 0.380 9.423 10.000 29850.000
-6.469 0.292 9.481 10.000 29860.000
-6.390 0.383 9.406 10.000 29870.000
-6.169 0.488 9.490 10.000 29880.000
-5.875 0.519 9.583 10.000 29890.000
-5.374 0.610 9.557 10.000 29900.000
-4.872 0.553 9.497 10.000 29910.000
-4.510 0.481 9.279 10.000 29920.000
-4.541 -0.098 8.983 10.000 29930.000
-4.778 -0.737 8.805 10.000 29940.000
-5.647 -1.357 8.698 10.000 29950.000
-6.394 -1.920 8.427 10.000 29960.000
-6.749 -1.975 8.236 9.000 29969.000
-7.010 -2.051 8.018 11.000 29980.000
-6.794 -2.015 7.829 10.000 29990.000
-6.904 -2.394 7.958 10.000 30000.000
-7.285 -2.853 8.401 10.000 30010.000
-7.759 -3.292 8.870 10.000 30020.000
-8.403 -3.469 9.445 10.000 30030.000
-8.796 -3.303 9.916 10.000 30040.000
-8.918 -3.057 10.074 9.000 30049.000
-8.860 -2.858 10.189 11.000 30060.000
-8.633 -2.920 10.199 10.000 30070.000
-7.960 -2.631 9.773 9.000 30079.000
-6.945 -2.437 9.172 11.000 30090.000
-6.110 -2.195 8.614 10.000 30100.000
-5.406 -2.080 7.963 10.000 30110.000
-5.195 -2.303 7.694 10.000 30120.000
-5.504 -2.147 7.465 10.000 30130.000
-5.786 -1.989 7.489 10.000 30140.000
-5.937 -1.704 7.606 10.000 30150.000
-6.107 -1.601 7.797 10.000 30160.000
-6.423 -1.905 7.975 11.000 30171.000
-6.766 -2.212 7.898 9.000 30180.000
-7.536 -2.724 7.876 10.000 30190.000
-8.288 -3.055 7.781 10.000 30200.000
-8.968 -3.378 7.809 10.000 30210.000
-9.804 -3.524 7.841 10.000 30220.000
-10.211 -3.464 7.817 10.000 30230.000
-10.704 -3.485 7.764 10.000 30240.000
-10.778 -3.507 7.596 13.000 30253.000
-10.697 -3.706 7.426 7.000 30260.000
-10.450 -3.713 7.060 10.000 30270.000
-10.117 -3.639 6.722 10.000 30280.000
-9.844 -2.990 6.514 10.000 30290.000
-9.576 -2.296 6.543 14.000 30304.000
-9.473 -1.793 6.768 6.000 30310.000
-9.320 -1.091 7.103 10.000 30320.000
-9.275 -0.847 7.450 10.000 30330.000
-9.107 -0.220 7.474 10.000 30340.000
-9.021 0.584 7.639 10.000 30350.000
-8.985 1.189 7.694 10.000 30360.000
-9.030 1.920 7.905 10.000 30370.000
-9.126 2.358 8.315 13.000 30383.000
-9.141 2.619 8.583 7.000 30390.000
-8.832 3.083 8.640 10.000 30400.000
-8.441 3.423 8.542 10.000 30410.000
-7.831 3.770 8.078 10.000 30420.000
-7.220 4.118 7.613 10.000 30430.000
-6.840 4.402 7.287 10.000 30440.000
-6.373 4.984 6.823 10.000 30450.000
-6.193 5.422 6.612 10.000 30460.000
-6.098 6.057 6.215 12.000 30472.000
-6.531 6.526 5.887 10.000 30482.000
-7.050 6.698 5.698 12.000 30494.000
-7.881 6.907 5.382 10.000 30504.000
-8.628 6.919 5.252 6.000 30510.000
-9.188 6.909 4.881 10.000 30520.000
-9.931 6.744 4.441 10.000 30530.000
-10.362 6.543 4.127 10.000 30540.000
-10.642 6.531 3.476 10.000 30550.000
-10.673 6.564 3.069 10.000 30560.000
-10.699 6.667 2.681 10.000 30570.000
-10.714 6.449 2.133 10.000 30580.000
-10.879 6.042 1.922 10.000 30590.000
-10.572 5.729 1.474 10.000 30600.000
-9.636 5.358 1.328 10.000 30610.000
-8.712 5.307 1.343 10.000 30620.000
-7.754 5.420 1.632 10.000 30630.000
-7.268 5.439 2.159 10.000 30640.000
-7.862 5.418 1.994 10.000 30650.000
-8.501 5.307 1.798 10.000 30660.000
-9.174 5.035 1.326 10.000 30670.000
-9.708 5.125 0.754 10.000 30680.000
-9.615 5.401 0.622 10.000 30690.000
-9.691 5.815 0.371 10.000 30700.000
-10.019 5.908 0.296 10.000 30710.000
-10.486 5.638 0.323 10.000 30720.000
-10.769 5.367 0.383 10.000 30730.000
-10.967 4.695 0.828 10.000 30740.000
-10.915 4.343 1.096 10.000 30750.000
-10.836 3.701 1.642 10.000 30760.000
-10.941 3.059 2.154 10.000 30770.000
-10.773 3.081 2.384 10.000 30780.000
-9.983 3.670 2.209 10.000 30790.000
-9.220 4.548 1.757 10.000 30800.000
-8.025 5.509 1.553 10.000 30810.000
-6.971 6.157 1.398 10.000 30820.000
-6.596 6.332 2.025 10.000 30830.000
-6.457 6.440 2.624 10.000 30840.000
-6.749 6.466 2.973 10.000 30850.000
-6.873 6.502 3.117 10.000 30860.000
-6.818 6.220 2.961 10.000 30870.000
-6.526 6.004 2.834 10.000 30880.000
-6.248 5.892 2.772 10.000 30890.000
-6.138 5.770 2.916 10.000 30900.000
-6.033 5.870 2.796 10.000 30910.000
-5.635 6.162 2.839 10.000 30920.000
-5.224 6.351 2.817 10.000 30930.000
-4.982 6.610 2.837 10.000 30940.000
-4.860 6.871 3.040 10.000 30950.000
-5.394 6.751 3.327 10.000 30960.000
-5.844 6.643 3.569 10.000 30970.000
-6.124 6.466 3.770 10.000 30980.000
-6.129 5.918 3.983 10.000 30990.000
-5.770 5.559 3.950 10.000 31000.000
-5.267 5.370 4.058 10.000 31010.000
-4.551 5.442 4.333 10.000 31020.000
-4.110 5.884 4.596 10.000 31030.000
-3.627 6.129 5.123 10.000 31040.000
-3.313 5.839 5.365 10.000 31050.000
-3.213 5.288 5.439 10.000 31060.000
-2.602 4.625 5.228 10.000 31070.000
-2.035 4.161 4.754 10.000 31080.000
-1.165 3.641 4.144 10.000 31090.000
-0.167 2.992 3.586 10.000 31100.000
0.320 2.456 3.313 10.000 31110.000
0.648 1.786 3.253 10.000 31120.000
0.617 1.522 3.519 10.000 31130.000
0.205 1.290 3.945 10.000 31140.000
-0.435 0.926 4.508 10.000 31150.000
-0.916 0.696 4.857 10.000 31160.000
-1.436 0.272 5.307 10.000 31170.000
-1.802 -0.198 5.729 10.000 31180.000
-1.939 -0.538 6.014 10.000 31190.000
-1.742 -0.624 6.622 10.000 31200.000
-1.508 -0.517 7.129 10.000 31210.000
-0.969 -0.435 7.716 10.000 31220.000
-0.220 -0.543 8.475 10.000 31230.000
0.196 -0.905 8.911 10.000 31240.000
0.464 -1.537 9.459 10.000 31250.000
0.526 -1.996 9.744 10.000 31260.000
-0.134 -2.667 10.077 10.000 31270.000
-0.940 -3.040 10.508 10.000 31280.000
-1.599 -3.143 10.826 10.000 31290.000
-2.181 -3.184 11.147 10.000 31300.000
-2.351 -3.105 11.470 10.000 31310.000
-2.375 -3.323 11.695 10.000 31320.000
-2.480 -3.502 11.982 10.000 31330.000
-2.662 -3.744 12.267 10.000 31340.000
-2.377 -3.339 12.284 10.000 31350.000
-1.958 -2.971 12.294 10.000 31360.000
-1.458 -2.640 12.241 10.000 31370.000
-1.043 -2.748 12.076 10.000 31380.000
-0.995 -3.222 11.956 10.000 31390.000
-1.127 -3.318 11.925 10.000 31400.000
-1.276 -3.028 11.918 10.000 31410.000
-1.338 -2.300 12.023 10.000 31420.000
-1.944 -1.900 12.009 10.000 31430.000
-2.817 -2.059 11.824 12.000 31442.000
-3.675 -2.602 11.616 8.000 31450.000
-4.393 -3.215 11.310 10.000 31460.000
-4.568 -3.500 11.123 9.000 31469.000
-4.254 -3.552 11.099 10.000 31479.000
-3.679 -3.545 11.121 11.000 31490.000
-3.244 -3.469 11.240 10.000 31500.000
-2.518 -3.280 11.264 10.000 31510.000
-1.968 -3.107 11.214 9.000 31519.000
-1.601 -3.031 10.953 11.000 31530.000
-1.321 -3.201 10.759 10.000 31540.000
-1.331 -3.483 10.661 9.000 31549.000
-1.467 -3.689 10.534 11.000 31560.000
-1.757 -3.888 10.642 10.000 31570.000
-1.960 -3.840 10.682 10.000 31580.000
-2.458 -3.799 10.903 10.000 31590.000
-2.829 -3.835 11.152 10.000 31600.000
-3.220 -3.643 11.310 10.000 31610.000
-3.476 -3.371 11.475 10.000 31620.000
-3.438 -3.090 11.461 10.000 31630.000
-3.457 -2.961 11.370 11.000 31641.000
-3.380 -3.031 11.300 9.000 31650.000
-3.447 -3.332 11.123 10.000 31660.000
-3.459 -3.701 10.817 10.000 31670.000
-3.414 -3.919 10.587 10.000 31680.000
-3.306 -4.058 10.249 10.000 31690.000
-3.189 -4.046 10.012 10.000 31700.000
-3.059 -3.857 9.825 13.000 31713.000
-2.760 -3.739 9.540 7.000 31720.000
-2.523 -3.701 9.363 10.000 31730.000
-2.257 -3.854 9.181 10.000 31740.000
-2.126 -4.089 9.095 10.000 31750.000
-2.164 -4.252 9.107 12.000 31762.000
-2.173 -4.424 9.062 8.000 31770.000
-2.212 -4.405 9.021 10.000 31780.000
-2.147 -4.489 8.971 10.000 31790.000
-2.102 -4.580 8.983 10.000 31800.000
-2.085 -4.661 9.052 10.000 31810.000
-2.013 -4.793 9.232 10.000 31820.000
-1.977 -4.850 9.404 10.000 31830.000
-1.881 -5.006 9.617 10.000 31840.000
-1.721 -5.233 9.765 10.000 31850.000
-1.616 -5.410 9.804 10.000 31860.000
-1.407 -5.729 9.773 10.000 31870.000
-1.247 -6.062 9.653 10.000 31880.000
-1.151 -6.323 9.598 10.000 31890.000
-1.012 -6.555 9.557 10.000 31900.000
-0.976 -6.646 9.586 10.000 31910.000
-0.713 -6.744 9.526 10.000 31920.000
-0.296 -7.041 9.478 10.000 31930.000
0.076 -7.366 9.416 10.000 31940.000
0.457 -7.647 9.447 10.000 31950.000
0.617 -7.800 9.552 10.000 31960.000
0.579 -7.577 9.476 10.000 31970.000
0.517 -7.299 9.239 10.000 31980.000
0.447 -7.067 8.908 10.000 31990.000
0.447 -6.684 8.592 10.000 32000.000
0.181 -6.409 8.808 10.000 32010.000
-0.059 -6.189 9.184 10.000 32020.000
-0.474 -5.918 9.686 10.000 32030.000
-0.957 -5.798 10.175 10.000 32040.000
-1.086 -5.494 10.271 10.000 32050.000
-1.259 -5.070 10.323 10.000 32060.000
-1.259 -4.697 10.249 10.000 32070.000
-1.242 -4.264 10.053 10.000 32080.000
-1.268 -4.084 9.888 10.000 32090.000
-1.738 -3.758 10.010 20.000 32110.000
-2.207 -3.433 10.132 10.000 32120.000
-2.557 -2.786 10.386 10.000 32130.000
-2.853 -1.987 10.649 10.000 32140.000
-2.664 -1.453 10.668 10.000 32150.000
-2.482 -0.778 10.558 10.000 32160.000
-2.437 -0.483 10.438 10.000 32170.000
-2.365 -0.067 10.230 10.000 32180.000
-2.485 0.201 9.864 10.000 32190.000
-2.597 0.328 9.627 10.000 32200.000
-2.841 0.744 9.349 10.000 32210.000
-3.165 0.885 9.150 10.000 32220.000
-3.603 1.266 9.083 10.000 32230.000
-4.218 1.810 8.959 10.000 32240.000
-4.702 2.063 8.875 10.000 32250.000
-5.406 2.272 8.724 10.000 32260.000
-5.755 2.523 8.372 10.000 32270.000
-5.928 2.612 8.078 10.000 32280.000
-5.947 2.832 7.484 10.000 32290.000
-5.746 3.098 6.957 10.000 32300.000
-5.523 3.450 6.540 10.000 32310.000
-5.420 3.825 6.236 10.000 32320.000
-5.470 4.070 6.232 10.000 32330.000
-5.544 4.338 6.153 10.000 32340.000
-5.688 4.386 6.191 10.000 32350.000
-5.367 4.486 5.829 11.000 32361.000
-4.661 4.738 5.181 9.000 32370.000
-3.931 4.965 4.606 10.000 32380.000
-3.184 5.312 3.835 10.000 32390.000
-2.782 5.583 3.351 10.000 32400.000
-2.731 5.899 3.047 10.000 32410.000
-2.410 6.548 2.664 10.000 32420.000
-2.106 7.077 2.477 10.000 32430.000
-1.616 7.915 2.329 10.000 32440.000
-1.335 8.427 2.365 10.000 32450.000
-1.326 8.607 2.480 10.000 32460.000
-1.376 8.468 2.564 10.000 32470.000
-1.613 8.020 2.609 10.000 32480.000
-1.611 7.682 2.542 10.000 32490.000
-1.386 7.412 2.643 10.000 32500.000
-1.101 7.460 2.774 10.000 32510.000
-0.629 7.678 2.834 10.000 32520.000
-0.220 7.915 2.930 10.000 32530.000
0.100 7.994 2.868 10.000 32540.000
0.469 8.037 2.815 10.000 32550.000
0.651 7.910 2.834 10.000 32560.000
0.962 7.733 2.877 10.000 32570.000
1.352 7.606 3.007 10.000 32580.000
1.695 7.515 3.126 10.000 32590.000
1.999 7.299 3.320 10.000 32600.000
2.173 7.134 3.490 10.000 32610.000
1.999 7.015 3.715 10.000 32620.000
1.960 6.581 3.787 10.000 32630.000
1.960 6.272 3.785 10.000 32640.000
2.097 5.645 4.000 10.000 32650.000
2.370 5.013 4.065 10.000 32660.000
2.590 4.508 4.283 10.000 32670.000
3.193 3.725 4.331 10.000 32680.000
3.660 3.260 4.161 10.000 32690.000
4.328 2.691 3.962 10.000 32700.000
4.587 2.221 3.739 10.000 32710.000
4.462 2.030 3.687 10.000 32720.000
4.115 1.865 3.667 10.000 32730.000
3.567 1.805 3.677 10.000 32740.000
3.351 1.960 3.790 10.000 32750.000
2.868 1.948 4.022 10.000 32760.000
2.607 1.910 4.220 10.000 32770.000
2.243 1.685 4.553 10.000 32780.000
1.872 1.331 4.807 10.000 32790.000
1.843 0.974 4.982 10.000 32800.000
1.539 0.363 5.236 10.000 32810.000
1.338 -0.059 5.355 10.000 32820.000
0.964 -0.328 5.789 10.000 32830.000
1.036 -0.225 6.291 10.000 32840.000
1.383 0.131 6.715 10.000 32850.000
1.776 0.411 7.343 10.000 32860.000
2.341 0.536 7.656 10.000 32870.000
1.989 -0.215 7.999 10.000 32880.000
1.367 -1.144 8.303 10.000 32890.000
0.699 -1.996 8.403 10.000 32900.000
-0.483 -2.600 8.793 10.000 32910.000
-1.268 -2.528 9.045 10.000 32920.000
-2.015 -1.862 9.816 10.000 32930.000
-3.373 -1.412 10.393 10.000 32940.000
-4.216 -1.211 10.680 10.000 32950.000
-4.814 -0.569 10.541 10.000 32960.000
-3.679 0.174 10.232 10.000 32970.000
-1.934 1.134 10.117 10.000 32980.000
1.431 2.272 10.278 10.000 32990.000
4.553 2.968 10.864 10.000 33000.000
5.018 2.406 11.192 12.000 33012.000
3.670 1.381 11.901 11.000 33023.000
0.701 0.179 12.334 7.000 33030.000
-2.557 -0.502 12.473 10.000 33040.000
-4.659 -0.445 12.559 10.000 33050.000
-4.015 0.349 12.090 13.000 33063.000
-3.155 0.790 11.702 7.000 33070.000
-2.006 0.711 11.609 10.000 33080.000
-1.544 0.332 11.681 10.000 33090.000
-2.317 -0.198 12.011 11.000 33101.000
-3.306 -0.375 12.260 12.000 33113.000
-3.974 -0.553 12.416 7.000 33120.000
-3.955 -0.430 12.406 10.000 33130.000
-3.289 -0.586 12.433 10.000 33140.000
-2.583 -1.058 12.612 10.000 33150.000
-2.197 -1.529 12.885 10.000 33160.000
-1.872 -1.987 13.259 10.000 33170.000
-1.891 -2.288 13.512 10.000 33180.000
-1.908 -2.102 13.486 10.000 33190.000
-1.783 -2.080 13.469 10.000 33200.000
-1.599 -2.073 13.352 10.000 33210.000
-1.443 -2.173 13.153 10.000 33220.000
-1.331 -2.446 13.081 10.000 33230.000
-1.431 -2.511 12.957 10.000 33240.000
-1.592 -2.707 12.804 10.000 33250.000
-1.723 -2.796 12.732 10.000 33260.000
-1.769 -2.822 12.610 10.000 33270.000
-1.726 -2.959 12.507 10.000 33280.000
-1.623 -2.964 12.433 10.000 33290.000
-1.462 -3.148 12.418 10.000 33300.000
-1.388 -3.394 12.454 10.000 33310.000
-1.290 -3.641 12.466 10.000 33320.000
-1.216 -3.871 12.433 10.000 33330.000
-1.199 -3.921 12.339 10.000 33340.000
-1.237 -3.782 12.138 10.000 33350.000
-1.316 -3.576 11.985 10.000 33360.000
-1.362 -3.325 11.860 10.000 33370.000
-1.288 -3.203 11.726 10.000 33380.000
-1.158 -3.270 11.700 10.000 33390.000
-1.000 -3.406 11.681 10.000 33400.000
-0.876 -3.555 11.643 10.000 33410.000
-0.871 -3.574 11.614 10.000 33420.000
-0.802 -3.440 11.571 10.000 33430.000
-0.761 -3.236 11.520 10.000 33440.000
-0.521 -2.980 11.465 10.000 33450.000
-0.222 -2.631 11.422 10.000 33460.000
0.011 -2.434 11.394 10.000 33470.000
0.308 -2.171 11.401 10.000 33480.000
0.430 -2.011 11.449 10.000 33490.000
0.383 -1.936 11.566 10.000 33500.000
0.138 -1.924 11.753 10.000 33510.000
-0.167 -1.980 11.903 10.000 33520.000
-0.466 -2.047 12.045 10.000 33530.000
-0.565 -2.066 12.026 10.000 33540.000
-0.466 -2.023 11.937 10.000 33550.000
-0.521 -1.972 11.808 10.000 33560.000
-0.584 -1.910 11.688 10.000 33570.000
-0.816 -1.965 11.583 10.000 33580.000
-0.952 -1.989 11.350 10.000 33590.000
-0.936 -2.020 11.159 10.000 33600.000
-1.094 -1.946 10.924 10.000 33610.000
-1.173 -1.810 10.754 10.000 33620.000
-1.359 -1.589 10.702 10.000 33630.000
-1.352 -1.266 10.587 10.000 33640.000
-1.170 -1.048 10.515 10.000 33650.000
-0.960 -0.737 10.445 10.000 33660.000
-0.938 -0.500 10.390 10.000 33670.000
-1.110 -0.366 10.398 10.000 33680.000
-1.407 -0.169 10.338 10.000 33690.000
-1.733 -0.067 10.275 10.000 33700.000
-1.699 0.162 10.170 10.000 33710.000
-1.539 0.428 10.060 10.000 33720.000
-1.254 0.632 10.017 10.000 33730.000
-1.036 0.845 9.998 10.000 33740.000
-0.976 0.890 10.017 10.000 33750.000
-1.156 0.924 10.079 10.000 33760.000
-1.403 0.991 10.184 10.000 33770.000
-1.582 1.048 10.266 10.000 33780.000
-1.824 1.192 10.321 10.000 33790.000
-1.953 1.312 10.338 10.000 33800.000
-2.114 1.424 10.251 10.000 33810.000
-2.233 1.683 10.132 11.000 33821.000
-2.291 1.855 10.038 9.000 33830.000
-2.389 2.116 9.758 10.000 33840.000
-2.439 2.533 9.418 10.000 33850.000
-2.530 2.803 9.112 10.000 33860.000
-2.705 3.320 8.676 10.000 33870.000
-2.839 3.749 8.427 10.000 33880.000
-2.935 4.127 8.176 10.000 33890.000
-2.985 4.740 7.783 10.000 33900.000
-2.952 5.106 7.520 10.000 33910.000
-2.806 5.638 7.024 10.000 33920.000
-2.647 6.038 6.651 10.000 33930.000
-2.559 6.318 6.251 10.000 33940.000
-2.542 6.730 5.707 10.000 33950.000
-2.638 6.976 5.396 10.000 33960.000
-2.796 7.206 5.006 10.000 33970.000
-2.913 7.326 4.649 10.000 33980.000
-2.959 7.314 4.436 10.000 33990.000
-2.987 7.273 4.031 10.000 34000.000
-2.954 7.249 3.706 10.000 34010.000
-2.896 7.196 3.289 10.000 34020.000
-2.724 7.144 2.645 10.000 34030.000
-2.568 7.120 2.193 10.000 34040.000
-2.312 7.072 1.635 10.000 34050.000
-2.097 7.048 1.302 10.000 34060.000
-1.984 7.015 1.086 10.000 34070.000
-1.927 6.967 0.895 10.000 34080.000
-1.970 6.943 0.809 10.000 34090.000
-2.130 6.854 0.768 10.000 34100.000
-2.324 6.619 0.998 10.000 34110.000
-2.463 6.399 1.204 10.000 34120.000
-2.506 6.169 1.412 10.000 34130.000
-2.432 6.004 1.575 10.000 34140.000
-2.169 6.004 1.493 10.000 34150.000
-1.929 5.803 1.431 10.000 34160.000
-1.786 5.612 1.367 10.000 34170.000
-1.568 5.370 1.405 10.000 34180.000
-1.517 5.118 1.527 10.000 34190.000
-1.498 5.080 1.778 10.000 34200.000
-1.510 5.090 2.097 10.000 34210.000
-1.596 5.149 2.312 10.000 34220.000
-1.783 4.898 2.628 10.000 34230.000
-1.927 4.259 2.920 10.000 34240.000
-2.039 3.572 3.145 10.000 34250.000
-2.020 2.580 3.509 10.000 34260.000
-1.900 1.900 3.773 10.000 34270.000
-1.395 1.628 4.129 10.000 34280.000
-1.019 1.479 4.898 10.000 34290.000
-0.775 1.635 5.528 10.000 34300.000
-1.199 1.752 6.507 10.000 34310.000
-1.996 1.838 7.268 10.000 34320.000
-2.956 1.618 7.738 10.000 34330.000
-3.797 1.130 8.097 10.000 34340.000
-3.969 0.679 8.106 10.000 34350.000
-3.919 0.095 8.097 11.000 34361.000
-3.435 -0.196 8.032 9.000 34370.000
-3.071 -0.220 8.078 10.000 34380.000
-2.504 -0.153 8.192 10.000 34390.000
-2.159 0.047 8.327 10.000 34400.000
-1.793 0.167 8.413 10.000 34410.000
-1.369 0.244 8.623 10.000 34420.000
-1.149 0.229 8.765 10.000 34430.000
-1.089 -0.476 9.193 10.000 34440.000
-1.192 -1.211 9.605 10.000 34450.000
-1.630 -1.900 10.002 10.000 34460.000
-1.996 -2.188 10.309 10.000 34470.000
-2.202 -1.783 10.328 10.000 34480.000
-1.807 -1.438 10.165 10.000 34490.000
-0.988 -1.307 10.005 10.000 34500.000
-0.241 -1.577 9.935 19.000 34519.000
0.275 -2.030 10.189 11.000 34530.000
-0.148 -2.226 10.905 10.000 34540.000
-0.675 -2.102 11.370 10.000 34550.000
-1.201 -1.977 11.834 10.000 34560.000
-1.206 -2.023 12.016 10.000 34570.000
-0.871 -2.264 11.918 10.000 34580.000
-0.919 -3.014 11.923 10.000 34590.000
-0.701 -3.624 11.868 10.000 34600.000
-0.775 -3.883 11.772 10.000 34610.000
-0.356 -4.137 11.609 10.000 34620.000
0.402 -3.993 11.482 10.000 34630.000
0.610 -4.244 11.511 10.000 34640.000
0.565 -4.589 11.319 10.000 34650.000
0.000 -5.159 11.374 13.000 34663.000
-0.565 -5.729 11.429 7.000 34670.000
-1.031 -6.050 11.585 10.000 34680.000
-1.244 -6.277 11.961 10.000 34690.000
-1.221 -6.258 12.038 20.000 34710.000
-1.431 -6.167 12.437 10.000 34720.000
-1.963 -6.095 12.624 11.000 34731.000
-2.494 -6.023 12.811 13.000 34744.000
-3.169 -6.215 12.873 6.000 34750.000
-3.610 -6.478 12.612 10.000 34760.000
-3.098 -6.368 12.389 10.000 34770.000
-2.444 -6.552 12.358 9.000 34779.000
-1.857 -6.500 12.571 10.000 34789.000
-0.921 -6.184 12.500 10.000 34799.000
-0.588 -6.576 12.392 11.000 34810.000
-0.397 -6.675 12.093 9.000 34819.000
-0.773 -7.156 11.932 10.000 34829.000
-1.498 -7.900 12.057 11.000 34840.000
-2.140 -8.626 12.205 9.000 34849.000
-2.542 -9.239 12.258 11.000 34860.000
-2.377 -9.469 12.172 12.000 34872.000
-2.049 -10.292 12.145 9.000 34881.000
-1.534 -11.207 12.121 13.000 34894.000
-1.259 -12.234 12.193 5.000 34899.000
-0.766 -12.492 12.212 11.000 34910.000
-0.435 -12.157 12.172 10.000 34920.000
-0.021 -10.568 11.939 13.000 34933.000
0.395 -8.279 11.528 7.000 34940.000
0.593 -6.758 11.168 10.000 34950.000
0.907 -4.661 10.654 20.000 34970.000
1.410 -3.423 10.366 9.000 34979.000
2.094 -2.875 10.398 10.000 34989.000
2.779 -2.327 10.429 10.000 34999.000
3.687 -2.226 10.582 10.000 35009.000
4.209 -2.087 10.687 11.000 35020.000
4.738 -2.027 10.342 9.000 35029.000
5.082 -2.080 9.708 10.000 35039.000
5.090 -2.262 9.107 11.000 35050.000
4.841 -2.712 8.291 10.000 35060.000
4.675 -2.997 7.465 9.000 35069.000
5.714 -3.189 6.550 20.000 35089.000
6.754 -3.380 5.635 10.000 35099.000
8.221 -3.624 4.757 10.000 35109.000
8.681 -4.335 4.367 10.000 35119.000
8.121 -5.027 4.355 10.000 35129.000
6.821 -5.853 4.271 10.000 35139.000
5.348 -6.359 4.367 10.000 35149.000
4.453 -6.251 4.513 11.000 35160.000
3.605 -5.832 5.063 10.000 35170.000
3.497 -5.279 5.686 10.000 35180.000
3.840 -4.283 6.998 21.000 35201.000
4.338 -3.529 8.092 9.000 35210.000
5.092 -3.234 8.597 10.000 35220.000
5.846 -2.940 9.102 10.000 35230.000
5.889 -3.016 9.107 10.000 35240.000
5.801 -2.664 8.547 10.000 35250.000
5.408 -2.164 8.171 10.000 35260.000
4.876 -1.458 7.553 10.000 35270.000
4.606 -0.823 6.746 10.000 35280.000
4.237 -0.414 6.615 10.000 35290.000
3.830 0.402 6.588 10.000 35300.000
3.562 1.012 6.804 10.000 35310.000
3.165 1.956 7.034 10.000 35320.000
2.997 2.695 7.153 10.000 35330.000
2.880 3.296 7.220 10.000 35340.000
2.817 4.273 7.101 10.000 35350.000
2.885 4.917 6.967 10.000 35360.000
3.026 5.679 6.888 10.000 35370.000
3.201 6.287 6.880 10.000 35380.000
3.320 6.519 7.060 10.000 35390.000
3.459 6.909 7.230 10.000 35400.000
3.524 7.182 7.345 10.000 35410.000
3.454 7.489 7.326 10.000 35420.000
3.272 7.836 7.410 10.000 35430.000
3.071 8.025 7.503 10.000 35440.000
2.715 8.236 7.891 10.000 35450.000
2.446 8.298 8.288 10.000 35460.000
2.245 8.355 8.676 10.000 35470.000
2.080 8.465 8.777 10.000 35480.000
2.070 8.554 8.583 10.000 35490.000
2.056 8.604 8.101 10.000 35500.000
2.358 8.695 7.302 10.000 35510.000
2.624 8.734 6.789 10.000 35520.000
2.808 8.619 5.997 10.000 35530.000
2.997 8.542 5.492 10.000 35540.000
2.937 8.197 5.037 10.000 35550.000
3.023 7.790 4.355 10.000 35560.000
3.191 7.536 3.952 10.000 35570.000
3.394 7.216 3.409 10.000 35580.000
3.576 7.086 3.040 10.000 35590.000
3.679 6.861 2.743 10.000 35600.000
3.857 6.457 2.293 10.000 35610.000
3.998 6.119 1.984 10.000 35620.000
4.177 5.758 1.379 10.000 35630.000
4.235 5.432 0.651 10.000 35640.000
4.218 5.286 0.076 10.000 35650.000
4.503 5.149 -0.428 10.000 35660.000
4.750 5.037 -0.636 10.000 35670.000
5.051 4.960 -0.512 10.000 35680.000
5.374 4.805 -0.320 10.000 35690.000
5.396 4.639 -0.198 10.000 35700.000
5.444 4.314 -0.222 10.000 35710.000
5.492 4.074 -0.301 10.000 35720.000
5.695 3.900 -0.797 10.000 35730.000
5.949 3.694 -1.556 10.000 35740.000
6.177 3.648 -2.169 10.000 35750.000
6.229 3.557 -2.777 10.000 35760.000
5.798 3.438 -2.679 10.000 35770.000
5.317 3.349 -2.317 10.000 35780.000
4.551 3.095 -1.510 10.000 35790.000
3.960 2.887 -0.708 10.000 35800.000
3.624 2.614 -0.160 10.000 35810.000
3.409 2.159 0.277 10.000 35820.000
3.478 1.869 0.270 10.000 35830.000
3.672 1.417 0.263 10.000 35840.000
3.916 1.072 0.153 10.000 35850.000
4.034 0.955 0.347 10.000 35860.000
4.168 0.969 0.895 10.000 35870.000
4.177 1.146 1.443 10.000 35880.000
4.261 1.242 2.209 10.000 35890.000
4.352 1.192 3.021 10.000 35900.000
4.426 1.010 3.478 10.000 35910.000
5.015 0.782 4.285 10.000 35920.000
5.530 0.636 4.874 10.000 35930.000
6.519 0.292 5.870 10.000 35940.000
6.349 0.031 6.931 10.000 35950.000
5.664 -0.184 7.642 10.000 35960.000
4.400 -0.802 9.124 10.000 35970.000
2.662 -1.120 9.959 10.000 35980.000
1.805 -1.082 11.061 10.000 35990.000
1.302 -0.579 11.829 10.000 36000.000
1.379 0.325 11.827 10.000 36010.000
1.709 1.185 11.439 10.000 36020.000
2.317 1.604 10.721 10.000 36030.000
2.425 1.565 10.429 10.000 36040.000
2.420 1.637 9.952 10.000 36050.000
2.161 1.754 9.861 10.000 36060.000
1.776 1.970 9.236 10.000 36070.000
0.976 1.582 8.899 10.000 36080.000
0.289 1.084 8.746 10.000 36090.000
-0.426 0.325 8.434 10.000 36100.000
-1.015 -0.531 8.657 10.000 36110.000
-1.086 -0.670 8.585 10.000 36120.000
-1.244 -0.809 8.540 10.000 36130.000
-1.374 -0.687 8.652 10.000 36140.000
-1.541 -0.756 8.497 10.000 36150.000
-1.666 -0.948 8.255 10.000 36160.000
-1.723 -0.814 8.276 10.000 36170.000
-1.788 -0.632 8.449 10.000 36180.000
-1.814 -0.258 8.889 10.000 36190.000
-2.116 -0.026 9.272 10.000 36200.000
-2.348 -0.189 9.540 10.000 36210.000
-2.573 -0.399 9.658 10.000 36220.000
-2.513 -0.421 9.890 10.000 36230.000
-2.178 -0.301 10.180 10.000 36240.000
-1.757 -0.217 10.321 10.000 36250.000
-1.438 -0.476 10.448 10.000 36260.000
-1.405 -0.924 10.460 10.000 36270.000
-1.276 -1.273 10.460 10.000 36280.000
-1.283 -1.517 10.433 10.000 36290.000
-0.914 -1.395 10.407 10.000 36300.000
-0.373 -1.455 10.448 10.000 36310.000
0.071 -1.613 10.500 10.000 36320.000
0.332 -2.092 10.759 10.000 36330.000
0.193 -2.525 10.994 10.000 36340.000
-0.117 -2.777 11.161 10.000 36350.000
-0.239 -3.112 11.123 10.000 36360.000
-0.177 -3.126 10.879 12.000 36372.000
-0.033 -3.476 10.836 11.000 36383.000
-0.057 -3.799 10.881 7.000 36390.000
-0.270 -4.039 11.133 10.000 36400.000
-0.509 -4.541 11.461 10.000 36410.000
-0.787 -4.903 11.666 14.000 36424.000
-0.897 -5.291 11.784 6.000 36430.000
-1.244 -5.722 11.851 10.000 36440.000
-1.565 -5.889 11.841 10.000 36450.000
-1.484 -5.714 11.659 10.000 36460.000
-1.300 -5.657 11.396 10.000 36470.000
-0.878 -5.556 11.183 10.000 36480.000
-0.560 -5.748 11.123 10.000 36490.000
-0.560 -6.157 11.195 10.000 36500.000
-0.584 -6.473 11.365 13.000 36513.000
-0.526 -6.830 11.587 7.000 36520.000
-0.366 -6.895 11.657 10.000 36530.000
-0.177 -7.134 11.623 10.000 36540.000
-0.067 -7.350 11.573 10.000 36550.000
-0.035 -7.697 11.291 10.000 36560.000
0.052 -8.078 10.884 10.000 36570.000
0.112 -8.283 10.579 10.000 36580.000
0.332 -8.647 10.206 10.000 36590.000
0.368 -9.081 9.926 13.000 36603.000
0.347 -9.481 9.770 7.000 36610.000
0.244 -9.931 9.667 10.000 36620.000
-0.019 -10.223 9.634 10.000 36630.000
0.064 -10.309 9.674 12.000 36642.000
0.316 -10.450 9.710 11.000 36653.000
0.648 -10.541 9.694 7.000 36660.000
0.976 -10.673 9.349 10.000 36670.000
1.139 -10.769 9.016 10.000 36680.000
1.297 -10.599 8.449 10.000 36690.000
1.599 -10.481 7.805 10.000 36700.000
1.905 -10.323 7.489 10.000 36710.000
2.430 -10.132 7.266 10.000 36720.000
2.791 -10.151 7.283 10.000 36730.000
3.438 -9.933 7.340 10.000 36740.000
4.220 -9.581 7.177 10.000 36750.000
4.786 -9.263 6.921 10.000 36760.000
5.427 -8.774 6.560 10.000 36770.000
5.839 -8.398 6.145 10.000 36780.000
6.114 -8.157 5.951 10.000 36790.000
6.313 -7.943 5.880 10.000 36800.000
6.435 -7.900 5.913 10.000 36810.000
6.289 -8.001 5.966 10.000 36820.000
6.260 -8.066 5.973 10.000 36830.000
6.308 -8.101 5.858 10.000 36840.000
6.167 -8.037 5.714 10.000 36850.000
6.095 -7.900 5.640 10.000 36860.000
5.750 -7.668 5.339 10.000 36870.000
5.817 -7.041 4.718 10.000 36880.000
6.074 -6.514 4.127 10.000 36890.000
6.684 -5.997 3.524 10.000 36900.000
7.182 -5.691 3.265 10.000 36910.000
7.268 -5.779 3.325 10.000 36920.000
7.182 -5.875 3.232 10.000 36930.000
6.742 -5.961 3.150 10.000 36940.000
6.528 -5.841 2.815 10.000 36950.000
6.311 -5.585 2.406 10.000 36960.000
6.265 -5.322 2.149 10.000 36970.000
6.179 -5.066 1.900 20.000 36990.000
6.112 -4.922 1.690 10.000 37000.000
6.229 -4.898 1.424 10.000 37010.000
6.347 -4.874 1.158 10.000 37020.000
6.507 -4.838 0.847 10.000 37030.000
6.619 -4.745 0.620 10.000 37040.000
6.552 -4.668 0.521 10.000 37050.000
6.433 -4.642 0.481 10.000 37060.000
6.311 -4.620 0.478 10.000 37070.000
5.990 -4.876 0.651 10.000 37080.000
5.252 -5.183 1.041 10.000 37090.000
4.568 -5.439 1.374 10.000 37100.000
3.327 -5.662 2.025 10.000 37110.000
2.355 -5.679 2.561 10.000 37120.000
1.434 -5.444 3.143 10.000 37130.000
0.363 -4.881 3.976 10.000 37140.000
-0.150 -4.352 4.491 10.000 37150.000
-0.962 -3.663 5.219 10.000 37160.000
-1.829 -3.105 5.865 10.000 37170.000
-2.547 -2.875 6.260 10.000 37180.000
-3.531 -2.470 6.720 10.000 37190.000
-4.218 -2.226 6.967 10.000 37200.000
-4.781 -1.953 7.094 10.000 37210.000
-5.628 -1.671 7.374 10.000 37220.000
-6.210 -1.563 7.589 10.000 37230.000
-6.852 -1.201 7.884 10.000 37240.000
-7.196 -0.938 8.116 10.000 37250.000
-7.295 -0.277 8.113 10.000 37260.000
-7.551 0.615 8.133 10.000 37270.000
-7.747 1.254 8.073 10.000 37280.000
-8.140 1.948 8.022 10.000 37290.000
-8.681 2.291 8.022 10.000 37300.000
-9.064 2.401 8.001 10.000 37310.000
-9.572 2.765 7.924 10.000 37320.000
-9.883 3.074 7.838 10.000 37330.000
-9.981 3.725 7.735 10.000 37340.000
-9.993 4.623 7.572 10.000 37350.000
-9.880 5.267 7.465 10.000 37360.000
-9.643 6.054 7.225 10.000 37370.000
-9.433 6.445 7.034 10.000 37380.000
-9.330 6.794 6.801 10.000 37390.000
-9.078 7.489 6.555 10.000 37400.000
-8.951 8.039 6.440 10.000 37410.000
-8.714 8.619 6.244 10.000 37420.000
-8.456 8.992 6.148 10.000 37430.000
-8.437 9.241 6.090 10.000 37440.000
-8.233 9.909 6.064 10.000 37450.000
-8.140 10.548 6.119 10.000 37460.000
-8.042 11.341 6.047 10.000 37470.000
-8.101 11.571 5.944 10.000 37480.000
-8.346 11.382 5.810 10.000 37490.000
-8.710 10.563 5.619 10.000 37500.000
-9.078 9.591 5.554 10.000 37510.000
-9.217 8.710 5.181 10.000 37520.000
-8.997 7.613 4.558 10.000 37530.000
-8.657 7.146 3.993 10.000 37540.000
-8.334 7.513 3.083 10.000 37550.000
-7.991 8.130 2.489 10.000 37560.000
-7.553 9.255 1.673 10.000 37570.000
-6.397 10.180 0.478 10.000 37580.000
-5.224 10.271 -0.371 10.000 37590.000
-3.406 10.338 -1.450 10.000 37600.000
-2.726 9.366 -1.819 10.000 37610.000
-2.765 8.595 -1.810 10.000 37620.000
-3.799 7.702 -1.319 10.000 37630.000
-5.477 6.833 -0.598 10.000 37640.000
-6.430 6.586 -0.330 10.000 37650.000
-6.509 6.177 -0.378 10.000 37660.000
-5.592 5.889 -0.907 10.000 37670.000
-4.469 5.600 -1.616 10.000 37680.000
-3.390 5.434 -2.111 10.000 37690.000
-3.031 5.293 -2.286 10.000 37700.000
-2.293 5.214 -2.554 10.000 37710.000
-1.762 5.137 -2.643 10.000 37720.000
-1.103 5.051 -2.736 10.000 37730.000
-0.653 5.188 -2.645 10.000 37740.000
-0.581 5.262 -2.461 10.000 37750.000
-0.110 5.140 -1.944 10.000 37760.000
0.234 5.027 -1.422 10.000 37770.000
0.581 4.814 -0.876 10.000 37780.000
0.940 4.496 -0.126 10.000 37790.000
0.900 4.374 0.289 10.000 37800.000
0.931 4.108 1.000 10.000 37810.000
1.015 3.859 1.498 10.000 37820.000
1.199 3.708 1.977 10.000 37830.000
1.582 3.579 2.650 10.000 37840.000
1.893 3.593 3.028 10.000 37850.000
2.274 3.531 3.574 10.000 37860.000
2.846 3.478 4.000 10.000 37870.000
3.220 3.404 4.232 10.000 37880.000
4.137 3.490 4.371 10.000 37890.000
4.984 3.653 4.343 10.000 37900.000
6.107 4.077 4.292 10.000 37910.000
7.412 4.513 4.450 10.000 37920.000
8.173 4.788 4.702 10.000 37930.000
8.669 4.850 5.233 20.000 37950.000
8.422 4.474 5.940 10.000 37960.000
7.929 4.079 7.010 10.000 37970.000
7.436 3.684 8.080 10.000 37980.000
7.134 3.622 9.184 10.000 37990.000
6.811 3.742 10.139 10.000 38000.000
6.552 3.869 10.522 10.000 38010.000
6.241 3.938 10.790 10.000 38020.000
6.004 3.888 10.745 10.000 38030.000
5.959 3.926 10.551 10.000 38040.000
5.712 4.060 10.345 10.000 38050.000
5.518 4.252 10.254 10.000 38060.000
5.037 4.395 10.117 10.000 38070.000
4.548 4.443 10.060 10.000 38080.000
4.110 4.359 9.868 10.000 38090.000
3.734 4.333 9.502 10.000 38100.000
3.646 4.355 9.181 10.000 38110.000
3.584 4.424 8.657 10.000 38120.000
3.672 4.529 8.279 10.000 38130.000
3.560 4.515 7.893 10.000 38140.000
3.354 4.498 7.381 10.000 38150.000
3.122 4.434 7.072 10.000 38160.000
2.925 4.465 6.677 10.000 38170.000
2.925 4.623 6.275 10.000 38180.000
3.019 4.783 5.999 10.000 38190.000
3.086 4.848 5.564 10.000 38200.000
3.117 4.817 5.214 10.000 38210.000
3.074 4.632 5.111 10.000 38220.000
3.143 4.410 5.178 10.000 38230.000
3.239 4.283 5.406 10.000 38240.000
3.450 4.230 5.427 10.000 38250.000
3.677 4.266 5.391 10.000 38260.000
4.010 4.489 5.394 10.000 38270.000
4.453 5.173 5.489 10.000 38280.000
4.781 5.784 5.791 10.000 38290.000
5.078 6.531 6.069 10.000 38300.000
5.568 6.818 6.452 10.000 38310.000
5.949 6.643 6.742 10.000 38320.000
6.268 6.816 7.223 10.000 38330.000
6.617 6.852 7.728 10.000 38340.000
5.951 7.340 7.903 10.000 38350.000
4.836 7.568 7.996 10.000 38360.000
3.782 7.448 7.898 10.000 38370.000
2.398 7.122 7.623 10.000 38380.000
1.618 6.655 7.364 10.000 38390.000
1.383 6.299 7.029 10.000 38400.000
1.517 5.911 6.526 10.000 38410.000
1.982 5.729 6.200 10.000 38420.000
2.717 5.702 5.877 10.000 38430.000
3.356 5.904 5.849 10.000 38440.000
3.627 6.136 5.987 9.000 38449.000
3.751 6.409 6.246 11.000 38460.000
3.605 6.526 6.502 9.000 38469.000
3.275 6.641 6.485 10.000 38479.000
2.868 6.651 6.430 10.000 38489.000
2.607 6.619 6.256 10.000 38499.000
2.408 6.581 6.086 20.000 38519.000
2.458 6.426 5.990 10.000 38529.000
2.669 6.380 5.918 10.000 38539.000
2.880 6.335 5.846 10.000 38549.000
3.083 6.344 5.805 11.000 38560.000
3.186 6.423 5.947 9.000 38569.000
3.205 6.497 6.102 10.000 38579.000
3.160 6.600 6.311 10.000 38589.000
3.059 6.655 6.483 10.000 38599.000
2.935 6.636 6.507 11.000 38610.000
2.801 6.574 6.469 9.000 38619.000
2.731 6.483 6.378 10.000 38629.000
2.633 6.380 6.289 10.000 38639.000
2.595 6.325 6.229 10.000 38649.000
2.588 6.347 6.289 11.000 38660.000
2.578 6.368 6.363 9.000 38669.000
2.597 6.402 6.435 10.000 38679.000
2.633 6.426 6.476 10.000 38689.000
2.647 6.416 6.459 10.000 38699.000
2.681 6.411 6.339 11.000 38710.000
2.782 6.421 6.246 13.000 38723.000
2.865 6.440 6.184 6.000 38729.000
2.947 6.481 6.179 10.000 38739.000
2.863 6.279 6.301 10.000 38749.000
2.712 6.064 6.397 11.000 38760.000
2.667 5.872 6.258 9.000 38769.000
2.624 5.659 6.062 10.000 38779.000
2.975 6.509 6.124 11.000 38790.000
2.535 6.607 6.265 20.000 38810.000
2.133 6.473 6.366 9.000 38819.000
1.731 6.339 6.466 10.000 38829.000
1.647 5.861 6.172 12.000 38841.000
2.348 6.203 5.904 9.000 38850.000
2.906 6.754 5.911 10.000 38860.000
3.179 7.139 6.114 10.000 38870.000
2.834 7.015 6.497 10.000 38880.000
2.497 6.821 6.775 10.000 38890.000
2.183 6.667 6.983 10.000 38900.000
2.154 6.679 6.995 10.000 38910.000
2.209 6.763 6.878 10.000 38920.000
2.308 6.852 6.744 10.000 38930.000
2.382 6.900 6.679 10.000 38940.000
2.458 6.916 6.672 10.000 38950.000
2.504 6.890 6.713 10.000 38960.000
2.442 6.794 6.737 10.000 38970.000
2.343 6.701 6.782 10.000 38980.000
2.243 6.639 6.770 10.000 38990.000
2.128 6.615 6.718 10.000 39000.000
2.130 6.653 6.653 10.000 39010.000
2.169 6.689 6.567 10.000 39020.000
2.279 6.730 6.378 10.000 39030.000
2.403 6.732 6.229 10.000 39040.000
2.451 6.770 6.064 10.000 39050.000
2.425 6.787 5.961 10.000 39060.000
2.327 6.799 5.961 10.000 39070.000
2.200 6.785 6.014 10.000 39080.000
2.097 6.737 6.129 10.000 39090.000
2.121 6.730 6.224 10.000 39100.000
2.193 6.727 6.296 10.000 39110.000
2.293 6.751 6.315 10.000 39120.000
2.322 6.789 6.318 10.000 39130.000
2.260 6.770 6.284 10.000 39140.000
2.149 6.746 6.275 10.000 39150.000
2.097 6.715 6.294 10.000 39160.000
2.116 6.670 6.330 10.000 39170.000
2.190 6.696 6.368 10.000 39180.000
2.262 6.749 6.399 10.000 39190.000
2.276 6.809 6.402 10.000 39200.000
2.291 6.813 6.390 10.000 39210.000
2.288 6.785 6.368 10.000 39220.000
2.276 6.756 6.344 10.000 39230.000
2.236 6.739 6.325 10.000 39240.000
2.195 6.777 6.320 10.000 39250.000
2.176 6.821 6.315 10.000 39260.000
2.181 6.868 6.342 10.000 39270.000
2.214 6.904 6.363 10.000 39280.000
2.226 6.890 6.430 10.000 39290.000
2.217 6.871 6.497 10.000 39300.000
2.169 6.794 6.572 10.000 39310.000
2.106 6.756 6.596 10.000 39320.000
2.066 6.768 6.574 10.000 39330.000
2.087 6.849 6.414 10.000 39340.000
2.135 6.957 6.224 10.000 39350.000
2.327 6.945 5.971 10.000 39360.000
2.545 6.950 5.760 10.000 39370.000
2.700 6.885 5.688 10.000 39380.000
2.619 6.794 5.875 10.000 39390.000
2.106 6.816 6.349 10.000 39400.000
1.568 6.821 6.780 10.000 39410.000
1.142 6.825 7.103 10.000 39420.000
0.952 6.856 7.168 10.000 39430.000
1.338 6.804 7.000 10.000 39440.000
1.845 6.739 6.809 10.000 39450.000
2.240 6.675 6.725 10.000 39460.000
2.602 6.588 6.665 10.000 39470.000
2.597 6.584 6.643 20.000 39490.000
2.458 6.588 6.526 21.000 39511.000
2.240 6.627 6.287 10.000 39521.000
2.056 6.687 6.023 9.000 39530.000
1.960 6.754 5.808 10.000 39540.000
2.015 6.806 5.791 10.000 39550.000
2.130 6.799 5.928 20.000 39570.000
2.142 6.725 6.023 10.000 39580.000
2.159 6.615 6.093 11.000 39591.000
2.056 6.576 6.081 9.000 39600.000
1.972 6.564 6.038 10.000 39610.000
1.999 6.639 6.016 10.000 39620.000
2.068 6.667 6.035 10.000 39630.000
2.118 6.641 6.057 10.000 39640.000
2.240 6.658 6.076 10.000 39650.000
2.260 6.643 6.102 10.000 39660.000
2.236 6.675 6.088 10.000 39670.000
2.166 6.679 6.105 10.000 39680.000
2.025 6.641 6.124 10.000 39690.000
1.989 6.627 6.143 10.000 39700.000
1.929 6.655 6.205 10.000 39710.000
1.915 6.710 6.236 10.000 39720.000
1.867 6.782 6.277 10.000 39730.000
1.810 6.842 6.330 10.000 39740.000
1.774 6.842 6.344 10.000 39750.000
1.721 6.825 6.339 10.000 39760.000
1.702 6.792 6.325 9.000 39769.000
1.678 6.768 6.332 10.000 39779.000
1.656 6.761 6.335 11.000 39790.000
1.659 6.773 6.404 9.000 39799.000
1.716 6.809 6.483 11.000 39810.000
1.778 6.835 6.540 9.000 39819.000
1.829 6.859 6.502 10.000 39829.000
1.814 6.880 6.435 11.000 39840.000
1.745 6.878 6.358 9.000 39849.000
1.663 6.845 6.318 11.000 39860.000
1.594 6.813 6.373 9.000 39869.000
1.594 6.806 6.404 10.000 39879.000
1.611 6.830 6.406 11.000 39890.000
1.640 6.885 6.373 9.000 39899.000
1.683 6.916 6.335 11.000 39910.000
1.714 6.924 6.301 10.000 39920.000
1.759 6.928 6.347 10.000 39930.000
1.829 6.904 6.277 10.000 39940.000
1.884 6.904 6.212 10.000 39950.000
1.874 6.902 6.150 10.000 39960.000
1.860 6.916 5.990 10.000 39970.000
1.821 6.959 5.944 10.000 39980.000
1.790 6.988 5.980 10.000 39990.000
1.824 7.019 6.014 10.000 40000.000
1.829 6.988 6.148 10.000 40010.000
1.800 6.950 6.239 10.000 40020.000
1.764 6.926 6.248 10.000 40030.000
1.697 6.895 6.253 10.000 40040.000
1.632 6.880 6.205 10.000 40050.000
1.587 6.866 6.236 10.000 40060.000
1.561 6.883 6.284 10.000 40070.000
1.565 6.907 6.337 10.000 40080.000
1.594 6.895 6.387 10.000 40090.000
1.642 6.888 6.358 10.000 40100.000
1.671 6.849 6.313 10.000 40110.000
1.716 6.856 6.265 10.000 40120.000
1.738 6.900 6.220 10.000 40130.000
1.754 6.964 6.167 10.000 40140.000
1.714 7.007 6.126 10.000 40150.000
1.656 7.005 6.088 10.000 40160.000
1.575 6.993 6.160 10.000 40170.000
1.493 6.962 6.282 10.000 40180.000
1.460 6.924 6.464 10.000 40190.000
1.429 6.904 6.624 10.000 40200.000
1.422 6.895 6.675 10.000 40210.000
1.438 6.919 6.651 10.000 40220.000
1.465 6.971 6.555 10.000 40230.000
1.498 7.007 6.423 10.000 40240.000
1.529 7.036 6.327 10.000 40250.000
1.537 7.031 6.306 10.000 40260.000
1.537 7.043 6.387 10.000 40270.000
1.527 7.041 6.543 10.000 40280.000
1.520 7.046 6.663 10.000 40290.000
1.549 7.084 6.744 11.000 40301.000
1.584 7.105 6.722 9.000 40310.000
1.623 7.129 6.634 10.000 40320.000
1.632 7.165 6.526 10.000 40330.000
1.606 7.168 6.457 10.000 40340.000
1.549 7.170 6.378 10.000 40350.000
1.489 7.182 6.349 10.000 40360.000
1.493 7.175 6.320 10.000 40370.000
1.517 7.156 6.294 10.000 40380.000
1.572 7.137 6.277 10.000 40390.000
1.570 7.110 6.275 10.000 40400.000
1.462 7.019 6.244 10.000 40410.000
1.335 6.940 6.210 10.000 40420.000
1.359 6.892 6.030 10.000 40430.000
1.441 6.852 5.837 10.000 40440.000
1.754 7.173 5.600 10.000 40450.000
1.824 7.280 5.588 10.000 40460.000
1.742 7.357 5.722 10.000 40470.000
1.249 7.053 6.059 10.000 40480.000
0.593 6.459 6.488 10.000 40490.000
0.442 6.438 6.701 12.000 40502.000
0.622 6.562 6.861 8.000 40510.000
1.213 7.067 6.818 10.000 40520.000
1.654 7.357 6.785 10.000 40530.000
1.774 7.311 6.730 10.000 40540.000
1.563 7.120 6.727 10.000 40550.000
1.446 6.979 6.708 10.000 40560.000
1.479 7.053 6.679 10.000 40570.000
1.546 7.065 6.684 10.000 40580.000
1.594 7.134 6.663 10.000 40590.000
1.549 7.153 6.658 10.000 40600.000
1.364 7.074 6.665 10.000 40610.000
1.206 7.034 6.651 10.000 40620.000
0.974 7.017 6.694 10.000 40630.000
1.041 7.005 6.591 10.000 40640.000
1.247 7.091 6.476 10.000 40650.000
1.651 7.110 6.294 10.000 40660.000
1.970 6.979 6.019 10.000 40670.000
1.989 6.842 5.889 10.000 40680.000
1.948 6.739 5.825 10.000 40690.000
1.709 6.703 5.827 10.000 40700.000
1.640 6.777 5.987 10.000 40710.000
1.515 6.821 6.131 10.000 40720.000
1.450 6.830 6.210 10.000 40730.000
1.403 6.852 6.203 10.000 40740.000
1.364 6.833 6.100 10.000 40750.000
1.429 6.890 6.016 10.000 40760.000
1.474 6.890 5.930 10.000 40770.000
1.503 6.878 5.930 10.000 40780.000
1.498 6.873 5.935 10.000 40790.000
1.458 6.811 5.961 10.000 40800.000
1.436 6.806 5.990 10.000 40810.000
1.474 6.801 6.004 10.000 40820.000
1.546 6.789 6.014 10.000 40830.000
1.618 6.825 6.033 10.000 40840.000
1.678 6.797 6.117 10.000 40850.000
1.678 6.768 6.215 10.000 40860.000
1.656 6.744 6.339 10.000 40870.000
1.623 6.684 6.430 10.000 40880.000
1.582 6.742 6.399 10.000 40890.000
1.541 6.763 6.335 10.000 40900.000
1.522 6.780 6.244 10.000 40910.000
1.525 6.797 6.210 10.000 40920.000
1.546 6.761 6.234 10.000 40930.000
1.575 6.787 6.323 10.000 40940.000
1.541 6.809 6.447 10.000 40950.000
1.486 6.830 6.514 10.000 40960.000
1.424 6.830 6.550 10.000 40970.000
1.393 6.782 6.497 10.000 40980.000
1.424 6.739 6.409 10.000 40990.000
1.477 6.708 6.337 10.000 41000.000
1.537 6.698 6.296 10.000 41010.000
1.537 6.737 6.356 10.000 41020.000
1.503 6.761 6.449 10.000 41030.000
1.448 6.773 6.526 10.000 41040.000
1.374 6.777 6.607 10.000 41050.000
1.321 6.756 6.646 10.000 41060.000
1.285 6.749 6.634 10.000 41070.000
1.256 6.737 6.545 10.000 41080.000
1.247 6.732 6.452 10.000 41090.000
1.276 6.739 6.337 10.000 41100.000
1.371 6.775 6.246 10.000 41110.000
1.460 6.816 6.232 10.000 41120.000
1.515 6.847 6.284 10.000 41130.000
1.532 6.866 6.358 10.000 41140.000
1.407 6.835 6.483 10.000 41150.000
1.242 6.840 6.591 10.000 41160.000
1.110 6.854 6.631 10.000 41170.000
1.041 6.868 6.653 10.000 41180.000
1.063 6.904 6.617 10.000 41190.000
1.182 6.904 6.572 10.000 41200.000
1.240 6.866 6.528 10.000 41210.000
1.235 6.828 6.505 10.000 41220.000
1.194 6.885 6.507 10.000 41230.000
1.096 6.907 6.502 10.000 41240.000
1.060 6.967 6.495 10.000 41250.000
1.039 6.995 6.502 10.000 41260.000
1.053 6.928 6.483 10.000 41270.000
1.118 6.933 6.493 10.000 41280.000
1.170 6.955 6.497 10.000 41290.000
1.209 7.007 6.488 10.000 41300.000
1.223 7.067 6.476 10.000 41310.000
1.187 7.091 6.469 10.000 41320.000
1.161 7.065 6.426 10.000 41330.000
1.149 7.055 6.392 10.000 41340.000
1.161 7.038 6.361 10.000 41350.000
1.170 7.048 6.380 10.000 41360.000
1.189 7.086 6.411 10.000 41370.000
1.194 7.108 6.433 10.000 41380.000
1.206 7.122 6.445 10.000 41390.000
1.221 7.110 6.406 10.000 41400.000
1.256 7.137 6.368 10.000 41410.000
1.273 7.156 6.318 10.000 41420.000
1.283 7.182 6.277 10.000 41430.000
1.280 7.194 6.275 10.000 41440.000
1.249 7.173 6.301 10.000 41450.000
1.252 7.149 6.418 10.000 41460.000
1.264 7.127 6.509 10.000 41470.000
1.288 7.120 6.562 10.000 41480.000
1.331 7.127 6.505 10.000 41490.000
1.338 7.146 6.390 10.000 41500.000
1.335 7.163 6.301 10.000 41510.000
1.292 7.158 6.289 10.000 41520.000
1.230 7.139 6.387 10.000 41530.000
1.177 7.096 6.485 10.000 41540.000
1.144 7.084 6.576 10.000 41550.000
1.151 7.094 6.591 10.000 41560.000
1.199 7.103 6.497 10.000 41570.000
1.259 7.134 6.382 10.000 41580.000
1.264 7.096 6.313 10.000 41590.000
1.309 7.094 6.205 10.000 41600.000
1.314 7.091 6.205 10.000 41610.000
1.328 7.048 6.212 10.000 41620.000
1.379 7.043 6.181 10.000 41630.000
1.374 7.034 6.210 10.000 41640.000
1.367 7.022 6.229 10.000 41650.000
1.350 7.050 6.241 10.000 41660.000
1.307 7.079 6.234 10.000 41670.000
1.256 7.079 6.253 10.000 41680.000
1.209 7.082 6.282 10.000 41690.000
1.213 7.060 6.291 10.000 41700.000
1.244 7.038 6.320 10.000 41710.000
1.391 7.003 6.193 10.000 41720.000
1.565 6.976 6.107 10.000 41730.000
1.687 6.974 6.040 10.000 41740.000
1.759 6.986 6.004 10.000 41750.000
1.697 6.991 6.090 10.000 41760.000
1.606 6.986 6.136 10.000 41770.000
1.527 6.974 6.184 10.000 41780.000
1.498 6.947 6.200 10.000 41790.000
1.529 6.959 6.253 10.000 41800.000
1.570 6.971 6.289 10.000 41810.000
1.599 6.991 6.323 10.000 41820.000
1.587 7.000 6.361 10.000 41830.000
1.556 6.991 6.349 10.000 41840.000
1.525 7.024 6.378 10.000 41850.000
1.606 7.108 6.167 10.000 41860.000
1.728 7.201 5.951 10.000 41870.000
1.946 7.036 5.650 15.000 41885.000
2.154 6.828 5.324 5.000 41890.000
2.217 6.634 5.341 10.000 41900.000
2.159 6.634 5.544 10.000 41910.000
2.006 6.892 5.834 10.000 41920.000
1.752 6.967 6.409 10.000 41930.000
1.599 6.995 6.892 10.000 41940.000
1.565 6.830 7.189 10.000 41950.000
1.534 6.679 7.369 10.000 41960.000
1.604 6.713 7.264 10.000 41970.000
1.556 6.682 7.079 10.000 41980.000
1.546 6.698 6.933 10.000 41990.000
1.534 6.701 6.904 10.000 42000.000
1.565 6.861 6.926 10.000 42010.000
1.647 7.067 7.015 10.000 42020.000
1.527 7.134 7.108 10.000 42030.000
1.328 7.082 7.201 10.000 42040.000
1.086 6.871 7.244 10.000 42050.000
0.984 6.555 7.108 10.000 42060.000
1.266 6.354 6.746 10.000 42070.000
1.628 6.272 6.385 10.000 42080.000
2.061 6.596 5.853 10.000 42090.000
2.355 7.024 5.501 10.000 42100.000
2.396 7.046 5.585 20.000 42120.000
2.437 7.067 5.669 10.000 42130.000
2.267 6.837 6.040 10.000 42140.000
1.932 6.548 6.344 20.000 42160.000
1.714 6.687 6.303 10.000 42170.000
1.496 6.825 6.263 10.000 42180.000
1.539 6.847 6.083 10.000 42190.000
1.723 6.880 6.028 10.000 42200.000
