# Accelerometer Data File
# 
#
#
# sensor Vendor: Bosch
# sensor Name: BMA254
# sensor Resolution: 0.009576807m/sec^2; Max Range: 39.2; Min Delay: 10000 microseconds
# The sensor's attributes are the result hardware and the Android capabilities.
# It means that the Android may not utilize all features provided by the hardware.
#
# Some devices and Android versions save battery too much so the device may go to sleep.
# It just happens after couple of minutes from turning off the scree and it is easy to find it out.
#
# The following file provides the data from accelerometer in the m/s^2 format.
# The diff value is just a time delta between the samples
#
#
# data format:
# so we have 4 columns with values separated by the " "
# X Y Z time_from_previous_sample(ms)

# sensor speed set to:FASTEST
# units set to: m/sec^2
# gravity NOT filtered out
# Accuracy: HIGH
-0.332 -0.600 7.005 10.000 57009.000
-0.306 -0.486 6.718 10.000 57019.000
-0.373 -0.268 6.507 10.000 57029.000
-0.342 -0.169 6.354 10.000 57039.000
-0.471 -0.244 5.985 10.000 57049.000
-0.541 -0.430 5.755 10.000 57059.000
-0.806 -0.646 5.516 10.000 57069.000
-0.847 -0.730 5.389 10.000 57079.000
-0.727 -0.641 5.477 10.000 57089.000
-0.481 -0.543 5.841 10.000 57099.000
-0.129 -0.402 6.229 10.000 57109.000
-0.323 -0.490 6.665 10.000 57119.000
-0.387 -0.536 7.204 10.000 57129.000
-0.579 -0.591 7.467 10.000 57139.000
-0.943 -0.861 7.896 10.000 57149.000
-1.125 -1.331 8.231 10.000 57159.000
-1.436 -1.843 8.463 11.000 57170.000
-1.668 -2.257 8.829 9.000 57179.000
-1.728 -2.456 9.030 10.000 57189.000
-1.185 -2.310 9.038 10.000 57199.000
-0.100 -2.061 9.141 11.000 57210.000
0.905 -1.910 9.109 10.000 57220.000
1.635 -2.111 9.267 10.000 57230.000
1.900 -2.360 9.552 10.000 57240.000
0.993 -2.422 9.624 10.000 57250.000
-0.215 -2.449 9.672 10.000 57260.000
-1.149 -2.123 9.531 10.000 57270.000
-1.970 -2.202 9.514 10.000 57280.000
-2.138 -2.738 9.749 10.000 57290.000
-2.003 -3.311 10.007 11.000 57301.000
-1.683 -3.569 10.139 9.000 57310.000
-1.474 -3.423 10.146 10.000 57320.000
-1.374 -3.404 10.022 9.000 57329.000
-1.302 -3.433 10.084 11.000 57340.000
-1.417 -3.775 10.273 10.000 57350.000
-0.998 -4.060 10.438 10.000 57360.000
-0.493 -4.050 10.601 10.000 57370.000
0.572 -3.940 10.412 9.000 57379.000
1.271 -4.019 10.254 11.000 57390.000
1.436 -4.156 10.120 10.000 57400.000
0.885 -4.589 9.971 9.000 57409.000
-0.442 -5.284 9.988 11.000 57420.000
-1.405 -5.789 9.974 10.000 57430.000
-2.468 -6.476 10.019 9.000 57439.000
-3.035 -6.825 9.955 13.000 57452.000
-3.356 -6.967 9.890 8.000 57460.000
-3.270 -7.261 9.775 10.000 57470.000
-3.083 -7.374 9.600 10.000 57480.000
-2.674 -7.570 9.509 10.000 57490.000
-2.264 -7.766 9.418 10.000 57500.000
-2.322 -7.802 9.320 9.000 57509.000
-2.466 -7.881 8.918 11.000 57520.000
-2.612 -7.917 8.556 10.000 57530.000
-2.734 -8.530 8.580 10.000 57540.000
-2.626 -9.215 8.487 10.000 57550.000
-2.432 -9.856 8.698 9.000 57559.000
-2.217 -10.189 8.793 13.000 57572.000
-2.025 -9.945 8.504 7.000 57579.000
-1.881 -9.445 8.616 10.000 57589.000
-1.611 -8.999 9.141 11.000 57600.000
-1.362 -8.863 9.780 11.000 57611.000
-1.175 -8.552 10.642 13.000 57624.000
-1.110 -8.432 11.276 6.000 57630.000
-1.357 -8.410 11.080 10.000 57640.000
-1.814 -8.669 10.431 10.000 57650.000
-2.209 -9.102 9.560 12.000 57662.000
-2.616 -9.648 8.604 8.000 57670.000
-2.683 -10.055 8.049 9.000 57679.000
-2.540 -10.182 7.946 10.000 57689.000
-2.030 -10.017 7.738 12.000 57701.000
-1.508 -9.739 7.613 12.000 57713.000
-1.151 -9.430 7.577 7.000 57720.000
-1.233 -9.476 7.735 9.000 57729.000
-1.680 -9.813 7.999 10.000 57739.000
-2.420 -10.055 8.288 13.000 57752.000
-3.150 -10.314 8.508 8.000 57760.000
-3.344 -10.110 8.279 10.000 57770.000
-3.327 -9.974 7.824 9.000 57779.000
-3.019 -9.933 7.343 10.000 57789.000
-2.638 -9.976 7.007 14.000 57803.000
-2.418 -10.275 7.216 7.000 57810.000
-2.408 -10.508 7.649 10.000 57820.000
-2.454 -10.793 8.015 10.000 57830.000
-2.571 -10.994 8.236 9.000 57839.000
-2.576 -10.864 7.960 11.000 57850.000
-2.439 -10.670 7.632 9.000 57859.000
-2.248 -10.424 7.371 11.000 57870.000
-1.946 -10.479 7.297 10.000 57880.000
-1.695 -10.716 7.431 9.000 57889.000
-1.467 -10.960 7.560 10.000 57899.000
-1.125 -11.171 7.431 10.000 57909.000
-0.893 -11.080 7.115 11.000 57920.000
-0.711 -11.118 6.854 9.000 57929.000
-0.646 -11.214 6.651 10.000 57939.000
-0.723 -11.267 6.921 11.000 57950.000
-0.622 -11.037 7.017 9.000 57959.000
-0.471 -10.678 7.058 11.000 57970.000
-0.165 -10.386 7.026 9.000 57979.000
0.351 -10.086 6.646 10.000 57989.000
0.691 -10.070 6.440 11.000 58000.000
1.139 -9.868 6.291 10.000 58010.000
1.431 -9.600 6.215 10.000 58020.000
1.563 -9.109 6.248 10.000 58030.000
1.675 -8.437 6.375 10.000 58040.000
1.680 -7.948 6.445 10.000 58050.000
1.853 -7.287 6.584 10.000 58060.000
2.001 -6.933 6.746 10.000 58070.000
2.360 -6.528 6.864 10.000 58080.000
2.834 -5.901 6.986 10.000 58090.000
3.141 -5.446 7.038 10.000 58100.000
3.416 -4.776 7.153 10.000 58110.000
3.466 -4.153 7.168 10.000 58120.000
3.402 -3.754 7.177 10.000 58130.000
3.301 -3.234 7.235 10.000 58140.000
3.040 -2.667 7.536 12.000 58152.000
2.813 -2.284 7.891 8.000 58160.000
2.358 -1.431 8.207 10.000 58170.000
1.939 -0.699 8.475 10.000 58180.000
1.671 -0.023 8.276 10.000 58190.000
1.288 0.632 8.396 14.000 58204.000
1.132 0.818 8.554 5.000 58209.000
0.835 1.012 8.774 11.000 58220.000
0.579 1.000 9.155 10.000 58230.000
0.026 1.084 9.416 11.000 58241.000
-0.696 1.082 9.761 9.000 58250.000
-1.278 1.072 10.043 10.000 58260.000
-1.599 1.194 10.204 10.000 58270.000
-1.168 1.647 9.995 12.000 58282.000
-0.567 2.185 9.703 10.000 58292.000
0.110 2.863 9.425 11.000 58303.000
0.526 3.409 9.270 7.000 58310.000
0.823 3.682 9.076 10.000 58320.000
1.120 3.955 8.882 9.000 58329.000
1.604 4.378 8.406 11.000 58340.000
2.238 5.188 8.010 10.000 58350.000
2.652 5.863 7.824 10.000 58360.000
3.069 6.725 7.762 10.000 58370.000
3.172 7.237 8.027 10.000 58380.000
3.124 7.364 8.212 10.000 58390.000
3.019 7.115 8.243 10.000 58400.000
2.911 6.679 8.149 9.000 58409.000
3.210 6.186 7.718 11.000 58420.000
3.976 6.320 6.835 10.000 58430.000
4.800 6.830 6.105 10.000 58440.000
5.295 7.536 5.058 10.000 58450.000
5.434 8.360 4.290 10.000 58460.000
4.896 8.391 4.132 10.000 58470.000
3.881 8.619 4.163 10.000 58480.000
3.193 8.650 4.510 10.000 58490.000
2.398 8.370 5.140 10.000 58500.000
1.331 7.982 5.748 10.000 58510.000
0.739 7.398 6.167 10.000 58520.000
-0.213 6.789 6.512 10.000 58530.000
-1.058 6.493 6.574 10.000 58540.000
-1.532 6.464 6.406 10.000 58550.000
-1.910 6.203 6.263 10.000 58560.000
-1.927 5.966 6.193 10.000 58570.000
-1.752 5.310 6.059 9.000 58579.000
-1.465 4.659 6.019 11.000 58590.000
-0.735 4.323 5.875 10.000 58600.000
0.390 4.115 5.736 10.000 58610.000
1.323 4.326 5.662 10.000 58620.000
2.446 4.484 5.564 10.000 58630.000
3.110 4.273 5.453 10.000 58640.000
3.378 3.936 5.339 10.000 58650.000
3.751 3.284 5.382 10.000 58660.000
3.936 2.686 5.449 10.000 58670.000
4.058 2.140 5.822 10.000 58680.000
4.285 1.539 6.083 10.000 58690.000
4.407 1.252 6.186 10.000 58700.000
4.714 1.029 6.390 10.000 58710.000
5.003 1.039 6.378 10.000 58720.000
5.298 1.089 6.687 10.000 58730.000
5.552 1.074 6.789 10.000 58740.000
5.621 0.995 6.792 10.000 58750.000
5.595 0.837 6.828 10.000 58760.000
5.322 0.533 6.706 10.000 58770.000
5.090 0.294 6.789 10.000 58780.000
4.742 -0.102 6.866 10.000 58790.000
4.491 -0.421 6.909 10.000 58800.000
4.407 -0.687 6.761 10.000 58810.000
4.345 -0.916 6.552 10.000 58820.000
4.398 -0.988 6.351 10.000 58830.000
4.407 -0.998 6.023 10.000 58840.000
4.386 -0.900 5.837 10.000 58850.000
4.216 -0.902 5.623 10.000 58860.000
3.751 -1.316 5.702 10.000 58870.000
3.330 -1.793 5.908 10.000 58880.000
2.815 -2.501 6.552 10.000 58890.000
2.427 -3.145 7.283 10.000 58900.000
2.240 -3.473 7.431 10.000 58910.000
1.647 -3.564 8.228 10.000 58920.000
1.146 -3.423 8.588 10.000 58930.000
0.110 -2.851 9.141 10.000 58940.000
-0.656 -1.850 9.727 10.000 58950.000
-1.015 -1.086 9.665 10.000 58960.000
-1.223 -0.366 9.610 10.000 58970.000
-0.895 -0.076 9.361 10.000 58980.000
-0.854 -0.167 9.447 10.000 58990.000
-0.737 -0.184 9.538 10.000 59000.000
-0.770 -0.158 9.622 10.000 59010.000
-0.600 -0.253 9.658 10.000 59020.000
-0.320 -0.301 9.615 10.000 59030.000
-0.102 -0.615 9.552 10.000 59040.000
-0.067 -0.964 9.318 10.000 59050.000
-0.234 -1.192 9.131 10.000 59060.000
-0.567 -1.594 8.973 10.000 59070.000
-1.027 -1.853 8.772 10.000 59080.000
-1.304 -2.075 8.743 10.000 59090.000
-1.527 -2.473 8.590 10.000 59100.000
-1.584 -2.695 8.408 10.000 59110.000
-1.711 -2.918 8.350 10.000 59120.000
-1.953 -2.839 8.044 10.000 59130.000
-2.250 -2.585 7.862 10.000 59140.000
-2.734 -2.379 7.680 10.000 59150.000
-3.035 -2.126 7.431 10.000 59160.000
-3.560 -2.442 7.680 10.000 59170.000
-4.201 -2.813 8.147 10.000 59180.000
-4.656 -3.136 8.614 10.000 59190.000
-5.137 -3.411 9.440 10.000 59200.000
-5.140 -3.138 9.940 10.000 59210.000
-5.025 -2.810 10.223 10.000 59220.000
-4.639 -2.681 10.515 10.000 59230.000
-4.228 -2.600 10.448 10.000 59240.000
-3.881 -2.777 10.488 10.000 59250.000
-3.658 -2.911 10.651 10.000 59260.000
-3.706 -2.846 10.805 10.000 59270.000
-3.828 -2.858 10.958 10.000 59280.000
-4.027 -2.892 11.080 10.000 59290.000
-3.936 -2.820 11.030 10.000 59300.000
-3.785 -2.626 10.955 10.000 59310.000
-3.560 -2.355 10.881 10.000 59320.000
-3.344 -2.365 10.922 10.000 59330.000
-3.181 -2.655 10.807 10.000 59340.000
-3.078 -3.066 10.716 10.000 59350.000
-3.038 -3.308 10.637 10.000 59360.000
-2.987 -3.270 10.443 10.000 59370.000
-3.282 -2.774 10.563 10.000 59380.000
-3.457 -2.525 10.749 10.000 59390.000
-3.569 -2.446 10.924 10.000 59400.000
-3.442 -2.521 11.104 10.000 59410.000
-3.083 -2.920 11.176 10.000 59420.000
-3.014 -2.925 11.152 10.000 59430.000
-3.052 -2.901 11.346 10.000 59440.000
-3.330 -2.724 11.535 10.000 59450.000
-3.545 -2.619 11.822 10.000 59460.000
-3.763 -2.758 12.320 10.000 59470.000
-3.873 -2.925 12.600 10.000 59480.000
-4.141 -3.174 13.101 10.000 59490.000
-4.472 -3.351 13.503 10.000 59500.000
-4.683 -3.672 13.488 10.000 59510.000
-4.671 -3.596 13.148 10.000 59520.000
-4.501 -3.438 12.588 10.000 59530.000
-4.405 -3.088 11.915 10.000 59540.000
-4.290 -2.724 11.449 20.000 59560.000
-4.486 -2.698 11.465 10.000 59570.000
-4.683 -2.671 11.482 10.000 59580.000
-4.716 -2.501 11.736 10.000 59590.000
-4.716 -2.106 12.018 10.000 59600.000
-4.477 -1.812 12.155 10.000 59610.000
-4.084 -1.611 12.188 10.000 59620.000
-3.780 -1.745 12.097 10.000 59630.000
-3.354 -1.649 11.889 10.000 59640.000
-3.088 -1.434 11.705 10.000 59650.000
-2.975 -1.125 11.623 10.000 59660.000
-2.806 -0.945 11.645 10.000 59670.000
-2.758 -0.995 11.784 10.000 59680.000
-2.425 -1.055 11.623 10.000 59690.000
-2.063 -1.098 11.293 10.000 59700.000
-1.759 -1.012 10.860 9.000 59709.000
-1.613 -0.931 10.431 11.000 59720.000
-1.742 -0.919 10.266 9.000 59729.000
-1.922 -0.833 10.342 11.000 59740.000
-2.037 -0.502 10.450 13.000 59753.000
-1.994 -0.167 10.553 7.000 59760.000
-1.920 0.397 10.625 10.000 59770.000
-1.826 1.041 10.620 9.000 59779.000
-1.798 1.441 10.584 11.000 59790.000
-1.618 2.205 10.546 10.000 59800.000
-1.470 2.738 10.539 10.000 59810.000
-1.326 3.351 10.651 10.000 59820.000
-1.192 4.163 10.797 10.000 59830.000
-1.209 4.611 10.946 9.000 59839.000
-1.316 5.207 11.286 11.000 59850.000
-1.417 5.554 11.511 9.000 59859.000
-1.558 5.820 11.781 11.000 59870.000
-1.644 6.050 12.078 10.000 59880.000
-1.640 6.131 12.184 10.000 59890.000
-1.388 6.102 12.131 11.000 59901.000
-0.866 5.973 11.920 9.000 59910.000
-0.399 5.880 11.683 10.000 59920.000
0.117 5.853 11.496 9.000 59929.000
0.387 5.937 11.468 10.000 59939.000
0.474 5.978 11.544 11.000 59950.000
0.533 6.093 11.523 10.000 59960.000
0.543 6.141 11.451 10.000 59970.000
0.598 6.165 11.140 10.000 59980.000
0.617 6.215 10.802 10.000 59990.000
0.526 6.019 10.553 9.000 59999.000
0.629 5.604 9.773 10.000 60009.000
0.687 5.214 9.232 11.000 60020.000
1.738 5.391 8.116 9.000 60029.000
3.117 6.490 7.048 10.000 60039.000
4.302 7.807 6.512 10.000 60049.000
5.078 9.229 6.004 10.000 60059.000
4.860 10.084 6.071 10.000 60069.000
4.228 10.168 5.997 10.000 60079.000
3.651 9.821 5.559 10.000 60089.000
3.483 9.368 5.092 11.000 60100.000
3.368 8.947 4.436 9.000 60109.000
3.476 8.547 3.883 11.000 60120.000
3.268 8.410 3.643 9.000 60129.000
2.916 8.133 3.327 10.000 60139.000
2.511 7.824 3.201 10.000 60149.000
2.094 7.211 2.813 10.000 60159.000
2.059 6.497 2.245 10.000 60169.000
2.166 5.925 1.754 10.000 60179.000
2.372 5.355 1.012 11.000 60190.000
2.590 5.090 0.531 10.000 60200.000
2.762 5.111 0.232 9.000 60209.000
2.937 5.204 -0.122 11.000 60220.000
3.014 5.295 -0.225 9.000 60229.000
2.968 5.207 -0.241 11.000 60240.000
2.849 5.099 -0.210 10.000 60250.000
2.401 4.759 0.102 11.000 60261.000
1.800 4.295 0.598 9.000 60270.000
1.321 4.010 1.007 10.000 60280.000
0.847 3.734 1.534 10.000 60290.000
0.768 3.538 1.972 10.000 60300.000
0.842 3.466 2.229 10.000 60310.000
1.070 3.287 2.592 10.000 60320.000
1.292 3.098 2.839 10.000 60330.000
1.640 3.002 2.856 10.000 60340.000
2.195 2.894 3.028 10.000 60350.000
2.597 2.894 3.093 10.000 60360.000
3.224 2.837 3.383 10.000 60370.000
3.658 2.767 3.763 10.000 60380.000
4.007 2.420 3.938 10.000 60390.000
4.376 1.795 4.175 10.000 60400.000
4.520 1.228 4.187 10.000 60410.000
4.819 0.414 4.278 10.000 60420.000
5.075 -0.208 4.661 10.000 60430.000
5.312 -0.553 4.982 10.000 60440.000
5.647 -0.725 5.470 10.000 60450.000
5.827 -0.651 5.880 10.000 60460.000
6.052 -0.373 6.284 10.000 60470.000
6.308 -0.002 6.940 10.000 60480.000
6.466 0.196 7.429 10.000 60490.000
6.461 0.490 7.922 10.000 60500.000
6.330 0.679 8.178 10.000 60510.000
5.925 0.821 8.384 10.000 60520.000
5.269 0.993 8.825 10.000 60530.000
4.776 1.070 9.260 10.000 60540.000
4.041 1.201 9.888 10.000 60550.000
3.452 1.304 10.362 20.000 60570.000
3.179 1.314 10.587 10.000 60580.000
2.906 1.323 10.812 10.000 60590.000
2.858 1.347 10.479 20.000 60610.000
2.906 1.355 10.098 10.000 60620.000
2.657 1.326 9.062 10.000 60630.000
2.408 1.297 8.025 10.000 60640.000
2.154 0.823 7.433 10.000 60650.000
2.025 0.344 6.921 10.000 60660.000
2.128 -0.035 7.079 10.000 60670.000
2.104 -0.495 7.067 10.000 60680.000
2.102 -0.579 6.976 10.000 60690.000
1.742 -0.940 7.000 10.000 60700.000
1.280 -1.419 7.041 10.000 60710.000
0.945 -1.819 7.252 10.000 60720.000
0.507 -2.324 7.584 10.000 60730.000
0.210 -2.576 7.747 10.000 60740.000
0.016 -2.710 7.893 10.000 60750.000
-0.083 -2.782 7.872 10.000 60760.000
-0.081 -2.748 7.728 10.000 60770.000
0.105 -2.746 7.462 10.000 60780.000
0.577 -2.683 7.314 20.000 60800.000
1.063 -2.985 7.503 10.000 60810.000
1.019 -3.586 7.771 20.000 60830.000
0.715 -3.995 8.271 10.000 60840.000
0.126 -4.465 8.655 10.000 60850.000
-0.794 -4.702 8.789 10.000 60860.000
-0.818 -4.608 8.743 10.000 60870.000
-0.675 -4.647 8.564 10.000 60880.000
-0.512 -4.601 8.303 10.000 60890.000
-0.124 -4.486 8.121 10.000 60900.000
-0.282 -4.405 8.121 10.000 60910.000
-0.689 -4.594 8.252 10.000 60920.000
-1.115 -4.867 8.465 10.000 60930.000
-1.699 -5.193 8.638 10.000 60940.000
-2.106 -5.516 8.729 10.000 60950.000
-2.348 -5.382 8.669 10.000 60960.000
-2.820 -5.374 8.798 16.000 60976.000
-3.134 -5.315 8.968 4.000 60980.000
-3.598 -5.374 9.373 10.000 60990.000
-4.034 -5.477 9.928 10.000 61000.000
-4.240 -5.453 10.295 10.000 61010.000
-4.103 -5.276 10.577 10.000 61020.000
-3.816 -4.979 10.625 10.000 61030.000
-3.064 -4.800 10.484 10.000 61040.000
-2.298 -4.747 10.283 13.000 61053.000
-1.874 -4.848 10.165 7.000 61060.000
-1.680 -4.886 9.792 10.000 61070.000
-1.896 -4.951 9.476 10.000 61080.000
-2.310 -4.970 9.232 11.000 61091.000
-2.815 -5.104 8.963 12.000 61103.000
-3.090 -5.300 8.951 7.000 61110.000
-3.366 -5.559 8.999 10.000 61120.000
-3.327 -5.793 9.107 10.000 61130.000
-3.198 -5.913 9.239 11.000 61141.000
-3.284 -6.040 9.342 13.000 61154.000
-3.371 -6.105 9.385 6.000 61160.000
-3.699 -6.162 9.385 10.000 61170.000
-3.854 -6.172 9.217 9.000 61179.000
-3.794 -6.174 9.078 14.000 61193.000
-3.411 -6.287 8.772 6.000 61199.000
-2.916 -6.349 8.437 10.000 61209.000
-2.363 -6.536 8.214 10.000 61219.000
-1.848 -6.643 8.092 13.000 61232.000
-1.656 -6.641 8.137 7.000 61239.000
-1.666 -6.612 8.216 10.000 61249.000
-1.862 -6.579 8.221 10.000 61259.000
-2.020 -6.624 8.125 12.000 61271.000
-2.319 -6.976 8.013 12.000 61283.000
-2.418 -7.354 7.867 6.000 61289.000
-2.782 -8.020 7.788 10.000 61299.000
-3.107 -8.817 7.661 10.000 61309.000
-3.292 -9.308 7.551 13.000 61322.000
-3.289 -9.636 7.362 7.000 61329.000
-3.064 -9.605 7.235 10.000 61339.000
-2.647 -9.442 7.096 10.000 61349.000
-1.987 -9.612 6.926 10.000 61359.000
-1.462 -10.077 6.768 15.000 61374.000
-0.938 -10.541 6.610 6.000 61380.000
-0.644 -11.006 6.512 10.000 61390.000
-0.799 -11.087 6.349 10.000 61400.000
-1.127 -10.963 6.272 10.000 61410.000
-1.455 -10.838 6.196 10.000 61420.000
-1.683 -10.692 6.217 10.000 61430.000
-1.596 -10.541 6.421 10.000 61440.000
-1.388 -10.465 6.605 10.000 61450.000
-1.146 -10.249 6.761 10.000 61460.000
-1.005 -10.055 6.818 10.000 61470.000
-0.907 -9.935 6.742 10.000 61480.000
-0.718 -9.765 6.584 10.000 61490.000
-0.562 -9.734 6.454 10.000 61500.000
-0.399 -9.775 6.332 10.000 61510.000
-0.301 -9.797 6.258 10.000 61520.000
-0.316 -10.014 6.394 9.000 61529.000
-0.363 -10.263 6.521 11.000 61540.000
-0.418 -10.441 6.641 10.000 61550.000
-0.416 -10.666 6.653 10.000 61560.000
-0.375 -10.967 6.442 10.000 61570.000
-0.301 -11.238 6.241 10.000 61580.000
-0.481 -11.473 6.054 12.000 61592.000
-0.718 -11.659 5.975 12.000 61604.000
-1.422 -11.300 6.373 6.000 61610.000
-2.513 -10.697 7.249 10.000 61620.000
-3.351 -10.129 8.111 10.000 61630.000
-4.450 -9.248 9.095 14.000 61644.000
-5.099 -8.690 9.696 6.000 61650.000
-5.571 -7.893 9.856 10.000 61660.000
-5.973 -6.629 9.799 11.000 61671.000
-6.114 -5.679 9.619 9.000 61680.000
-6.270 -4.793 9.244 10.000 61690.000
-6.172 -4.419 8.836 10.000 61700.000
-6.143 -4.513 8.647 10.000 61710.000
-5.760 -4.436 8.293 10.000 61720.000
-5.363 -4.295 8.135 10.000 61730.000
-4.371 -3.904 7.694 10.000 61740.000
-3.150 -3.593 7.089 10.000 61750.000
-2.284 -3.452 6.648 10.000 61760.000
-1.527 -3.363 6.502 10.000 61770.000
-1.407 -3.495 6.631 10.000 61780.000
-1.498 -3.390 7.050 10.000 61790.000
-1.594 -3.318 7.465 10.000 61800.000
-1.580 -3.193 7.584 12.000 61812.000
-1.690 -2.947 7.864 12.000 61824.000
-1.783 -2.896 8.271 6.000 61830.000
-1.872 -2.813 8.683 10.000 61840.000
-1.922 -2.662 9.181 10.000 61850.000
-1.848 -2.633 9.519 11.000 61861.000
-2.092 -2.248 9.806 9.000 61870.000
-2.557 -1.776 10.058 10.000 61880.000
-3.059 -1.371 10.223 10.000 61890.000
-3.933 -0.890 10.216 10.000 61900.000
-4.525 -0.727 10.007 10.000 61910.000
-5.394 -0.222 9.794 10.000 61920.000
-6.938 0.435 9.665 10.000 61930.000
-8.111 1.017 9.708 10.000 61940.000
-9.816 1.620 9.696 10.000 61950.000
-11.370 1.659 9.627 10.000 61960.000
-12.248 1.544 9.473 10.000 61970.000
-13.467 1.122 9.208 9.000 61979.000
-14.154 0.679 8.997 10.000 61989.000
-14.219 0.555 8.293 10.000 61999.000
-14.018 0.598 7.077 10.000 62009.000
-13.476 0.948 5.973 10.000 62019.000
-12.679 1.436 4.410 10.000 62029.000
-12.157 1.742 3.438 10.000 62039.000
-11.681 1.860 2.750 10.000 62049.000
-11.099 2.109 1.946 10.000 62059.000
-10.773 2.219 1.601 10.000 62069.000
-10.285 2.425 1.125 10.000 62079.000
-10.017 2.652 0.876 10.000 62089.000
-10.026 2.681 0.706 10.000 62099.000
-10.309 2.755 0.548 10.000 62109.000
-10.754 2.734 0.521 10.000 62119.000
-10.991 2.813 0.509 10.000 62129.000
-10.486 3.045 0.452 10.000 62139.000
-9.708 3.232 0.383 10.000 62149.000
-8.554 3.543 0.210 10.000 62159.000
-7.608 3.754 0.023 10.000 62169.000
-7.048 3.866 -0.174 10.000 62179.000
-6.572 3.940 -0.277 10.000 62189.000
-6.471 3.890 -0.277 11.000 62200.000
-6.528 3.792 -0.342 10.000 62210.000
-6.493 3.591 -0.426 11.000 62221.000
-6.373 3.428 -0.605 9.000 62230.000
-5.973 3.270 -0.854 10.000 62240.000
-5.415 3.160 -1.039 10.000 62250.000
-4.951 3.160 -1.256 10.000 62260.000
-4.970 2.743 -1.319 10.000 62270.000
-5.269 2.322 -1.312 10.000 62280.000
-5.612 1.951 -1.168 10.000 62290.000
-6.138 1.584 -0.876 10.000 62300.000
-6.026 1.910 -0.610 10.000 62310.000
-5.762 2.274 -0.186 10.000 62320.000
-5.456 2.588 0.100 10.000 62330.000
-4.881 2.786 0.361 10.000 62340.000
-4.462 2.710 0.493 10.000 62350.000
-3.754 2.863 0.780 10.000 62360.000
-3.311 2.801 1.127 10.000 62370.000
-3.136 2.853 1.501 10.000 62380.000
-3.311 2.707 1.764 10.000 62390.000
-4.304 1.977 1.855 10.000 62400.000
-5.032 1.462 1.886 10.000 62410.000
-6.351 0.416 2.109 10.000 62420.000
-7.321 -0.430 2.442 10.000 62430.000
-8.224 -1.137 2.999 10.000 62440.000
-8.880 -1.889 3.897 10.000 62450.000
-8.944 -2.109 4.604 10.000 62460.000
-8.954 -2.090 5.473 10.000 62470.000
-8.652 -1.896 5.975 10.000 62480.000
-8.391 -1.493 6.373 10.000 62490.000
-7.781 -1.046 7.034 10.000 62500.000
-7.225 -0.837 7.532 10.000 62510.000
-6.684 -0.507 8.370 10.000 62520.000
-6.332 -0.543 9.042 10.000 62530.000
-6.330 -0.624 9.452 10.000 62540.000
-6.282 -0.969 9.572 10.000 62550.000
-6.220 -1.436 9.351 10.000 62560.000
-5.858 -1.561 9.153 10.000 62570.000
-5.533 -1.661 9.239 10.000 62580.000
-5.252 -1.498 9.615 10.000 62590.000
-5.054 -1.587 9.938 10.000 62600.000
-5.171 -1.814 10.170 10.000 62610.000
-5.137 -2.075 10.058 10.000 62620.000
-5.006 -2.267 10.101 10.000 62630.000
-4.759 -2.298 10.309 15.000 62645.000
-4.513 -2.329 10.517 5.000 62650.000
-4.101 -2.365 10.548 10.000 62660.000
-3.787 -2.470 10.424 10.000 62670.000
-3.100 -2.705 10.208 10.000 62680.000
-2.413 -2.940 9.993 10.000 62690.000
-1.922 -2.923 10.141 10.000 62700.000
-1.271 -2.995 10.213 9.000 62709.000
-1.027 -2.846 10.263 10.000 62719.000
-0.718 -3.150 10.338 14.000 62733.000
-0.509 -3.483 10.244 16.000 62749.000
-0.584 -3.861 10.244 10.000 62759.000
-0.658 -4.240 10.244 11.000 62770.000
-0.897 -4.213 10.311 9.000 62779.000
-1.077 -4.173 10.393 10.000 62789.000
-1.134 -3.998 10.457 10.000 62799.000
-1.233 -3.926 10.486 10.000 62809.000
-1.230 -3.806 10.424 10.000 62819.000
-1.335 -4.177 10.316 10.000 62829.000
-1.443 -4.608 10.180 10.000 62839.000
-1.510 -4.936 10.079 10.000 62849.000
-1.647 -5.202 9.897 10.000 62859.000
-1.719 -5.200 9.787 10.000 62869.000
-1.687 -5.054 9.658 10.000 62879.000
-1.577 -5.042 9.572 10.000 62889.000
-1.398 -5.092 9.567 11.000 62900.000
-1.156 -5.173 9.643 10.000 62910.000
-1.115 -5.260 9.909 10.000 62920.000
-1.154 -5.212 10.132 10.000 62930.000
-1.323 -5.434 10.414 10.000 62940.000
-1.556 -5.626 10.615 10.000 62950.000
-1.862 -6.191 10.644 10.000 62960.000
-2.173 -6.749 10.601 10.000 62970.000
-2.353 -7.036 10.498 10.000 62980.000
-2.554 -7.302 10.467 10.000 62990.000
-2.580 -7.273 10.467 10.000 63000.000
-2.590 -7.110 10.558 10.000 63010.000
-2.430 -6.876 10.532 10.000 63020.000
-2.248 -6.663 10.433 10.000 63030.000
-1.833 -6.426 10.414 10.000 63040.000
-1.431 -6.330 10.376 10.000 63050.000
-1.046 -6.265 10.690 10.000 63060.000
-0.725 -6.124 11.013 10.000 63070.000
-0.636 -6.007 11.257 10.000 63080.000
-0.366 -5.786 11.417 10.000 63090.000
0.153 -5.245 11.161 10.000 63100.000
0.737 -4.781 10.896 10.000 63110.000
1.668 -4.003 10.534 10.000 63120.000
2.418 -3.327 10.256 10.000 63130.000
2.856 -3.007 10.180 10.000 63140.000
3.131 -2.748 10.220 10.000 63150.000
2.920 -2.571 10.433 20.000 63170.000
2.710 -2.394 10.647 10.000 63180.000
2.248 -2.094 10.912 10.000 63190.000
1.879 -1.699 11.262 10.000 63200.000
1.649 -1.537 11.535 10.000 63210.000
1.280 -1.352 11.882 10.000 63220.000
1.149 -1.371 11.951 10.000 63230.000
1.086 -1.424 11.820 10.000 63240.000
1.280 -1.568 11.465 10.000 63250.000
1.613 -1.733 11.037 10.000 63260.000
1.826 -1.975 10.867 10.000 63270.000
1.903 -2.260 10.812 10.000 63280.000
1.723 -2.454 10.979 10.000 63290.000
1.295 -2.545 11.149 10.000 63300.000
0.909 -2.485 11.267 10.000 63310.000
0.761 -2.224 11.128 10.000 63320.000
0.502 -1.857 10.761 10.000 63330.000
0.493 -1.594 10.393 10.000 63340.000
0.316 -1.774 9.907 10.000 63350.000
0.354 -1.572 9.967 10.000 63360.000
0.502 -1.477 10.254 10.000 63370.000
0.330 -1.209 10.474 10.000 63380.000
0.325 -0.497 10.812 10.000 63390.000
-0.229 -0.423 10.807 11.000 63401.000
-1.058 -0.426 10.721 9.000 63410.000
-1.565 -0.600 10.702 10.000 63420.000
-2.470 -0.665 10.769 10.000 63430.000
-3.141 -0.632 10.773 10.000 63440.000
-3.787 -0.574 10.881 10.000 63450.000
-4.580 -0.533 10.714 10.000 63460.000
-4.975 -0.603 10.460 10.000 63470.000
-5.585 -0.533 9.923 10.000 63480.000
-6.493 -0.395 8.817 10.000 63490.000
-7.254 -0.239 7.987 10.000 63500.000
-8.087 -0.165 6.830 10.000 63510.000
-8.705 -0.229 5.956 10.000 63520.000
-8.518 -0.153 5.741 10.000 63530.000
-8.616 -0.079 5.537 10.000 63540.000
-8.643 0.076 5.659 10.000 63550.000
-8.930 0.174 5.872 10.000 63560.000
-9.476 0.114 5.975 10.000 63570.000
-9.557 0.208 6.069 10.000 63580.000
-9.478 0.569 6.093 10.000 63590.000
-9.138 0.988 6.026 10.000 63600.000
-8.590 1.596 5.753 10.000 63610.000
-8.085 2.123 5.339 10.000 63620.000
-7.740 2.382 4.994 10.000 63630.000
-7.378 2.573 4.345 10.000 63640.000
-7.225 2.576 3.902 10.000 63650.000
-7.182 2.396 3.342 10.000 63660.000
-7.079 2.090 2.765 10.000 63670.000
-6.993 1.850 2.492 9.000 63679.000
-6.967 1.549 2.298 11.000 63690.000
-6.967 1.359 2.360 9.000 63699.000
-7.070 1.283 2.475 11.000 63710.000
-6.988 1.137 2.664 10.000 63720.000
-6.847 1.053 2.774 9.000 63729.000
-6.509 0.926 3.026 10.000 63739.000
-6.098 0.663 3.337 11.000 63750.000
-5.870 0.469 3.574 9.000 63759.000
-5.760 0.131 4.015 11.000 63770.000
-5.846 -0.162 4.314 10.000 63780.000
-5.906 -0.344 4.764 9.000 63789.000
-5.614 -0.464 5.410 11.000 63800.000
-5.204 -0.440 5.853 10.000 63810.000
-4.429 -0.495 6.428 10.000 63820.000
-3.711 -0.512 6.756 10.000 63830.000
-3.179 -0.814 7.026 10.000 63840.000
-2.511 -1.233 7.357 10.000 63850.000
-2.209 -1.572 7.556 10.000 63860.000
-1.704 -1.970 7.857 10.000 63870.000
-1.072 -2.154 8.180 10.000 63880.000
-0.577 -2.221 8.444 10.000 63890.000
0.217 -1.996 8.741 10.000 63900.000
0.809 -1.714 8.935 10.000 63910.000
1.371 -1.400 8.944 10.000 63920.000
2.039 -1.376 8.920 10.000 63930.000
2.408 -1.644 8.863 10.000 63940.000
2.674 -2.063 8.841 10.000 63950.000
2.676 -2.504 8.844 10.000 63960.000
2.372 -2.932 9.006 10.000 63970.000
1.879 -3.591 9.308 10.000 63980.000
1.489 -4.098 9.574 10.000 63990.000
0.967 -4.343 9.971 10.000 64000.000
0.646 -4.309 10.242 10.000 64010.000
0.723 -3.878 10.352 10.000 64020.000
1.249 -3.576 10.438 10.000 64030.000
2.023 -3.624 10.541 20.000 64050.000
2.918 -3.876 10.577 10.000 64060.000
3.605 -4.295 10.635 10.000 64070.000
3.593 -4.625 10.912 10.000 64080.000
3.466 -4.869 11.042 10.000 64090.000
2.794 -4.841 11.324 10.000 64100.000
2.272 -4.766 11.362 10.000 64110.000
1.999 -4.651 11.204 10.000 64120.000
2.279 -5.018 10.996 10.000 64130.000
2.983 -5.453 10.702 10.000 64140.000
3.332 -6.078 10.776 10.000 64150.000
3.299 -6.414 10.472 10.000 64160.000
2.712 -6.268 10.218 10.000 64170.000
1.989 -6.543 10.072 10.000 64180.000
1.359 -6.675 9.837 10.000 64190.000
1.113 -7.096 9.981 10.000 64200.000
0.919 -7.524 10.041 10.000 64210.000
0.861 -7.532 9.993 10.000 64220.000
1.039 -7.599 9.811 10.000 64230.000
1.084 -7.977 9.818 10.000 64240.000
1.077 -8.348 9.909 10.000 64250.000
1.230 -8.571 9.976 10.000 64260.000
1.259 -8.734 10.141 10.000 64270.000
1.896 -8.094 9.967 10.000 64280.000
2.657 -7.417 9.737 10.000 64290.000
3.258 -6.888 9.531 10.000 64300.000
3.866 -6.868 9.267 10.000 64310.000
4.153 -6.873 9.090 10.000 64320.000
4.316 -6.916 8.968 10.000 64330.000
4.934 -6.737 8.705 10.000 64340.000
5.544 -6.047 8.499 10.000 64350.000
5.896 -6.356 8.418 10.000 64360.000
6.066 -6.871 8.327 10.000 64370.000
5.781 -7.608 8.377 10.000 64380.000
5.614 -7.989 8.185 10.000 64390.000
5.549 -7.838 7.934 10.000 64400.000
5.999 -7.378 7.651 9.000 64409.000
6.909 -7.022 7.275 11.000 64420.000
7.702 -7.022 7.141 10.000 64430.000
8.523 -6.873 6.782 9.000 64439.000
8.784 -6.706 6.361 10.000 64449.000
8.585 -6.435 6.033 10.000 64459.000
8.532 -6.268 5.525 11.000 64470.000
8.451 -6.248 5.243 10.000 64480.000
8.851 -6.423 4.908 10.000 64490.000
9.150 -6.722 4.453 9.000 64499.000
9.303 -6.919 4.177 10.000 64509.000
9.327 -7.072 3.768 11.000 64520.000
9.097 -7.153 3.514 10.000 64530.000
8.911 -7.050 3.258 10.000 64540.000
8.853 -6.828 2.770 9.000 64549.000
8.925 -6.648 2.415 10.000 64559.000
9.004 -6.792 1.951 11.000 64570.000
8.892 -7.129 1.493 9.000 64579.000
8.650 -7.587 1.268 10.000 64589.000
8.195 -7.888 1.101 11.000 64600.000
7.733 -7.867 1.043 10.000 64610.000
7.309 -7.527 1.151 10.000 64620.000
6.665 -6.931 1.599 10.000 64630.000
6.234 -6.490 1.989 9.000 64639.000
5.647 -5.992 2.583 13.000 64652.000
5.272 -5.679 3.126 8.000 64660.000
4.912 -5.722 3.404 10.000 64670.000
4.170 -5.389 4.347 10.000 64680.000
3.584 -5.114 5.087 10.000 64690.000
2.662 -4.575 6.335 10.000 64700.000
1.994 -3.655 7.333 10.000 64710.000
1.709 -3.112 7.666 10.000 64720.000
1.580 -2.360 8.276 15.000 64735.000
1.786 -1.872 8.379 4.000 64739.000
2.334 -1.467 8.690 11.000 64750.000
3.014 -0.912 8.937 9.000 64759.000
3.538 -0.565 8.906 13.000 64772.000
4.034 -0.007 8.937 8.000 64780.000
4.137 0.354 8.935 9.000 64789.000
3.902 0.761 9.009 11.000 64800.000
3.359 1.426 9.059 10.000 64810.000
2.844 1.881 9.047 11.000 64821.000
1.877 2.379 9.339 9.000 64830.000
1.115 2.681 9.619 9.000 64839.000
0.280 2.825 10.316 11.000 64850.000
-0.902 2.851 10.893 10.000 64860.000
-1.632 2.834 11.166 10.000 64870.000
-2.080 2.954 11.413 10.000 64880.000
-2.097 2.940 11.286 12.000 64892.000
-1.766 3.043 11.279 8.000 64900.000
-0.933 3.210 10.706 11.000 64911.000
-0.383 3.241 10.160 9.000 64920.000
0.773 3.790 8.798 10.000 64930.000
1.735 4.319 7.055 10.000 64940.000
2.195 4.783 5.877 10.000 64950.000
1.910 4.924 4.599 10.000 64960.000
0.972 4.582 4.118 10.000 64970.000
-0.026 4.029 4.089 9.000 64979.000
-0.754 3.323 3.909 11.000 64990.000
-0.737 2.940 3.830 10.000 65000.000
-0.359 2.525 3.725 9.000 65009.000
0.584 2.470 3.447 10.000 65019.000
1.256 2.568 3.320 10.000 65029.000
2.197 2.892 3.105 10.000 65039.000
2.777 3.246 2.916 10.000 65049.000
3.383 3.586 2.669 11.000 65060.000
3.962 3.952 2.372 10.000 65070.000
4.273 4.094 2.164 9.000 65079.000
4.599 4.249 2.030 10.000 65089.000
4.587 4.290 2.054 10.000 65099.000
4.740 4.280 2.291 10.000 65109.000
4.960 4.247 2.817 11.000 65120.000
5.166 4.199 3.270 9.000 65129.000
5.295 4.115 3.888 11.000 65140.000
5.621 4.137 4.649 10.000 65150.000
5.880 4.182 5.121 9.000 65159.000
6.512 4.343 5.726 10.000 65169.000
7.220 4.539 6.167 10.000 65179.000
7.714 4.623 6.505 10.000 65189.000
7.606 4.733 6.509 11.000 65200.000
7.125 4.728 6.380 10.000 65210.000
6.299 4.618 6.746 10.000 65220.000
5.353 4.539 6.909 9.000 65229.000
4.905 4.264 7.898 10.000 65239.000
4.331 3.892 9.040 10.000 65249.000
4.101 3.627 9.686 10.000 65259.000
3.921 3.368 10.163 11.000 65270.000
4.144 3.292 9.964 10.000 65280.000
4.493 3.311 9.612 10.000 65290.000
5.085 3.308 9.102 9.000 65299.000
5.626 3.299 8.762 10.000 65309.000
5.805 3.265 8.549 10.000 65319.000
5.772 3.344 8.432 11.000 65330.000
5.497 3.445 8.473 9.000 65339.000
4.929 3.756 8.532 10.000 65349.000
4.252 4.127 8.686 21.000 65370.000
3.837 4.311 8.707 9.000 65379.000
3.423 4.496 8.729 10.000 65389.000
3.399 4.505 8.585 10.000 65399.000
3.521 4.481 8.360 10.000 65409.000
3.593 4.532 8.171 11.000 65420.000
3.552 4.434 8.075 10.000 65430.000
3.414 4.299 8.125 10.000 65440.000
3.234 4.084 8.207 9.000 65449.000
3.088 3.883 8.226 10.000 65459.000
3.055 3.830 8.152 10.000 65469.000
3.035 3.852 8.044 10.000 65479.000
3.083 3.940 7.948 10.000 65489.000
3.007 4.039 7.831 11.000 65500.000
2.837 4.137 7.632 10.000 65510.000
2.652 4.161 7.467 9.000 65519.000
2.499 4.209 7.225 10.000 65529.000
2.437 4.232 7.067 10.000 65539.000
2.566 4.326 6.902 10.000 65549.000
2.753 4.419 6.663 10.000 65559.000
2.908 4.489 6.500 11.000 65570.000
3.078 4.553 6.217 9.000 65579.000
3.167 4.601 5.911 11.000 65590.000
3.198 4.649 5.679 10.000 65600.000
3.222 4.819 5.319 10.000 65610.000
3.232 4.994 5.080 10.000 65620.000
3.198 5.200 4.857 10.000 65630.000
3.131 5.394 4.537 10.000 65640.000
3.071 5.465 4.343 10.000 65650.000
2.968 5.458 3.993 10.000 65660.000
2.827 5.121 3.562 10.000 65670.000
2.719 4.795 3.229 9.000 65679.000
2.966 3.426 4.223 10.000 65689.000
3.256 2.135 5.372 11.000 65700.000
4.364 1.637 6.976 10.000 65710.000
6.047 2.379 8.274 10.000 65720.000
7.376 4.165 8.245 10.000 65730.000
8.714 6.780 7.692 9.000 65739.000
9.299 8.848 6.861 10.000 65749.000
8.631 9.548 6.622 10.000 65759.000
6.694 9.787 6.495 11.000 65770.000
4.747 9.198 6.892 10.000 65780.000
2.348 8.228 7.352 10.000 65790.000
0.627 7.388 7.527 10.000 65800.000
0.577 6.969 7.352 10.000 65810.000
1.127 6.667 6.940 9.000 65819.000
2.130 6.746 6.466 10.000 65829.000
3.210 6.938 5.837 10.000 65839.000
3.816 7.316 5.657 11.000 65850.000
3.821 7.577 5.714 10.000 65860.000
3.727 7.960 6.040 10.000 65870.000
3.557 8.231 6.521 9.000 65879.000
3.323 8.305 6.607 10.000 65889.000
3.052 8.274 6.461 10.000 65899.000
2.880 8.121 6.047 11.000 65910.000
2.707 8.022 5.585 10.000 65920.000
2.671 7.972 5.305 10.000 65930.000
2.650 8.037 5.391 10.000 65940.000
2.679 8.109 5.513 9.000 65949.000
2.707 8.125 5.683 10.000 65959.000
2.669 8.121 5.693 10.000 65969.000
2.518 8.113 5.540 10.000 65979.000
2.317 8.099 5.351 10.000 65989.000
2.078 8.125 5.152 11.000 66000.000
1.905 8.173 5.114 10.000 66010.000
1.889 8.185 5.056 9.000 66019.000
1.891 8.202 4.963 10.000 66029.000
1.932 8.178 4.879 10.000 66039.000
2.015 8.075 4.939 14.000 66053.000
2.078 8.001 5.046 6.000 66059.000
2.164 7.910 5.284 11.000 66070.000
2.116 7.908 5.360 10.000 66080.000
2.025 7.984 5.293 10.000 66090.000
1.972 8.140 5.035 11.000 66101.000
1.795 8.264 4.661 8.000 66109.000
1.752 8.300 4.448 11.000 66120.000
1.723 8.255 4.390 9.000 66129.000
1.656 8.130 4.525 10.000 66139.000
1.769 8.063 4.766 11.000 66150.000
1.805 7.989 4.881 10.000 66160.000
1.826 7.996 4.841 9.000 66169.000
1.776 7.994 4.627 10.000 66179.000
1.628 7.977 4.328 10.000 66189.000
1.632 7.960 4.161 11.000 66200.000
1.762 7.929 4.118 9.000 66209.000
1.963 7.908 4.247 11.000 66220.000
2.243 7.991 4.596 10.000 66230.000
2.331 8.039 4.927 9.000 66239.000
2.296 8.101 5.133 10.000 66249.000
2.138 8.130 5.193 10.000 66259.000
1.900 8.054 5.032 10.000 66269.000
1.788 8.027 4.862 10.000 66279.000
1.699 8.003 4.714 11.000 66290.000
1.733 8.013 4.711 10.000 66300.000
1.838 8.030 4.728 9.000 66309.000
1.934 8.039 4.769 10.000 66319.000
2.063 8.037 4.778 12.000 66331.000
2.135 8.044 4.824 8.000 66339.000
2.135 8.044 4.850 10.000 66349.000
2.037 8.063 4.908 11.000 66360.000
1.841 8.070 4.989 10.000 66370.000
1.702 8.068 5.035 9.000 66379.000
1.611 8.030 5.118 10.000 66389.000
1.618 7.972 5.171 10.000 66399.000
1.750 7.924 5.207 10.000 66409.000
1.912 7.886 5.164 11.000 66420.000
2.027 7.884 5.082 10.000 66430.000
2.149 7.910 4.967 10.000 66440.000
2.188 7.948 4.855 10.000 66450.000
2.109 7.977 4.812 9.000 66459.000
1.975 7.999 4.754 11.000 66470.000
1.833 7.991 4.730 9.000 66479.000
1.678 8.001 4.757 10.000 66489.000
1.608 8.010 4.793 10.000 66499.000
1.616 8.030 4.879 11.000 66510.000
1.640 8.018 4.955 10.000 66520.000
1.678 7.989 4.982 9.000 66529.000
1.757 7.946 4.967 10.000 66539.000
1.833 7.924 4.903 10.000 66549.000
1.893 7.934 4.848 11.000 66560.000
1.951 7.941 4.819 10.000 66570.000
1.968 7.963 4.831 10.000 66580.000
1.982 7.927 4.898 10.000 66590.000
2.037 7.903 4.975 11.000 66601.000
2.094 7.881 5.025 8.000 66609.000
2.152 7.862 5.073 11.000 66620.000
2.193 7.876 5.080 9.000 66629.000
2.183 7.900 4.960 11.000 66640.000
2.181 8.013 4.865 10.000 66650.000
2.178 8.123 4.771 9.000 66659.000
2.104 8.116 4.747 11.000 66670.000
2.035 8.020 4.955 13.000 66683.000
1.958 7.836 5.140 6.000 66689.000
1.900 7.639 5.322 10.000 66699.000
1.915 7.560 5.434 10.000 66709.000
1.970 7.623 5.370 11.000 66720.000
2.063 7.630 5.300 10.000 66730.000
2.138 7.649 5.233 10.000 66740.000
2.245 7.673 5.118 9.000 66749.000
2.317 7.623 5.066 14.000 66763.000
2.324 7.699 4.967 6.000 66769.000
2.267 7.771 4.898 10.000 66779.000
2.176 7.838 4.876 10.000 66789.000
2.056 7.917 4.862 11.000 66800.000
1.963 7.912 4.881 9.000 66809.000
1.934 7.912 4.872 11.000 66820.000
1.867 7.857 4.881 9.000 66829.000
1.829 7.790 4.884 10.000 66839.000
1.752 7.850 4.900 10.000 66849.000
1.702 7.836 4.924 11.000 66860.000
1.690 7.876 4.929 10.000 66870.000
1.704 7.905 4.975 10.000 66880.000
1.757 7.819 5.023 9.000 66889.000
1.812 7.833 5.123 10.000 66899.000
1.872 7.831 5.202 10.000 66909.000
1.905 7.841 5.240 11.000 66920.000
1.896 7.826 5.204 9.000 66929.000
1.848 7.805 5.094 10.000 66939.000
1.795 7.800 5.006 10.000 66949.000
1.781 7.795 4.905 10.000 66959.000
1.810 7.814 4.879 10.000 66969.000
1.889 7.812 4.903 10.000 66979.000
1.922 7.826 4.979 10.000 66989.000
1.917 7.841 5.068 10.000 66999.000
1.821 7.826 5.243 10.000 67009.000
1.685 7.814 5.382 10.000 67019.000
1.613 7.805 5.437 10.000 67029.000
1.625 7.797 5.374 10.000 67039.000
1.728 7.819 5.226 10.000 67049.000
1.869 7.814 5.061 10.000 67059.000
1.968 7.819 4.977 10.000 67069.000
1.982 7.821 5.011 10.000 67079.000
1.920 7.821 5.078 10.000 67089.000
1.819 7.848 5.161 10.000 67099.000
1.733 7.817 5.231 10.000 67109.000
1.695 7.778 5.310 10.000 67119.000
1.733 7.742 5.355 10.000 67129.000
1.786 7.726 5.384 10.000 67139.000
1.848 7.738 5.377 10.000 67149.000
1.836 7.785 5.329 11.000 67160.000
1.812 7.838 5.281 10.000 67170.000
1.774 7.872 5.250 9.000 67179.000
1.759 7.852 5.291 10.000 67189.000
1.771 7.805 5.363 10.000 67199.000
1.845 7.735 5.465 10.000 67209.000
1.920 7.714 5.523 11.000 67220.000
1.970 7.745 5.509 10.000 67230.000
1.939 7.766 5.442 10.000 67240.000
1.821 7.788 5.367 10.000 67250.000
1.704 7.762 5.339 9.000 67259.000
1.608 7.730 5.331 10.000 67269.000
1.594 7.709 5.377 10.000 67279.000
1.647 7.699 5.370 11.000 67290.000
1.699 7.718 5.317 10.000 67300.000
1.731 7.742 5.243 10.000 67310.000
1.731 7.728 5.185 10.000 67320.000
1.699 7.718 5.157 9.000 67329.000
1.671 7.668 5.200 10.000 67339.000
1.618 7.654 5.250 10.000 67349.000
1.596 7.678 5.284 10.000 67359.000
1.520 7.721 5.343 11.000 67370.000
1.429 7.759 5.396 10.000 67380.000
1.362 7.762 5.442 9.000 67389.000
1.379 7.735 5.485 10.000 67399.000
1.450 7.690 5.501 10.000 67409.000
1.601 7.642 5.475 10.000 67419.000
1.711 7.613 5.458 10.000 67429.000
1.738 7.613 5.444 10.000 67439.000
1.714 7.637 5.487 11.000 67450.000
1.623 7.680 5.554 10.000 67460.000
1.577 7.682 5.568 9.000 67469.000
1.604 7.671 5.533 10.000 67479.000
1.680 7.635 5.439 10.000 67489.000
1.790 7.582 5.384 10.000 67499.000
1.845 7.596 5.456 10.000 67509.000
1.829 7.625 5.578 11.000 67520.000
1.752 7.618 5.700 10.000 67530.000
1.642 7.627 5.784 10.000 67540.000
1.601 7.577 5.700 9.000 67549.000
1.635 7.536 5.530 10.000 67559.000
1.728 7.532 5.360 11.000 67570.000
1.845 7.615 5.149 10.000 67580.000
1.944 7.714 5.023 10.000 67590.000
1.932 7.738 4.994 10.000 67600.000
1.865 7.556 5.149 9.000 67609.000
1.774 7.285 5.346 10.000 67619.000
1.647 7.182 5.621 10.000 67629.000
1.510 7.184 5.808 10.000 67639.000
1.429 7.393 5.810 10.000 67649.000
1.403 7.489 5.815 10.000 67659.000
1.412 7.417 5.741 11.000 67670.000
1.522 7.405 5.741 10.000 67680.000
1.628 7.333 5.731 9.000 67689.000
1.678 7.374 5.719 10.000 67699.000
1.687 7.436 5.858 10.000 67709.000
1.642 7.398 5.999 10.000 67719.000
1.594 7.393 6.129 10.000 67729.000
1.637 7.350 6.050 11.000 67740.000
1.721 7.285 5.820 9.000 67749.000
1.802 7.216 5.511 10.000 67759.000
1.886 7.314 5.171 10.000 67769.000
1.879 7.450 5.039 10.000 67779.000
1.948 7.486 5.003 11.000 67790.000
2.020 7.527 5.046 10.000 67800.000
2.133 7.460 5.310 9.000 67809.000
2.135 7.410 5.614 12.000 67821.000
2.061 7.460 5.822 9.000 67830.000
1.929 7.445 5.937 9.000 67839.000
1.762 7.398 5.884 11.000 67850.000
1.723 7.376 5.762 10.000 67860.000
1.754 7.371 5.633 10.000 67870.000
1.843 7.431 5.597 10.000 67880.000
1.939 7.443 5.592 10.000 67890.000
1.960 7.433 5.626 10.000 67900.000
1.912 7.407 5.667 10.000 67910.000
1.807 7.381 5.698 10.000 67920.000
1.695 7.402 5.698 10.000 67930.000
1.625 7.422 5.712 10.000 67940.000
1.599 7.422 5.676 10.000 67950.000
1.630 7.422 5.650 10.000 67960.000
1.723 7.364 5.607 10.000 67970.000
1.829 7.287 5.540 10.000 67980.000
1.905 7.287 5.540 9.000 67989.000
1.932 7.307 5.542 10.000 67999.000
1.896 7.383 5.561 10.000 68009.000
1.879 7.424 5.607 10.000 68019.000
1.848 7.407 5.635 10.000 68029.000
1.898 7.378 5.676 10.000 68039.000
1.936 7.359 5.700 10.000 68049.000
1.956 7.376 5.698 10.000 68059.000
1.958 7.422 5.686 10.000 68069.000
