# Accelerometer Data File
# 
#
#
# sensor Vendor: Bosch
# sensor Name: BMA254
# sensor Resolution: 0.009576807m/sec^2; Max Range: 39.2; Min Delay: 10000 microseconds
# The sensor's attributes are the result hardware and the Android capabilities.
# It means that the Android may not utilize all features provided by the hardware.
#
# Some devices and Android versions save battery too much so the device may go to sleep.
# It just happens after couple of minutes from turning off the scree and it is easy to find it out.
#
# The following file provides the data from accelerometer in the m/s^2 format.
# The diff value is just a time delta between the samples
#
#
# data format:
# so we have 4 columns with values separated by the " "
# X Y Z time_from_previous_sample(ms)

# sensor speed set to:FASTEST
# units set to: m/sec^2
# gravity NOT filtered out
# Accuracy: HIGH
-4.747 -1.063 9.143 10.000 72000.000
-4.517 -1.448 9.227 10.000 72010.000
-4.113 -1.759 9.476 10.000 72020.000
-3.912 -2.434 10.122 10.000 72030.000
-3.766 -2.932 10.733 10.000 72040.000
-3.361 -2.245 11.171 10.000 72050.000
-2.882 -1.448 11.518 12.000 72062.000
-2.375 -0.079 11.420 8.000 72070.000
-2.054 0.524 11.789 10.000 72080.000
-1.991 -0.057 12.330 10.000 72090.000
-2.176 -0.387 12.832 10.000 72100.000
-2.190 -0.306 13.484 14.000 72114.000
-2.018 0.541 13.668 6.000 72120.000
-1.754 1.098 13.781 10.000 72130.000
-1.493 1.221 13.857 10.000 72140.000
-1.443 0.962 13.555 11.000 72151.000
-1.458 0.864 13.184 9.000 72160.000
-1.563 1.055 12.885 10.000 72170.000
-1.776 1.280 12.605 10.000 72180.000
-2.020 1.608 12.445 20.000 72200.000
-2.202 1.929 12.485 14.000 72214.000
-2.384 2.250 12.526 6.000 72220.000
-2.497 2.638 12.358 10.000 72230.000
-2.537 2.892 12.301 10.000 72240.000
-2.418 3.232 11.903 10.000 72250.000
-2.336 3.648 11.247 10.000 72260.000
-2.217 3.964 10.781 10.000 72270.000
-2.063 4.192 10.019 10.000 72280.000
-2.047 3.995 9.188 10.000 72290.000
-1.991 3.722 8.616 10.000 72300.000
-1.429 3.473 8.188 10.000 72310.000
-0.900 3.313 8.054 10.000 72320.000
0.119 3.567 8.030 10.000 72330.000
1.139 3.897 7.659 10.000 72340.000
1.651 4.204 7.144 10.000 72350.000
2.169 4.560 6.533 10.000 72360.000
2.173 4.687 6.090 10.000 72370.000
2.006 4.807 5.904 10.000 72380.000
1.695 4.879 5.652 10.000 72390.000
1.379 4.900 5.497 10.000 72400.000
1.034 4.857 5.396 10.000 72410.000
0.912 4.740 5.346 10.000 72420.000
0.933 4.671 5.360 10.000 72430.000
1.046 4.924 5.202 10.000 72440.000
1.187 5.243 4.989 10.000 72450.000
1.357 5.755 4.690 10.000 72460.000
1.594 6.210 4.297 10.000 72470.000
1.740 6.342 4.077 10.000 72480.000
1.879 6.421 3.821 10.000 72490.000
1.939 6.311 3.691 10.000 72500.000
1.884 6.330 3.643 10.000 72510.000
1.740 6.212 3.581 10.000 72520.000
1.604 6.148 3.555 10.000 72530.000
1.517 5.863 3.383 10.000 72540.000
1.479 5.506 3.222 10.000 72550.000
1.640 5.123 2.987 10.000 72560.000
1.845 4.630 2.786 10.000 72570.000
2.001 4.357 2.731 10.000 72580.000
1.953 3.964 2.760 10.000 72590.000
1.673 3.660 3.122 10.000 72600.000
1.347 3.466 3.450 10.000 72610.000
0.861 3.124 4.019 10.000 72620.000
0.579 2.901 4.505 10.000 72630.000
0.311 2.592 4.929 10.000 72640.000
-0.038 2.097 5.537 10.000 72650.000
-0.227 1.750 5.904 10.000 72660.000
-0.548 1.144 6.459 10.000 72670.000
-0.761 0.699 6.833 10.000 72680.000
-0.797 0.402 7.369 10.000 72690.000
-0.682 0.201 8.020 10.000 72700.000
-0.418 0.586 8.588 29.000 72729.000
-0.155 0.972 9.155 10.000 72739.000
-0.045 1.484 9.392 11.000 72750.000
-0.086 1.900 9.514 9.000 72759.000
-0.184 2.008 9.583 11.000 72770.000
-0.277 2.138 9.622 19.000 72789.000
-0.474 2.245 9.648 10.000 72799.000
-0.670 2.353 9.674 10.000 72809.000
-0.972 2.734 9.701 10.000 72819.000
-1.424 3.052 9.900 10.000 72829.000
-1.716 3.303 10.093 10.000 72839.000
-1.934 3.411 10.232 10.000 72849.000
-1.764 3.155 10.098 10.000 72859.000
-1.448 2.940 9.823 10.000 72869.000
-1.094 2.726 9.519 10.000 72879.000
-0.943 2.633 9.416 20.000 72899.000
-1.156 2.566 9.607 10.000 72909.000
-1.369 2.499 9.799 10.000 72919.000
-1.711 2.413 10.000 11.000 72930.000
-1.924 2.351 10.055 10.000 72940.000
-2.063 2.255 9.952 10.000 72950.000
-2.080 1.991 9.780 10.000 72960.000
-2.006 1.745 9.627 10.000 72970.000
-1.953 1.386 9.567 10.000 72980.000
-1.960 1.098 9.674 10.000 72990.000
-2.090 0.979 9.852 10.000 73000.000
-2.305 0.849 10.007 10.000 73010.000
-2.499 0.833 10.070 10.000 73020.000
-2.688 0.608 9.988 10.000 73030.000
-2.940 0.146 9.931 10.000 73040.000
-3.105 -0.306 9.895 10.000 73050.000
-3.323 -0.842 9.914 10.000 73060.000
-3.438 -1.163 9.993 10.000 73070.000
-3.550 -1.189 10.115 10.000 73080.000
-3.488 -1.151 10.211 10.000 73090.000
-3.373 -1.029 10.251 10.000 73100.000
-3.246 -1.204 10.216 30.000 73130.000
-3.201 -1.501 10.220 10.000 73140.000
-3.330 -1.862 10.251 10.000 73150.000
-3.519 -2.145 10.285 10.000 73160.000
-3.564 -2.104 10.376 10.000 73170.000
-3.469 -1.999 10.359 10.000 73180.000
-3.442 -2.003 10.390 10.000 73190.000
-3.356 -2.087 10.419 10.000 73200.000
-3.519 -2.152 10.539 10.000 73210.000
-3.691 -2.224 10.651 10.000 73220.000
-3.794 -2.185 10.716 10.000 73230.000
-3.833 -2.319 10.812 10.000 73240.000
-3.737 -2.585 11.056 10.000 73250.000
-3.632 -2.844 11.307 10.000 73260.000
-3.615 -3.189 11.836 10.000 73270.000
-3.663 -3.361 12.334 10.000 73280.000
-3.682 -3.521 12.698 10.000 73290.000
-3.418 -3.751 12.926 10.000 73300.000
-3.066 -3.895 12.876 10.000 73310.000
-2.561 -4.079 12.722 10.000 73320.000
-2.126 -4.189 12.483 10.000 73330.000
-1.848 -4.180 12.452 10.000 73340.000
-1.264 -3.715 12.509 10.000 73350.000
-0.833 -3.210 12.670 10.000 73360.000
-0.141 -2.300 12.832 10.000 73370.000
0.950 -1.041 12.825 10.000 73380.000
1.735 -0.237 12.729 10.000 73390.000
2.659 0.758 12.679 10.000 73400.000
3.323 1.350 12.627 10.000 73410.000
3.435 1.786 12.698 10.000 73420.000
3.495 2.346 12.713 10.000 73430.000
3.416 2.715 12.682 10.000 73440.000
3.493 2.679 12.502 10.000 73450.000
3.596 2.398 12.296 10.000 73460.000
3.864 1.601 12.193 10.000 73470.000
4.199 0.811 12.105 10.000 73480.000
4.378 0.426 12.164 10.000 73490.000
4.565 0.521 11.949 10.000 73500.000
4.639 1.010 11.688 10.000 73510.000
4.707 1.723 11.264 10.000 73520.000
4.695 2.408 10.929 10.000 73530.000
4.675 2.612 10.869 10.000 73540.000
4.252 3.009 10.965 10.000 73550.000
3.258 3.567 11.037 10.000 73560.000
2.343 4.153 11.020 10.000 73570.000
1.345 4.987 10.955 10.000 73580.000
0.751 5.626 10.735 10.000 73590.000
0.586 5.820 10.376 10.000 73600.000
0.256 6.150 9.986 10.000 73610.000
0.009 6.234 9.643 9.000 73619.000
-0.450 6.414 9.287 10.000 73629.000
-0.828 6.646 9.241 10.000 73639.000
-1.063 6.344 9.105 11.000 73650.000
-0.849 6.181 8.611 9.000 73659.000
-0.423 5.923 8.133 11.000 73670.000
-0.165 5.458 7.647 9.000 73679.000
-0.265 3.567 7.132 10.000 73689.000
-0.814 1.537 6.974 11.000 73700.000
-1.386 0.299 6.900 9.000 73709.000
-1.790 -0.732 6.833 11.000 73720.000
-1.055 2.171 7.292 9.000 73729.000
-0.196 4.558 7.733 10.000 73739.000
0.687 6.153 8.090 10.000 73749.000
0.993 7.278 8.161 10.000 73759.000
0.541 6.291 7.857 10.000 73769.000
-0.938 5.106 7.127 11.000 73780.000
-1.999 3.584 7.041 10.000 73790.000
-2.482 2.530 7.240 10.000 73800.000
-2.528 1.671 7.589 11.000 73811.000
-1.532 2.020 8.123 9.000 73820.000
-0.955 2.707 8.013 10.000 73830.000
-0.804 3.639 7.431 10.000 73840.000
-1.091 4.376 6.698 10.000 73850.000
-1.611 4.711 6.270 10.000 73860.000
-2.305 4.965 5.791 10.000 73870.000
-2.573 4.975 5.784 10.000 73880.000
-3.093 4.807 5.849 10.000 73890.000
-3.519 4.548 5.870 10.000 73900.000
-3.775 4.211 6.019 10.000 73910.000
-4.015 3.835 6.268 10.000 73920.000
-4.003 3.636 6.445 9.000 73929.000
-4.244 3.387 6.363 10.000 73939.000
-4.647 3.162 6.126 11.000 73950.000
-5.066 2.975 5.789 9.000 73959.000
-5.367 2.741 5.513 10.000 73969.000
-5.415 2.557 5.497 10.000 73979.000
-5.066 2.485 5.590 10.000 73989.000
-4.577 2.212 5.681 10.000 73999.000
-4.206 1.987 5.710 10.000 74009.000
-3.916 1.802 6.007 10.000 74019.000
-3.859 1.642 6.272 10.000 74029.000
-3.766 1.872 6.538 10.000 74039.000
-3.778 1.929 6.818 11.000 74050.000
-3.708 1.946 6.830 9.000 74059.000
-3.955 1.695 6.947 10.000 74069.000
-4.699 1.082 7.273 10.000 74079.000
-5.339 0.641 7.584 10.000 74089.000
-5.875 0.213 8.145 10.000 74099.000
-6.095 0.052 8.599 10.000 74109.000
-5.817 0.203 8.865 12.000 74121.000
-5.497 0.430 9.155 9.000 74130.000
-5.279 0.646 9.196 10.000 74140.000
-5.023 0.821 9.179 10.000 74150.000
-4.941 0.857 9.145 10.000 74160.000
-4.824 0.806 9.083 10.000 74170.000
-4.730 0.656 9.126 10.000 74180.000
-4.675 0.545 9.227 10.000 74190.000
-4.666 0.430 9.411 10.000 74200.000
-4.680 0.387 9.528 10.000 74210.000
-4.671 0.445 9.540 10.000 74220.000
-4.448 0.519 9.402 10.000 74230.000
-4.180 0.598 9.179 10.000 74240.000
-3.876 0.634 9.052 10.000 74250.000
-3.605 0.670 8.997 10.000 74260.000
-3.548 0.689 9.093 10.000 74270.000
-3.402 0.780 9.030 10.000 74280.000
-3.347 0.852 8.944 10.000 74290.000
-3.157 1.108 8.853 10.000 74300.000
-3.055 1.302 8.892 10.000 74310.000
-3.040 1.424 9.088 11.000 74321.000
-3.256 1.460 9.459 8.000 74329.000
-3.572 1.312 9.763 10.000 74339.000
-3.732 1.321 9.859 10.000 74349.000
-3.792 1.381 9.933 10.000 74359.000
-3.622 1.527 9.832 10.000 74369.000
-3.624 1.529 9.828 10.000 74379.000
-3.768 1.254 9.866 10.000 74389.000
-4.012 0.928 9.926 10.000 74399.000
-4.307 0.387 10.014 10.000 74409.000
-4.429 -0.009 10.007 10.000 74419.000
-4.532 -0.457 10.046 10.000 74429.000
-4.623 -0.902 10.060 10.000 74439.000
-4.663 -1.132 10.046 10.000 74449.000
-4.695 -1.319 9.964 10.000 74459.000
-4.673 -1.273 9.873 10.000 74469.000
-4.762 -1.216 9.739 10.000 74479.000
-4.685 -1.149 9.595 10.000 74489.000
-4.618 -1.125 9.519 10.000 74499.000
-4.345 -1.120 9.457 10.000 74509.000
-3.835 -1.221 9.514 11.000 74520.000
-3.490 -1.331 9.581 10.000 74530.000
-3.124 -1.580 9.832 10.000 74540.000
-2.964 -1.810 10.070 10.000 74550.000
-2.841 -1.850 10.328 10.000 74560.000
-2.621 -1.848 10.704 10.000 74570.000
-2.422 -1.707 10.896 10.000 74580.000
-1.987 -1.601 11.188 10.000 74590.000
-1.651 -1.594 11.405 10.000 74600.000
-1.137 -1.455 11.590 10.000 74610.000
-0.426 -1.115 11.779 10.000 74620.000
0.047 -0.739 11.868 10.000 74630.000
0.696 -0.287 11.985 10.000 74640.000
1.031 -0.426 12.145 10.000 74650.000
1.170 -0.766 12.301 10.000 74660.000
1.094 -1.280 12.619 10.000 74670.000
0.842 -1.872 12.909 10.000 74680.000
0.603 -1.874 13.079 10.000 74690.000
0.428 -1.546 13.151 10.000 74700.000
0.469 -1.043 13.060 10.000 74710.000
0.675 -0.373 12.943 10.000 74720.000
0.905 0.124 12.818 10.000 74730.000
1.173 0.275 12.864 10.000 74740.000
1.405 0.268 13.062 10.000 74750.000
1.472 0.093 13.287 10.000 74760.000
1.422 0.284 13.479 10.000 74770.000
1.053 0.715 13.606 10.000 74780.000
0.720 1.304 13.579 10.000 74790.000
0.287 2.018 13.548 10.000 74800.000
-0.028 2.365 13.551 10.000 74810.000
-0.447 2.738 13.740 10.000 74820.000
-1.194 3.512 14.101 10.000 74830.000
-1.841 4.161 14.468 10.000 74840.000
-2.576 4.922 14.506 10.000 74850.000
-2.992 5.434 14.350 10.000 74860.000
-3.047 5.554 13.790 10.000 74870.000
-2.985 5.576 13.024 10.000 74880.000
-2.834 5.485 12.586 10.000 74890.000
-2.501 5.236 11.920 10.000 74900.000
-1.965 4.580 11.372 10.000 74910.000
-1.546 4.022 11.030 10.000 74920.000
-0.825 3.380 10.692 10.000 74930.000
-0.287 2.896 10.582 10.000 74940.000
0.363 3.114 10.326 10.000 74950.000
1.091 3.368 9.983 10.000 74960.000
1.517 3.706 9.636 10.000 74970.000
1.944 4.103 9.246 10.000 74980.000
2.020 4.199 9.117 10.000 74990.000
2.082 4.455 9.011 10.000 75000.000
2.126 4.900 8.774 10.000 75010.000
2.169 5.286 8.580 10.000 75020.000
2.121 5.738 8.291 10.000 75030.000
1.946 6.119 7.841 10.000 75040.000
1.790 6.311 7.522 10.000 75050.000
1.477 6.447 7.036 10.000 75060.000
1.254 6.517 6.646 10.000 75070.000
0.948 5.901 6.572 10.000 75080.000
0.481 5.238 6.351 10.000 75090.000
0.172 4.630 6.299 10.000 75100.000
-0.014 5.224 6.121 10.000 75110.000
-0.052 6.378 5.851 10.000 75120.000
-0.007 7.388 5.693 10.000 75130.000
-0.062 7.836 5.456 10.000 75140.000
-0.239 7.082 5.343 10.000 75150.000
-0.404 6.325 5.054 10.000 75160.000
-0.418 6.011 4.596 10.000 75170.000
-0.332 6.260 4.218 10.000 75180.000
-0.435 6.579 3.459 10.000 75190.000
-0.550 6.900 2.877 10.000 75200.000
-1.149 6.804 2.274 10.000 75210.000
-1.601 6.579 1.776 10.000 75220.000
-1.865 6.284 1.659 10.000 75230.000
-2.008 5.700 1.484 10.000 75240.000
-1.742 5.281 1.532 10.000 75250.000
-1.623 4.826 1.493 10.000 75260.000
-1.599 4.383 1.482 10.000 75270.000
-1.695 4.230 1.527 10.000 75280.000
-1.759 4.000 1.853 10.000 75290.000
-1.613 3.751 2.308 10.000 75300.000
-1.371 3.490 2.736 10.000 75310.000
-0.960 3.071 3.359 10.000 75320.000
-0.579 2.729 3.701 10.000 75330.000
-0.323 2.506 3.931 10.000 75340.000
-0.007 2.185 4.376 10.000 75350.000
0.138 2.023 4.627 10.000 75360.000
0.280 1.817 5.006 10.000 75370.000
0.335 1.675 5.348 10.000 75380.000
0.452 1.630 5.628 10.000 75390.000
0.782 1.632 5.896 10.000 75400.000
1.118 1.678 6.038 10.000 75410.000
1.678 1.762 6.258 10.000 75420.000
2.116 1.848 6.325 10.000 75430.000
2.360 1.917 6.478 10.000 75440.000
2.571 1.980 6.648 10.000 75450.000
2.557 2.003 6.739 10.000 75460.000
2.375 1.836 6.971 10.000 75470.000
1.994 1.295 7.453 10.000 75480.000
1.647 0.761 7.917 10.000 75490.000
0.931 0.081 9.002 10.000 75500.000
0.383 -0.407 9.945 10.000 75510.000
-0.181 -0.136 10.910 10.000 75520.000
-0.797 0.521 11.631 10.000 75530.000
-1.043 1.326 11.731 10.000 75540.000
-1.142 2.118 11.698 10.000 75550.000
-1.043 2.494 11.319 10.000 75560.000
-0.696 2.396 11.061 10.000 75570.000
-0.474 2.070 10.721 10.000 75580.000
-0.399 1.757 10.515 10.000 75590.000
-0.586 1.285 10.316 10.000 75600.000
-0.893 1.070 10.041 10.000 75610.000
-1.074 1.082 9.847 11.000 75621.000
-1.110 1.374 9.572 9.000 75630.000
-0.885 1.824 9.289 10.000 75640.000
-0.603 2.149 9.081 10.000 75650.000
-0.227 2.398 8.803 10.000 75660.000
0.002 2.367 8.607 10.000 75670.000
0.234 2.209 8.504 10.000 75680.000
0.330 2.006 8.528 10.000 75690.000
0.150 1.848 8.841 10.000 75700.000
-0.232 1.867 9.258 10.000 75710.000
-0.617 2.013 9.581 10.000 75720.000
-1.063 2.236 9.900 10.000 75730.000
-1.482 2.243 10.019 10.000 75740.000
-1.697 2.073 10.036 10.000 75750.000
-2.099 1.735 9.931 10.000 75760.000
-2.442 1.321 9.830 10.000 75770.000
-2.631 1.058 9.679 11.000 75781.000
-2.624 0.644 9.526 9.000 75790.000
-2.430 0.397 9.495 10.000 75800.000
-2.078 0.126 9.662 10.000 75810.000
-1.723 -0.047 9.859 10.000 75820.000
-1.675 -0.095 10.156 10.000 75830.000
-1.654 -0.131 10.424 10.000 75840.000
-1.790 -0.143 10.493 10.000 75850.000
-1.958 -0.335 10.551 10.000 75860.000
-2.037 -0.646 10.639 10.000 75870.000
-2.090 -0.969 10.757 10.000 75880.000
-2.308 -1.429 10.896 10.000 75890.000
-2.494 -1.709 11.046 10.000 75900.000
-2.726 -1.728 11.054 10.000 75910.000
-2.942 -1.766 11.106 10.000 75920.000
-2.992 -1.668 11.137 10.000 75930.000
-2.944 -1.565 11.338 10.000 75940.000
-2.829 -1.580 11.554 10.000 75950.000
-2.626 -1.477 11.712 10.000 75960.000
-2.384 -1.391 11.875 10.000 75970.000
-2.240 -1.309 11.868 10.000 75980.000
-2.178 -1.352 11.961 10.000 75990.000
-2.351 -1.477 12.181 10.000 76000.000
-2.561 -1.584 12.397 10.000 76010.000
-2.928 -1.800 12.679 10.000 76020.000
-3.213 -1.891 12.861 10.000 76030.000
-3.344 -2.159 12.966 10.000 76040.000
-3.378 -2.485 13.129 10.000 76050.000
-3.256 -2.703 13.225 10.000 76060.000
-3.076 -2.973 13.381 10.000 76070.000
-2.920 -3.083 13.498 10.000 76080.000
-2.731 -3.169 13.584 10.000 76090.000
-2.389 -3.280 13.661 10.000 76100.000
-2.104 -3.337 13.678 10.000 76110.000
-1.620 -3.335 13.613 10.000 76120.000
-1.268 -3.299 13.522 10.000 76130.000
-0.893 -3.222 13.261 10.000 76140.000
-0.426 -3.100 12.816 10.000 76150.000
-0.158 -3.038 12.452 10.000 76160.000
0.079 -3.021 12.033 10.000 76170.000
0.038 -3.215 11.844 10.000 76180.000
-0.093 -3.454 11.839 10.000 76190.000
-0.342 -3.620 11.822 10.000 76200.000
-0.560 -3.739 11.860 10.000 76210.000
-0.878 -3.608 11.836 10.000 76220.000
-1.541 -3.442 11.848 10.000 76230.000
-2.087 -3.351 11.872 10.000 76240.000
-3.002 -3.213 11.992 10.000 76250.000
-3.715 -3.131 12.124 10.000 76260.000
-4.182 -2.758 12.382 10.000 76270.000
-4.469 -1.903 12.619 10.000 76280.000
-4.388 -1.096 12.761 10.000 76290.000
-4.077 0.122 12.478 10.000 76300.000
-3.603 1.237 11.870 10.000 76310.000
-3.308 1.872 11.283 10.000 76320.000
-3.251 2.358 10.879 11.000 76331.000
-3.423 2.432 10.898 9.000 76340.000
-3.787 2.166 11.010 10.000 76350.000
-4.237 1.956 10.886 9.000 76359.000
-4.450 1.893 10.579 10.000 76369.000
-4.608 1.788 10.120 10.000 76379.000
-4.639 1.800 9.730 10.000 76389.000
-4.632 1.704 9.550 11.000 76400.000
-4.742 1.594 9.382 9.000 76409.000
-4.908 1.527 9.368 10.000 76419.000
-4.967 1.441 9.227 14.000 76433.000
-5.042 1.561 8.963 6.000 76439.000
-4.999 1.695 8.688 11.000 76450.000
-5.070 2.008 8.346 9.000 76459.000
-5.248 2.341 8.130 10.000 76469.000
-5.257 2.631 7.855 10.000 76479.000
-5.075 3.021 7.455 14.000 76493.000
-4.778 3.232 7.122 6.000 76499.000
-4.453 3.485 6.797 10.000 76509.000
-4.232 3.629 6.679 10.000 76519.000
-4.228 3.634 6.636 10.000 76529.000
-4.225 3.806 6.478 31.000 76560.000
-4.072 4.031 6.241 10.000 76570.000
-3.919 4.256 6.004 10.000 76580.000
-3.543 4.527 5.683 10.000 76590.000
-3.165 4.630 5.477 10.000 76600.000
-2.954 4.458 5.374 10.000 76610.000
-2.865 4.173 5.221 10.000 76620.000
-2.975 3.881 5.202 10.000 76630.000
-3.260 3.921 5.197 10.000 76640.000
-3.557 4.141 5.161 10.000 76650.000
-3.756 4.527 5.312 10.000 76660.000
-4.122 4.683 5.331 10.000 76670.000
-4.314 4.505 5.336 10.000 76680.000
-4.414 4.422 5.358 10.000 76690.000
-4.541 4.369 5.224 10.000 76700.000
-4.501 4.546 5.221 10.000 76710.000
-4.398 4.747 5.415 10.000 76720.000
-4.386 4.855 5.592 10.000 76730.000
-4.280 4.821 5.868 10.000 76740.000
-4.369 4.651 6.009 10.000 76750.000
-4.520 4.458 5.954 10.000 76760.000
-4.807 4.326 5.765 10.000 76770.000
-5.137 4.252 5.497 10.000 76780.000
-5.370 4.517 5.272 10.000 76790.000
-5.691 5.037 4.699 10.000 76800.000
-5.875 5.494 4.261 10.000 76810.000
-6.550 5.997 3.921 10.000 76820.000
-7.017 6.287 3.921 10.000 76830.000
-7.395 6.323 4.268 10.000 76840.000
-7.460 6.227 4.484 10.000 76850.000
-7.034 6.086 4.601 10.000 76860.000
-6.667 5.829 4.709 10.000 76870.000
-6.260 5.652 4.762 10.000 76880.000
-6.167 5.607 4.946 10.000 76890.000
-5.961 5.355 5.070 11.000 76901.000
-5.808 5.228 4.955 8.000 76909.000
-5.820 4.884 4.888 10.000 76919.000
-5.691 4.412 4.903 10.000 76929.000
-5.674 4.146 4.977 10.000 76939.000
-5.351 3.878 5.286 11.000 76950.000
-4.903 3.749 5.602 9.000 76959.000
-4.515 3.708 6.004 10.000 76969.000
-3.981 3.493 6.495 10.000 76979.000
-3.754 3.280 6.751 10.000 76989.000
-3.684 2.896 7.505 11.000 77000.000
-3.579 2.731 8.508 9.000 77009.000
-3.620 2.741 9.423 10.000 77019.000
-3.775 2.767 10.196 10.000 77029.000
-3.773 2.964 10.472 10.000 77039.000
-3.620 2.885 10.307 10.000 77049.000
-3.181 2.801 9.957 10.000 77059.000
-2.628 2.700 9.749 10.000 77069.000
-1.819 2.432 9.516 10.000 77079.000
-1.278 2.260 9.308 10.000 77089.000
-1.003 1.922 9.255 10.000 77099.000
-0.845 1.462 9.277 10.000 77109.000
-0.943 1.170 9.323 10.000 77119.000
-0.948 0.933 9.217 10.000 77129.000
-0.936 1.055 9.279 10.000 77139.000
-0.806 1.300 9.267 11.000 77150.000
-0.670 1.596 9.224 9.000 77159.000
-0.627 1.838 9.332 10.000 77169.000
-0.519 1.941 9.217 10.000 77179.000
-0.385 2.214 9.095 10.000 77189.000
-0.258 2.434 9.004 11.000 77200.000
-0.146 2.755 8.810 9.000 77209.000
-0.134 3.026 8.700 10.000 77219.000
-0.263 3.114 8.554 10.000 77229.000
-0.418 3.023 8.463 10.000 77239.000
-0.560 2.832 8.475 11.000 77250.000
-0.842 2.566 8.667 9.000 77259.000
-1.209 2.296 8.971 10.000 77269.000
-1.549 2.205 9.220 10.000 77279.000
-1.699 2.152 9.323 10.000 77289.000
-1.709 2.173 9.246 11.000 77300.000
-1.474 2.061 9.141 10.000 77310.000
-1.426 1.862 9.117 10.000 77320.000
-1.568 1.625 9.239 10.000 77330.000
-1.774 1.407 9.421 10.000 77340.000
-2.025 1.340 9.562 10.000 77350.000
-1.805 1.359 9.536 10.000 77360.000
-1.419 1.233 9.627 10.000 77370.000
-0.969 1.086 9.658 10.000 77380.000
-0.488 0.823 9.813 10.000 77390.000
-0.351 0.478 10.060 10.000 77400.000
-0.380 0.280 10.189 10.000 77410.000
-0.440 0.040 10.177 10.000 77420.000
-0.531 -0.081 10.041 10.000 77430.000
-0.373 -0.160 9.962 10.000 77440.000
-0.337 -0.457 9.974 10.000 77450.000
-0.270 -0.713 10.127 10.000 77460.000
-0.447 -1.103 10.393 10.000 77470.000
-0.814 -1.455 10.596 10.000 77480.000
-0.974 -1.525 10.785 10.000 77490.000
-1.261 -1.965 11.027 10.000 77500.000
-1.304 -2.272 11.156 10.000 77510.000
-1.367 -2.887 11.188 11.000 77521.000
-1.254 -3.672 10.972 9.000 77530.000
-1.015 -4.086 10.704 10.000 77540.000
-0.632 -4.446 10.457 10.000 77550.000
-0.229 -4.496 10.309 10.000 77560.000
0.000 -4.426 10.340 10.000 77570.000
0.258 -4.362 10.402 10.000 77580.000
0.373 -4.352 10.443 10.000 77590.000
0.509 -4.359 10.651 10.000 77600.000
0.560 -4.381 10.850 10.000 77610.000
0.605 -4.443 11.128 10.000 77620.000
0.744 -4.642 11.434 10.000 77630.000
0.861 -4.824 11.573 10.000 77640.000
1.094 -4.850 11.683 10.000 77650.000
1.438 -4.582 11.662 10.000 77660.000
1.690 -4.177 11.611 10.000 77670.000
1.951 -3.598 11.650 10.000 77680.000
2.097 -3.174 11.717 10.000 77690.000
2.181 -3.078 11.779 10.000 77700.000
2.346 -3.016 11.786 10.000 77710.000
2.501 -3.129 11.705 10.000 77720.000
2.609 -3.229 11.552 10.000 77730.000
2.643 -3.251 11.425 10.000 77740.000
2.384 -3.143 11.338 10.000 77750.000
1.771 -2.904 11.166 10.000 77760.000
1.206 -2.676 11.066 10.000 77770.000
0.375 -2.336 10.888 10.000 77780.000
-0.404 -1.975 10.635 10.000 77790.000
-0.830 -1.745 10.467 16.000 77806.000
-1.355 -1.333 10.340 4.000 77810.000
-1.738 -0.883 10.378 20.000 77830.000
-2.035 -0.407 10.551 10.000 77840.000
-2.331 0.069 10.723 10.000 77850.000
-2.588 0.543 10.963 10.000 77860.000
-2.719 0.866 11.113 10.000 77870.000
-2.887 1.228 11.267 10.000 77880.000
-3.160 1.663 11.413 10.000 77890.000
-3.375 1.920 11.451 10.000 77900.000
-3.617 2.217 11.441 10.000 77910.000
-3.749 2.331 11.386 10.000 77920.000
-3.861 2.468 11.358 10.000 77930.000
-4.082 2.753 11.286 10.000 77940.000
-4.276 2.997 11.262 10.000 77950.000
-4.484 3.373 11.188 10.000 77960.000
-4.647 3.696 11.010 10.000 77970.000
-4.702 3.871 10.876 10.000 77980.000
-4.525 4.079 10.565 10.000 77990.000
-4.333 4.156 10.304 10.000 78000.000
-4.187 4.232 10.187 10.000 78010.000
-3.924 4.331 10.127 10.000 78020.000
-3.892 4.395 10.244 10.000 78030.000
-3.660 4.503 10.254 10.000 78040.000
-3.342 4.568 10.204 10.000 78050.000
-2.892 4.742 10.113 10.000 78060.000
-2.135 4.958 9.962 10.000 78070.000
-1.580 5.130 9.919 10.000 78080.000
-0.859 5.312 9.758 10.000 78090.000
-0.239 5.341 9.574 10.000 78100.000
0.074 5.329 9.449 10.000 78110.000
0.469 5.410 9.361 10.000 78120.000
0.699 5.482 9.390 10.000 78130.000
1.000 5.765 9.392 10.000 78140.000
1.525 6.162 9.186 10.000 78150.000
1.968 6.466 8.944 10.000 78160.000
2.432 6.718 8.588 10.000 78170.000
2.647 6.789 8.279 20.000 78190.000
2.600 6.574 8.058 10.000 78200.000
2.552 6.358 7.838 10.000 78210.000
2.489 6.054 7.515 10.000 78220.000
2.446 5.717 6.957 10.000 78230.000
2.444 5.552 6.519 10.000 78240.000
2.315 4.843 5.944 10.000 78250.000
2.178 4.276 5.588 10.000 78260.000
2.049 4.453 5.228 10.000 78270.000
1.958 5.073 4.788 10.000 78280.000
1.994 6.236 4.484 10.000 78290.000
1.838 6.892 4.129 10.000 78300.000
1.685 6.828 3.998 10.000 78310.000
1.352 5.973 3.751 10.000 78320.000
1.027 4.905 3.342 10.000 78330.000
0.893 4.345 2.983 10.000 78340.000
0.780 3.598 2.561 10.000 78350.000
0.751 3.157 2.269 10.000 78360.000
0.715 2.930 2.140 10.000 78370.000
0.857 2.731 2.080 10.000 78380.000
0.976 2.719 2.082 10.000 78390.000
1.446 2.813 2.260 10.000 78400.000
2.015 2.853 2.516 10.000 78410.000
2.408 2.865 2.703 10.000 78420.000
2.719 2.746 3.105 10.000 78430.000
2.738 2.561 3.399 10.000 78440.000
2.626 2.379 3.971 10.000 78450.000
2.451 2.164 4.683 10.000 78460.000
2.358 2.080 5.178 10.000 78470.000
2.308 1.881 5.834 10.000 78480.000
2.382 1.728 6.224 10.000 78490.000
2.518 1.608 6.476 10.000 78500.000
2.624 1.496 6.823 10.000 78510.000
2.686 1.498 7.010 10.000 78520.000
2.401 1.649 7.113 10.000 78530.000
2.126 2.087 7.491 10.000 78540.000
1.881 2.518 7.773 10.000 78550.000
1.613 2.966 8.010 10.000 78560.000
1.599 3.270 8.240 10.000 78570.000
1.635 3.351 8.145 10.000 78580.000
1.623 3.399 8.135 10.000 78590.000
1.635 3.430 8.171 10.000 78600.000
1.426 3.404 8.403 10.000 78610.000
0.905 3.323 8.731 10.000 78620.000
0.430 3.275 8.973 10.000 78630.000
-0.184 3.248 9.138 9.000 78639.000
-0.579 3.280 9.107 11.000 78650.000
-0.703 3.299 8.932 10.000 78660.000
-0.972 3.287 8.834 10.000 78670.000
-1.098 3.253 8.813 9.000 78679.000
-1.194 3.167 8.808 11.000 78690.000
-1.307 3.083 8.901 10.000 78700.000
-1.118 3.114 8.882 9.000 78709.000
-1.055 3.076 8.983 11.000 78720.000
-1.024 3.090 9.066 9.000 78729.000
-1.108 2.985 9.179 10.000 78739.000
-1.352 2.710 9.184 11.000 78750.000
-1.470 2.504 9.069 9.000 78759.000
-1.546 2.336 9.042 11.000 78770.000
-1.508 2.288 8.987 10.000 78780.000
-1.412 2.365 9.117 10.000 78790.000
-1.213 2.504 9.224 9.000 78799.000
-1.055 2.604 9.244 10.000 78809.000
-0.905 2.693 9.284 11.000 78820.000
-0.809 2.743 9.284 10.000 78830.000
-0.893 2.559 9.402 10.000 78840.000
-0.940 2.300 9.507 10.000 78850.000
-0.981 2.054 9.591 10.000 78860.000
-0.864 1.695 9.619 10.000 78870.000
-0.670 1.508 9.552 10.000 78880.000
-0.416 1.448 9.603 10.000 78890.000
-0.155 1.410 9.758 10.000 78900.000
-0.052 1.484 9.969 10.000 78910.000
0.074 1.503 10.120 10.000 78920.000
-0.019 1.393 10.153 10.000 78930.000
-0.119 1.261 10.081 10.000 78940.000
-0.330 0.979 10.081 10.000 78950.000
-0.565 0.751 10.141 10.000 78960.000
-0.694 0.524 10.340 10.000 78970.000
-1.082 0.332 10.737 10.000 78980.000
-1.359 0.292 11.063 10.000 78990.000
-1.632 0.246 11.492 10.000 79000.000
-1.886 0.277 11.793 10.000 79010.000
-1.812 0.703 11.920 10.000 79020.000
-1.889 1.010 11.930 10.000 79030.000
-1.970 1.321 11.836 10.000 79040.000
-2.233 1.352 11.623 10.000 79050.000
-2.363 0.754 11.271 10.000 79060.000
-2.341 0.275 11.037 10.000 79070.000
-2.128 -0.612 10.776 10.000 79080.000
-1.733 -1.221 10.635 10.000 79090.000
-1.491 -1.867 10.637 10.000 79100.000
-0.713 -2.181 10.371 10.000 79110.000
-0.126 -2.085 10.132 10.000 79120.000
1.130 -1.941 9.655 10.000 79130.000
2.336 -1.561 9.150 10.000 79140.000
3.313 -1.865 9.200 10.000 79150.000
3.828 -2.750 9.653 10.000 79160.000
3.672 -3.684 10.342 10.000 79170.000
2.887 -4.963 11.264 10.000 79180.000
1.374 -5.736 11.638 10.000 79190.000
0.323 -5.928 11.609 10.000 79200.000
-1.046 -6.088 11.422 10.000 79210.000
-1.786 -5.904 11.003 10.000 79220.000
-1.975 -5.863 10.805 10.000 79230.000
-2.138 -5.796 10.730 10.000 79240.000
-1.982 -5.760 10.814 10.000 79250.000
-1.860 -5.714 11.013 10.000 79260.000
-1.867 -5.679 11.252 10.000 79270.000
-1.613 -5.492 11.705 10.000 79280.000
-0.464 -4.929 13.333 10.000 79290.000
0.718 -4.376 14.846 10.000 79300.000
2.477 -2.829 15.677 10.000 79310.000
3.296 -1.807 16.033 11.000 79321.000
2.126 -1.776 14.994 18.000 79339.000
0.955 -1.745 13.955 10.000 79349.000
-0.742 -2.705 13.486 10.000 79359.000
-1.517 -2.576 12.933 10.000 79369.000
-1.199 -1.831 12.600 10.000 79379.000
-1.029 -0.706 12.320 10.000 79389.000
-0.909 0.416 12.152 10.000 79399.000
-1.388 0.888 12.401 11.000 79410.000
-2.154 1.549 12.789 9.000 79419.000
-2.772 1.829 13.125 10.000 79429.000
-3.380 2.305 13.441 10.000 79439.000
-3.473 2.695 13.412 10.000 79449.000
-3.280 2.896 13.244 10.000 79459.000
-2.808 3.021 12.785 10.000 79469.000
-2.346 2.949 12.344 10.000 79479.000
-1.848 2.940 11.829 10.000 79489.000
-1.029 2.782 11.159 11.000 79500.000
-0.488 2.700 10.781 9.000 79509.000
0.169 2.853 10.369 10.000 79519.000
0.608 2.940 10.180 10.000 79529.000
0.653 3.349 10.254 11.000 79540.000
0.957 3.758 10.251 13.000 79553.000
1.144 3.933 10.283 7.000 79560.000
1.316 4.254 10.297 10.000 79570.000
1.417 4.517 10.390 10.000 79580.000
1.259 4.781 10.560 10.000 79590.000
1.029 5.185 10.771 10.000 79600.000
0.814 5.444 10.998 10.000 79610.000
0.711 5.635 10.991 10.000 79620.000
0.560 5.738 10.960 10.000 79630.000
0.481 5.700 10.888 10.000 79640.000
0.363 5.556 10.510 10.000 79650.000
0.277 5.363 10.180 10.000 79660.000
0.265 5.279 9.670 10.000 79670.000
0.239 5.039 9.078 10.000 79680.000
0.251 4.905 8.793 10.000 79690.000
0.284 5.054 8.324 10.000 79700.000
0.292 5.181 8.058 10.000 79710.000
0.277 5.547 7.745 10.000 79720.000
0.126 5.748 7.388 14.000 79734.000
-0.045 5.667 7.216 6.000 79740.000
-0.440 4.771 7.137 10.000 79750.000
-0.732 4.209 6.703 10.000 79760.000
-0.888 3.811 6.313 11.000 79771.000
-0.608 5.420 5.803 9.000 79780.000
-0.105 7.843 5.200 10.000 79790.000
-0.083 8.317 5.324 10.000 79800.000
-0.179 8.501 4.994 10.000 79810.000
-0.711 6.679 4.783 10.000 79820.000
-0.766 5.176 4.050 10.000 79830.000
-0.407 5.204 3.074 10.000 79840.000
0.153 5.516 2.305 10.000 79850.000
0.660 5.700 1.496 10.000 79860.000
0.691 5.566 1.209 10.000 79870.000
0.751 5.437 0.871 10.000 79880.000
0.936 5.305 0.749 10.000 79890.000
1.173 5.300 0.667 10.000 79900.000
1.386 5.109 0.615 10.000 79910.000
1.570 4.912 0.612 10.000 79920.000
1.561 4.589 0.562 10.000 79930.000
1.594 4.220 0.459 10.000 79940.000
1.651 4.039 0.328 10.000 79950.000
1.616 3.845 0.169 10.000 79960.000
1.565 3.787 0.090 10.000 79970.000
1.510 3.739 0.193 10.000 79980.000
1.371 3.550 0.363 10.000 79990.000
1.326 3.373 0.560 10.000 80000.000
1.412 3.098 0.878 10.000 80010.000
1.541 2.659 1.113 10.000 80020.000
1.754 2.363 1.280 10.000 80030.000
2.358 2.114 1.405 10.000 80040.000
2.829 1.963 1.407 10.000 80050.000
3.311 2.109 1.453 10.000 80060.000
3.617 2.267 1.905 10.000 80070.000
3.533 2.377 2.401 10.000 80080.000
3.423 2.454 3.275 10.000 80090.000
3.222 2.432 4.060 10.000 80100.000
3.363 2.229 4.704 10.000 80110.000
3.663 1.891 5.489 10.000 80120.000
3.988 1.587 5.896 10.000 80130.000
4.398 1.395 6.557 10.000 80140.000
4.582 1.561 7.182 10.000 80150.000
4.608 1.860 7.666 10.000 80160.000
4.802 2.193 8.075 10.000 80170.000
4.912 2.413 8.231 10.000 80180.000
4.829 2.308 8.487 10.000 80190.000
4.458 2.415 9.296 10.000 80200.000
3.919 2.489 10.180 10.000 80210.000
3.605 2.887 10.836 10.000 80220.000
3.543 3.423 11.161 10.000 80230.000
3.052 3.933 11.109 10.000 80240.000
2.477 4.493 10.472 16.000 80256.000
1.678 4.730 10.062 4.000 80260.000
0.684 4.769 9.490 10.000 80270.000
0.385 4.369 8.676 10.000 80280.000
0.169 3.919 8.446 10.000 80290.000
1.053 3.469 7.915 10.000 80300.000
2.130 3.217 7.546 10.000 80310.000
2.865 3.349 7.479 10.000 80320.000
2.911 3.603 7.611 10.000 80330.000
1.857 3.857 8.044 10.000 80340.000
-0.196 3.869 8.705 10.000 80350.000
-1.886 3.749 9.131 10.000 80360.000
-2.205 3.248 9.196 20.000 80380.000
-2.523 2.748 9.260 10.000 80390.000
-1.446 2.324 8.918 10.000 80400.000
-0.153 1.958 8.746 10.000 80410.000
0.457 1.850 8.736 10.000 80420.000
0.883 1.728 9.054 10.000 80430.000
0.914 1.771 9.552 10.000 80440.000
0.577 1.790 9.969 10.000 80450.000
0.514 1.824 10.721 10.000 80460.000
0.636 1.872 11.145 10.000 80470.000
1.132 2.023 11.674 10.000 80480.000
1.781 2.140 12.114 10.000 80490.000
2.339 2.240 11.882 10.000 80500.000
2.650 2.111 11.801 10.000 80510.000
2.588 1.879 11.614 10.000 80520.000
2.056 1.561 11.652 10.000 80530.000
0.924 1.142 11.961 10.000 80540.000
0.038 0.952 12.119 10.000 80550.000
-0.933 0.656 12.181 10.000 80560.000
-1.436 0.445 12.018 10.000 80570.000
-1.374 0.110 11.805 10.000 80580.000
-1.060 -0.325 11.583 10.000 80590.000
-0.660 -0.653 11.456 10.000 80600.000
-0.148 -0.940 11.367 10.000 80610.000
0.215 -1.000 11.396 10.000 80620.000
0.251 -0.919 11.501 10.000 80630.000
0.136 -0.797 11.705 10.000 80640.000
-0.090 -0.715 11.870 10.000 80650.000
-0.442 -0.646 12.042 10.000 80660.000
-0.718 -0.617 12.148 10.000 80670.000
-0.919 -0.694 12.208 10.000 80680.000
-1.130 -0.775 12.270 10.000 80690.000
-1.216 -0.845 12.325 10.000 80700.000
-1.194 -0.873 12.291 10.000 80710.000
-1.015 -0.804 12.131 10.000 80720.000
-0.825 -0.730 11.968 10.000 80730.000
-0.629 -0.684 11.762 10.000 80740.000
-0.541 -0.679 11.645 10.000 80750.000
-0.541 -0.723 11.647 10.000 80760.000
-0.500 -0.758 11.698 10.000 80770.000
-0.466 -0.766 11.791 10.000 80780.000
-0.402 -0.814 12.006 10.000 80790.000
-0.330 -0.847 12.176 10.000 80800.000
-0.289 -0.893 12.492 10.000 80810.000
-0.136 -0.840 12.950 10.000 80820.000
-0.014 -0.746 13.285 10.000 80830.000
0.162 -0.600 13.649 10.000 80840.000
0.241 -0.548 13.745 10.000 80850.000
0.208 -0.593 13.699 10.000 80860.000
0.093 -0.758 13.551 10.000 80870.000
-0.076 -0.976 13.374 10.000 80880.000
-0.313 -1.146 13.287 10.000 80890.000
-0.936 -1.154 13.275 10.000 80900.000
-1.477 -1.041 13.366 10.000 80910.000
-2.377 -0.660 13.532 10.000 80920.000
-3.122 -0.229 13.680 10.000 80930.000
-3.464 -0.067 13.857 10.000 80940.000
-3.308 0.184 13.735 10.000 80950.000
-2.794 0.167 13.539 10.000 80960.000
-1.965 0.256 13.093 10.000 80970.000
-0.957 0.478 12.524 10.000 80980.000
-0.447 0.612 12.253 10.000 80990.000
0.098 0.651 11.992 10.000 81000.000
0.330 0.584 11.980 10.000 81010.000
0.203 0.440 11.987 10.000 81020.000
-0.165 0.280 12.105 10.000 81030.000
-0.569 0.215 12.212 10.000 81040.000
-1.359 0.114 12.294 10.000 81050.000
-1.987 0.062 12.378 10.000 81060.000
-2.657 0.088 12.483 10.000 81070.000
-3.416 0.086 12.789 10.000 81080.000
-3.790 0.119 13.122 10.000 81090.000
-4.034 0.407 13.352 10.000 81100.000
-3.912 0.701 13.395 10.000 81110.000
-3.701 1.024 13.237 10.000 81120.000
-3.485 1.441 13.084 10.000 81130.000
-3.399 1.604 13.034 10.000 81140.000
-3.332 1.977 12.928 10.000 81150.000
-3.083 2.463 12.524 10.000 81160.000
-2.839 2.856 12.114 10.000 81170.000
-2.669 3.019 11.619 10.000 81180.000
-2.561 2.901 11.233 10.000 81190.000
-2.578 2.810 11.044 10.000 81200.000
-2.487 2.949 10.479 10.000 81210.000
-2.322 3.318 10.000 10.000 81220.000
-2.011 3.782 9.251 10.000 81230.000
-1.616 4.192 8.595 10.000 81240.000
-1.328 4.371 8.315 10.000 81250.000
-0.919 4.716 7.884 10.000 81260.000
-0.656 4.965 7.723 10.000 81270.000
-0.237 5.427 7.091 10.000 81280.000
0.481 5.853 5.920 10.000 81290.000
1.077 6.114 4.900 10.000 81300.000
1.668 6.081 3.284 10.000 81310.000
1.963 5.750 2.149 10.000 81320.000
1.910 5.528 1.620 10.000 81330.000
1.869 5.255 1.201 10.000 81340.000
1.833 5.276 1.379 10.000 81350.000
1.877 5.339 1.711 10.000 81360.000
1.869 4.970 2.063 10.000 81370.000
1.850 4.651 2.305 10.000 81380.000
1.884 4.084 2.358 10.000 81390.000
1.838 3.476 2.255 10.000 81400.000
1.896 3.110 1.845 10.000 81410.000
2.001 2.650 1.391 10.000 81420.000
2.054 2.439 1.125 10.000 81430.000
2.090 2.118 0.830 10.000 81440.000
2.121 1.915 0.756 10.000 81450.000
2.171 1.750 0.780 10.000 81460.000
2.224 1.532 0.952 10.000 81470.000
2.293 1.424 1.154 10.000 81480.000
2.406 1.292 1.371 10.000 81490.000
2.583 1.151 1.580 10.000 81500.000
2.758 1.063 1.640 10.000 81510.000
2.968 0.905 1.692 10.000 81520.000
3.136 0.770 1.728 10.000 81530.000
3.213 0.768 1.666 10.000 81540.000
3.277 0.854 1.592 10.000 81550.000
3.306 1.010 1.525 10.000 81560.000
3.241 1.561 1.570 10.000 81570.000
3.136 2.044 1.671 10.000 81580.000
2.700 2.683 1.247 10.000 81590.000
2.664 2.049 4.517 10.000 81600.000
2.722 1.019 7.675 11.000 81611.000
3.136 -0.234 12.102 9.000 81620.000
3.892 -1.733 17.065 10.000 81630.000
7.137 0.466 17.748 10.000 81640.000
10.170 4.642 13.455 10.000 81650.000
12.847 9.042 7.893 10.000 81660.000
13.814 12.732 2.978 10.000 81670.000
10.031 12.679 0.174 10.000 81680.000
6.459 10.651 2.346 10.000 81690.000
1.647 7.532 5.863 10.000 81700.000
-1.455 5.123 8.734 10.000 81710.000
-2.286 4.661 9.916 10.000 81720.000
-1.862 4.762 10.333 10.000 81730.000
-0.198 5.954 9.404 10.000 81740.000
2.540 6.938 8.037 10.000 81750.000
4.869 7.292 6.833 10.000 81760.000
6.330 6.703 6.308 10.000 81770.000
7.144 5.930 5.614 10.000 81780.000
6.883 5.365 5.358 10.000 81790.000
5.961 5.157 5.257 10.000 81800.000
4.232 5.793 5.470 10.000 81810.000
3.150 6.615 5.853 10.000 81820.000
2.047 7.472 6.301 10.000 81830.000
1.604 7.972 6.593 10.000 81840.000
1.762 7.740 6.794 10.000 81850.000
2.152 7.460 6.751 10.000 81860.000
2.564 7.144 6.643 10.000 81870.000
3.119 6.825 6.404 10.000 81880.000
3.495 6.775 6.028 10.000 81890.000
3.682 6.648 5.987 10.000 81900.000
3.809 6.488 6.030 10.000 81910.000
3.792 6.330 6.205 10.000 81920.000
3.706 6.351 6.088 10.000 81930.000
3.541 6.572 5.765 10.000 81940.000
3.435 6.825 5.358 10.000 81950.000
3.265 7.012 5.157 10.000 81960.000
3.165 7.019 5.248 10.000 81970.000
3.153 6.866 5.391 10.000 81980.000
3.172 6.746 5.408 10.000 81990.000
3.256 6.694 5.219 10.000 82000.000
3.342 6.734 5.262 10.000 82010.000
3.375 6.861 5.367 10.000 82020.000
3.349 6.986 5.616 10.000 82030.000
3.387 6.971 5.753 10.000 82040.000
3.423 6.864 5.657 10.000 82050.000
3.509 6.696 5.592 10.000 82060.000
3.670 6.665 5.317 10.000 82070.000
3.766 6.773 5.154 10.000 82080.000
3.840 6.895 5.090 10.000 82090.000
3.864 7.077 4.994 10.000 82100.000
3.708 7.026 5.248 10.000 82110.000
3.548 7.012 5.494 10.000 82120.000
3.409 6.983 5.643 10.000 82130.000
3.327 7.055 5.729 10.000 82140.000
3.380 7.192 5.659 10.000 82150.000
3.428 7.175 5.600 10.000 82160.000
3.471 7.153 5.444 10.000 82170.000
3.457 7.031 5.351 10.000 82180.000
3.462 7.058 5.209 10.000 82190.000
3.505 7.134 5.109 10.000 82200.000
3.552 7.216 5.104 10.000 82210.000
3.541 7.180 5.274 10.000 82220.000
3.509 6.995 5.492 10.000 82230.000
3.500 6.991 5.626 10.000 82240.000
3.526 7.000 5.521 10.000 82250.000
3.612 7.127 5.240 10.000 82260.000
3.667 7.058 5.085 10.000 82270.000
3.672 6.876 4.970 10.000 82280.000
3.658 6.708 5.315 10.000 82290.000
3.632 6.634 5.566 10.000 82300.000
3.636 6.756 5.693 10.000 82310.000
3.651 6.921 5.702 10.000 82320.000
3.660 7.127 5.473 10.000 82330.000
3.682 7.240 5.336 10.000 82340.000
3.725 7.295 5.161 10.000 82350.000
3.758 7.307 5.104 10.000 82360.000
3.866 7.369 5.066 10.000 82370.000
4.034 7.290 5.070 10.000 82380.000
4.180 7.268 5.114 10.000 82390.000
4.369 7.024 5.123 10.000 82400.000
4.472 6.660 5.133 10.000 82410.000
4.453 6.576 5.049 10.000 82420.000
4.304 6.651 4.965 10.000 82430.000
4.113 6.947 4.915 10.000 82440.000
3.895 7.225 4.891 10.000 82450.000
3.792 7.314 4.965 10.000 82460.000
3.818 7.244 5.039 10.000 82470.000
3.835 7.189 5.128 10.000 82480.000
3.878 7.153 5.190 10.000 82490.000
3.828 7.170 5.228 10.000 82500.000
3.823 7.122 5.092 10.000 82510.000
3.828 7.060 4.941 10.000 82520.000
3.835 6.988 4.788 10.000 82530.000
3.883 6.914 4.611 10.000 82540.000
3.914 6.983 4.671 10.000 82550.000
4.007 7.041 4.831 10.000 82560.000
4.098 7.108 4.994 10.000 82570.000
4.216 7.048 5.075 10.000 82580.000
4.304 6.909 5.094 10.000 82590.000
4.395 6.794 5.027 10.000 82600.000
4.496 6.742 4.951 10.000 82610.000
4.570 6.816 4.955 10.000 82620.000
4.520 6.950 4.853 10.000 82630.000
4.314 7.067 4.862 10.000 82640.000
4.098 7.122 4.881 10.000 82650.000
3.821 7.144 4.941 10.000 82660.000
3.667 7.105 5.109 10.000 82670.000
3.663 7.058 5.248 10.000 82680.000
3.756 7.022 5.204 10.000 82690.000
3.912 7.019 5.121 10.000 82700.000
4.096 6.962 4.845 10.000 82710.000
4.223 6.919 4.472 10.000 82720.000
4.307 6.821 4.367 10.000 82730.000
4.390 6.720 4.381 10.000 82740.000
4.446 6.675 4.587 10.000 82750.000
4.503 6.610 4.769 10.000 82760.000
4.498 6.648 4.805 10.000 82770.000
4.493 6.689 4.721 10.000 82780.000
4.412 6.766 4.668 10.000 82790.000
4.328 6.861 4.639 10.000 82800.000
4.182 6.883 4.661 10.000 82810.000
4.091 6.900 4.745 10.000 82820.000
4.077 6.880 4.797 10.000 82830.000
4.074 6.900 4.812 10.000 82840.000
4.141 6.933 4.836 10.000 82850.000
4.180 6.938 4.855 10.000 82860.000
4.209 6.983 4.893 10.000 82870.000
4.225 6.991 4.970 10.000 82880.000
4.261 6.964 5.044 10.000 82890.000
4.316 6.940 4.996 10.000 82900.000
4.381 6.876 4.929 10.000 82910.000
4.505 6.845 4.776 10.000 82920.000
4.611 6.847 4.625 10.000 82930.000
4.639 6.902 4.618 10.000 82940.000
4.534 6.938 4.738 10.000 82950.000
4.369 6.940 4.944 10.000 82960.000
4.161 6.952 5.226 10.000 82970.000
3.983 6.943 5.430 10.000 82980.000
4.015 6.993 5.427 10.000 82990.000
4.141 7.017 5.274 10.000 83000.000
4.311 7.031 5.044 10.000 83010.000
4.469 7.082 4.728 10.000 83020.000
4.570 7.012 4.477 10.000 83030.000
4.575 6.969 4.376 10.000 83040.000
4.577 6.861 4.422 10.000 83050.000
4.592 6.718 4.553 10.000 83060.000
4.402 6.713 5.051 10.000 83070.000
4.563 6.768 4.876 10.000 83080.000
4.726 6.888 4.556 10.000 83090.000
4.711 6.837 4.362 10.000 83100.000
4.884 6.727 3.816 10.000 83110.000
4.400 6.428 4.328 10.000 83120.000
4.156 6.605 4.692 9.000 83129.000
4.089 6.952 4.929 11.000 83140.000
4.041 7.060 5.219 19.000 83159.000
4.299 7.297 5.123 10.000 83169.000
4.331 7.084 5.145 11.000 83180.000
4.362 6.871 5.166 10.000 83190.000
4.414 6.933 4.996 10.000 83200.000
4.417 6.950 4.836 9.000 83209.000
4.407 6.940 4.707 10.000 83219.000
4.407 6.895 4.661 10.000 83229.000
4.367 6.813 4.754 10.000 83239.000
4.398 6.749 4.884 11.000 83250.000
4.355 6.727 5.092 9.000 83259.000
4.302 6.742 5.216 10.000 83269.000
4.242 6.873 5.427 11.000 83280.000
4.240 7.089 5.228 9.000 83289.000
4.311 7.261 4.951 10.000 83299.000
4.513 7.311 4.484 10.000 83309.000
4.721 7.244 3.931 10.000 83319.000
4.841 7.043 3.785 10.000 83329.000
4.843 6.744 3.660 10.000 83339.000
4.716 6.567 3.725 10.000 83349.000
4.582 6.392 3.713 10.000 83359.000
4.458 6.296 3.658 10.000 83369.000
4.644 6.438 3.773 10.000 83379.000
4.740 6.651 3.931 10.000 83389.000
4.843 6.861 4.165 11.000 83400.000
4.809 7.046 4.472 9.000 83409.000
4.582 7.091 4.587 10.000 83419.000
4.448 7.067 4.707 10.000 83429.000
4.364 7.015 4.860 10.000 83439.000
4.417 6.988 4.941 11.000 83450.000
4.410 6.998 4.999 9.000 83459.000
4.355 6.971 5.015 12.000 83471.000
4.249 6.974 4.999 8.000 83479.000
4.187 6.986 4.970 10.000 83489.000
4.185 6.962 4.965 11.000 83500.000
4.278 6.983 4.944 9.000 83509.000
4.378 7.000 4.881 10.000 83519.000
4.436 7.007 4.831 10.000 83529.000
4.460 7.019 4.841 10.000 83539.000
4.434 7.019 4.860 11.000 83550.000
4.386 7.031 4.944 9.000 83559.000
4.311 7.058 4.970 10.000 83569.000
4.271 7.079 4.936 11.000 83580.000
4.266 7.105 4.922 9.000 83589.000
4.285 7.108 4.867 11.000 83600.000
4.331 7.096 4.869 9.000 83609.000
4.347 7.067 4.821 11.000 83620.000
4.328 7.034 4.754 10.000 83630.000
4.280 6.998 4.711 10.000 83640.000
4.242 6.988 4.728 10.000 83650.000
4.232 6.995 4.795 10.000 83660.000
4.266 7.058 4.817 10.000 83670.000
4.319 7.139 4.831 10.000 83680.000
4.364 7.139 4.728 10.000 83690.000
4.398 7.084 4.582 10.000 83700.000
4.388 6.974 4.481 9.000 83709.000
4.393 6.871 4.393 11.000 83720.000
4.364 6.866 4.448 9.000 83729.000
4.347 6.916 4.546 10.000 83739.000
4.280 6.959 4.642 11.000 83750.000
4.199 6.995 4.726 9.000 83759.000
4.132 6.986 4.728 11.000 83770.000
4.108 6.962 4.661 10.000 83780.000
4.134 6.945 4.596 9.000 83789.000
4.156 6.979 4.537 11.000 83800.000
4.194 7.015 4.472 10.000 83810.000
4.194 7.048 4.501 10.000 83820.000
4.228 7.048 4.544 9.000 83829.000
4.266 6.998 4.582 11.000 83840.000
4.340 6.916 4.594 10.000 83850.000
4.374 6.861 4.551 10.000 83860.000
4.374 6.840 4.493 10.000 83870.000
4.345 6.821 4.484 9.000 83879.000
4.280 6.833 4.501 10.000 83889.000
4.314 6.852 4.594 11.000 83900.000
4.374 6.876 4.678 10.000 83910.000
4.462 6.897 4.714 10.000 83920.000
4.484 6.940 4.742 10.000 83930.000
4.443 6.967 4.726 10.000 83940.000
4.362 7.015 4.728 10.000 83950.000
4.314 7.053 4.745 9.000 83959.000
4.333 7.070 4.769 11.000 83970.000
4.347 7.060 4.790 9.000 83979.000
4.350 7.003 4.814 10.000 83989.000
4.319 6.955 4.824 10.000 83999.000
4.333 6.895 4.809 10.000 84009.000
4.352 6.861 4.797 10.000 84019.000
4.398 6.924 4.769 10.000 84029.000
4.450 6.971 4.714 10.000 84039.000
4.458 7.031 4.683 10.000 84049.000
4.446 7.060 4.675 10.000 84059.000
4.434 7.015 4.673 10.000 84069.000
4.400 6.969 4.752 10.000 84079.000
4.321 6.947 4.829 10.000 84089.000
4.261 6.957 4.881 11.000 84100.000
4.192 6.974 4.924 9.000 84109.000
4.137 7.022 4.898 10.000 84119.000
4.127 7.046 4.874 10.000 84129.000
4.115 7.065 4.821 10.000 84139.000
4.113 7.077 4.778 11.000 84150.000
4.156 7.060 4.726 9.000 84159.000
4.199 7.017 4.783 10.000 84169.000
4.244 6.979 4.869 10.000 84179.000
4.256 7.010 4.908 10.000 84189.000
4.223 7.053 4.970 11.000 84200.000
4.211 7.153 4.876 9.000 84209.000
4.211 7.230 4.848 10.000 84219.000
4.244 7.237 4.867 10.000 84229.000
4.283 7.206 4.867 10.000 84239.000
4.299 7.144 4.912 10.000 84249.000
4.431 6.988 4.728 10.000 84259.000
4.515 6.938 4.611 10.000 84269.000
4.594 6.926 4.513 10.000 84279.000
4.632 6.828 4.508 10.000 84289.000
4.697 6.962 4.273 11.000 84300.000
4.809 6.991 3.971 9.000 84309.000
4.745 6.526 3.952 10.000 84319.000
4.721 6.148 3.840 10.000 84329.000
4.443 5.781 4.577 10.000 84339.000
4.096 5.949 5.279 10.000 84349.000
3.926 6.610 5.698 10.000 84359.000
3.809 7.390 5.784 10.000 84369.000
3.792 8.044 5.415 10.000 84379.000
3.869 8.092 5.142 10.000 84389.000
4.067 7.912 4.778 11.000 84400.000
4.213 7.613 4.747 9.000 84409.000
4.402 7.295 4.774 10.000 84419.000
4.647 6.995 4.642 10.000 84429.000
4.769 6.924 4.601 10.000 84439.000
4.817 6.818 4.699 11.000 84450.000
4.821 6.732 4.740 9.000 84459.000
4.647 6.684 4.936 10.000 84469.000
4.438 6.758 5.118 10.000 84479.000
4.304 6.866 5.161 10.000 84489.000
4.232 7.036 5.166 10.000 84499.000
4.261 7.220 5.114 10.000 84509.000
4.505 7.393 4.814 10.000 84519.000
4.656 7.388 4.288 10.000 84529.000
4.745 7.321 3.799 10.000 84539.000
4.687 6.833 3.320 11.000 84550.000
4.709 6.502 3.521 9.000 84559.000
4.824 6.349 3.950 10.000 84569.000
4.972 6.363 4.424 10.000 84579.000
5.267 6.799 4.888 10.000 84589.000
5.085 7.007 4.941 11.000 84600.000
4.728 7.141 5.015 10.000 84610.000
4.338 7.108 5.044 10.000 84620.000
3.962 7.024 5.008 10.000 84630.000
3.801 6.900 4.965 10.000 84640.000
3.926 6.816 4.910 10.000 84650.000
4.106 6.773 4.936 10.000 84660.000
4.271 6.780 5.027 10.000 84670.000
4.278 6.842 5.209 10.000 84680.000
4.113 6.904 5.339 10.000 84690.000
3.892 6.926 5.386 10.000 84700.000
3.746 6.890 5.439 10.000 84710.000
3.758 6.799 5.401 10.000 84720.000
3.873 6.890 5.255 10.000 84730.000
4.010 6.904 5.046 10.000 84740.000
4.072 6.976 4.833 10.000 84750.000
4.089 6.945 4.632 10.000 84760.000
4.065 6.766 4.582 10.000 84770.000
4.003 6.703 4.692 10.000 84780.000
3.979 6.667 4.769 10.000 84790.000
4.000 6.734 4.833 10.000 84800.000
4.034 6.837 4.867 10.000 84810.000
4.022 6.931 4.888 10.000 84820.000
3.971 6.998 4.944 9.000 84829.000
3.897 7.019 5.035 10.000 84839.000
3.811 7.005 5.157 10.000 84849.000
3.833 6.962 5.200 10.000 84859.000
3.904 6.919 5.200 10.000 84869.000
4.000 6.921 5.164 10.000 84879.000
4.106 6.931 5.171 10.000 84889.000
4.165 6.938 5.171 11.000 84900.000
4.141 6.938 5.236 9.000 84909.000
4.122 6.938 5.295 10.000 84919.000
4.094 6.931 5.312 10.000 84929.000
4.086 6.926 5.310 10.000 84939.000
4.129 6.928 5.267 11.000 84950.000
4.168 6.931 5.228 9.000 84959.000
