# Accelerometer Data File
# 
#
#
# sensor Vendor: Bosch
# sensor Name: BMA254
# sensor Resolution: 0.009576807m/sec^2; Max Range: 39.2; Min Delay: 10000 microseconds
# The sensor's attributes are the result hardware and the Android capabilities.
# It means that the Android may not utilize all features provided by the hardware.
#
# Some devices and Android versions save battery too much so the device may go to sleep.
# It just happens after couple of minutes from turning off the scree and it is easy to find it out.
#
# The following file provides the data from accelerometer in the m/s^2 format.
# The diff value is just a time delta between the samples
#
#
# data format:
# so we have 4 columns with values separated by the " "
# X Y Z time_from_previous_sample(ms)

# sensor speed set to:FASTEST
# units set to: m/sec^2
# gravity NOT filtered out
# Accuracy: HIGH
-7.182 -3.406 9.686 7.000 79000.000
-7.400 -3.885 9.581 10.000 79010.000
-7.390 -4.529 9.526 10.000 79020.000
-7.278 -4.896 9.600 10.000 79030.000
-7.048 -5.243 9.399 10.000 79040.000
-6.751 -5.276 9.076 10.000 79050.000
-6.600 -5.324 8.717 10.000 79060.000
-6.679 -5.626 8.552 10.000 79070.000
-6.876 -5.947 8.662 10.000 79080.000
-7.295 -6.579 9.093 10.000 79090.000
-7.608 -7.079 9.560 10.000 79100.000
-7.692 -7.326 9.832 10.000 79110.000
-7.647 -7.369 10.074 10.000 79120.000
-7.412 -7.034 10.079 10.000 79130.000
-7.158 -6.727 10.079 10.000 79140.000
-6.696 -6.672 9.969 10.000 79150.000
-6.363 -6.821 9.890 10.000 79160.000
-5.786 -7.290 9.672 10.000 79170.000
-5.161 -7.692 9.466 10.000 79180.000
-4.745 -7.843 9.370 10.000 79190.000
-4.333 -7.955 9.320 10.000 79200.000
-4.165 -7.747 9.409 10.000 79210.000
-4.115 -7.872 9.476 10.000 79220.000
-3.881 -8.051 9.545 10.000 79230.000
-3.641 -8.269 9.569 10.000 79240.000
-3.301 -8.303 9.471 10.000 79250.000
-3.016 -8.173 9.351 10.000 79260.000
-2.935 -8.066 9.117 10.000 79270.000
-2.774 -8.001 8.729 10.000 79280.000
-2.715 -8.121 8.463 10.000 79290.000
-2.468 -8.257 8.221 10.000 79300.000
-1.951 -8.391 7.838 10.000 79310.000
-1.513 -8.482 7.608 10.000 79320.000
-1.137 -8.473 7.218 10.000 79330.000
-0.948 -8.446 6.804 10.000 79340.000
-1.386 -8.322 6.964 10.000 79350.000
-1.884 -7.958 7.275 10.000 79360.000
-2.319 -7.694 7.747 10.000 79370.000
-2.375 -7.481 8.212 10.000 79380.000
-2.054 -7.292 8.355 10.000 79390.000
-1.453 -7.390 8.434 10.000 79400.000
-0.610 -7.144 8.470 10.000 79410.000
-0.148 -6.847 8.513 10.000 79420.000
0.538 -6.076 8.647 10.000 79430.000
0.972 -5.092 8.832 10.000 79440.000
1.163 -4.453 9.059 10.000 79450.000
1.529 -3.746 9.198 10.000 79460.000
1.671 -3.514 9.246 10.000 79470.000
2.123 -3.323 9.021 10.000 79480.000
2.865 -2.712 8.731 14.000 79494.000
3.433 -2.169 8.530 6.000 79500.000
4.094 -1.510 8.298 10.000 79510.000
4.477 -0.976 8.202 10.000 79520.000
4.632 -0.825 8.080 10.000 79530.000
4.647 -0.526 7.898 20.000 79550.000
4.367 -0.258 7.704 10.000 79560.000
4.086 0.009 7.510 10.000 79570.000
3.651 0.351 7.266 10.000 79580.000
3.418 0.770 6.993 10.000 79590.000
3.387 1.106 6.763 10.000 79600.000
3.531 1.556 6.631 11.000 79611.000
3.600 1.879 6.567 12.000 79623.000
3.608 1.977 6.591 7.000 79630.000
3.411 1.958 6.521 10.000 79640.000
3.040 1.824 6.354 10.000 79650.000
2.770 1.805 6.193 12.000 79662.000
2.511 1.924 6.081 8.000 79670.000
2.456 2.161 6.062 10.000 79680.000
2.715 2.466 5.949 10.000 79690.000
3.421 2.643 5.880 11.000 79701.000
4.115 2.681 5.762 11.000 79712.000
4.800 2.698 5.760 12.000 79724.000
5.171 2.647 5.851 6.000 79730.000
5.018 2.628 5.911 10.000 79740.000
4.683 2.674 5.925 10.000 79750.000
4.357 2.741 5.825 10.000 79760.000
3.940 2.789 5.762 10.000 79770.000
3.667 2.834 5.755 10.000 79780.000
3.471 2.669 5.576 10.000 79790.000
3.157 2.667 5.243 10.000 79800.000
2.935 2.683 4.872 10.000 79810.000
2.794 3.078 4.505 10.000 79820.000
2.758 3.620 4.357 10.000 79830.000
2.748 4.003 4.422 10.000 79840.000
2.700 4.220 4.568 10.000 79850.000
2.571 4.060 4.709 10.000 79860.000
2.396 3.732 5.099 10.000 79870.000
2.236 3.308 5.626 10.000 79880.000
2.114 3.050 6.071 10.000 79890.000
2.013 2.973 6.730 10.000 79900.000
1.958 3.064 7.139 10.000 79910.000
1.728 3.172 7.534 10.000 79920.000
1.079 3.093 7.836 10.000 79930.000
0.409 2.832 7.924 10.000 79940.000
-0.107 2.511 8.073 10.000 79950.000
-0.373 2.264 8.039 10.000 79960.000
-0.086 2.267 8.061 9.000 79969.000
0.251 2.288 8.236 11.000 79980.000
0.435 2.370 8.350 11.000 79991.000
0.488 2.422 8.391 9.000 80000.000
0.368 2.339 8.365 10.000 80010.000
0.198 2.236 8.185 10.000 80020.000
0.155 1.922 7.874 10.000 80030.000
0.244 1.637 7.637 10.000 80040.000
0.378 1.240 7.534 10.000 80050.000
0.404 0.825 7.671 10.000 80060.000
0.304 0.622 7.939 10.000 80070.000
0.177 0.579 8.336 10.000 80080.000
0.043 0.723 8.705 10.000 80090.000
-0.086 1.019 8.738 10.000 80100.000
-0.217 1.326 8.597 10.000 80110.000
-0.323 1.472 8.327 10.000 80120.000
-0.292 1.659 8.106 10.000 80130.000
-0.155 1.508 7.951 10.000 80140.000
-0.016 1.347 7.970 10.000 80150.000
-0.143 0.928 8.044 10.000 80160.000
-0.407 0.469 8.068 10.000 80170.000
-0.885 -0.033 8.176 10.000 80180.000
-1.350 -0.287 8.324 10.000 80190.000
-1.549 -0.282 8.418 10.000 80200.000
-1.738 -0.138 8.645 10.000 80210.000
-1.714 0.248 8.820 10.000 80220.000
-1.733 0.430 8.990 10.000 80230.000
-1.795 0.581 9.208 10.000 80240.000
-1.867 0.593 9.291 10.000 80250.000
-1.953 0.488 9.332 10.000 80260.000
-1.994 0.256 9.457 10.000 80270.000
-1.991 0.055 9.533 10.000 80280.000
-1.900 -0.122 9.610 10.000 80290.000
-1.795 -0.181 9.730 10.000 80300.000
-1.769 -0.124 9.718 10.000 80310.000
-1.989 -0.074 9.878 10.000 80320.000
-2.298 -0.047 10.038 10.000 80330.000
-2.734 -0.098 10.175 10.000 80340.000
-3.107 -0.181 10.323 10.000 80350.000
-3.335 -0.359 10.297 10.000 80360.000
-3.643 -0.629 10.354 10.000 80370.000
-3.825 -0.823 10.436 10.000 80380.000
-4.228 -1.170 10.568 10.000 80390.000
-4.529 -1.417 10.702 10.000 80400.000
-4.932 -1.783 10.807 10.000 80410.000
-5.204 -2.233 11.092 10.000 80420.000
-5.257 -2.530 11.326 10.000 80430.000
-5.161 -2.918 11.417 10.000 80440.000
-4.912 -3.129 11.334 10.000 80450.000
-4.793 -3.256 11.070 10.000 80460.000
-4.824 -3.464 10.737 10.000 80470.000
-5.003 -3.581 10.548 10.000 80480.000
-5.106 -3.804 10.596 10.000 80490.000
-5.248 -4.343 10.692 10.000 80500.000
-5.238 -4.800 10.857 10.000 80510.000
-5.063 -5.360 10.872 10.000 80520.000
-4.936 -5.779 10.769 10.000 80530.000
-4.455 -5.719 10.409 10.000 80540.000
-3.852 -5.700 9.897 10.000 80550.000
-3.414 -5.578 9.536 10.000 80560.000
-3.107 -5.619 9.169 10.000 80570.000
-3.263 -6.050 9.131 10.000 80580.000
-3.541 -6.440 9.246 10.000 80590.000
-3.809 -6.847 9.416 10.000 80600.000
-3.945 -7.091 9.591 10.000 80610.000
-3.790 -7.067 9.545 10.000 80620.000
-3.497 -7.101 9.411 10.000 80630.000
-3.215 -7.117 9.222 10.000 80640.000
-2.827 -7.225 9.028 10.000 80650.000
-2.585 -7.374 8.935 10.000 80660.000
-2.351 -7.546 8.999 10.000 80670.000
-1.905 -7.663 9.040 20.000 80690.000
-1.453 -7.812 9.042 10.000 80700.000
-0.931 -8.010 9.074 10.000 80710.000
-0.538 -8.128 9.035 10.000 80720.000
-0.239 -8.214 8.987 10.000 80730.000
-0.052 -8.178 8.983 10.000 80740.000
0.220 -8.073 8.937 10.000 80750.000
0.617 -8.010 8.896 10.000 80760.000
0.897 -8.034 8.889 10.000 80770.000
1.369 -8.087 8.832 10.000 80780.000
1.685 -8.159 8.786 10.000 80790.000
2.006 -8.331 8.719 10.000 80800.000
2.449 -8.358 8.580 10.000 80810.000
2.700 -8.355 8.492 10.000 80820.000
2.750 -8.377 8.403 10.000 80830.000
2.480 -8.343 8.425 10.000 80840.000
2.087 -8.456 8.518 10.000 80850.000
1.663 -8.662 8.734 10.000 80860.000
1.441 -8.844 8.949 10.000 80870.000
1.410 -8.951 9.112 10.000 80880.000
1.546 -9.038 9.270 10.000 80890.000
1.714 -9.030 9.306 10.000 80900.000
2.037 -8.966 9.342 10.000 80910.000
2.360 -8.887 9.337 10.000 80920.000
2.583 -8.820 9.232 10.000 80930.000
3.035 -8.777 8.985 10.000 80940.000
3.332 -8.791 8.738 10.000 80950.000
3.924 -8.774 8.403 10.000 80960.000
4.493 -8.640 8.130 10.000 80970.000
4.833 -8.482 7.999 10.000 80980.000
5.147 -8.188 7.836 10.000 80990.000
5.166 -7.924 7.762 10.000 81000.000
5.233 -7.606 7.565 10.000 81010.000
5.310 -6.952 7.213 10.000 81020.000
5.413 -6.435 6.892 10.000 81030.000
5.861 -6.023 6.517 10.000 81040.000
6.215 -5.793 6.306 10.000 81050.000
6.265 -6.062 6.540 10.000 81060.000
5.973 -6.454 6.679 10.000 81070.000
5.336 -6.742 6.873 10.000 81080.000
4.256 -7.158 6.725 10.000 81090.000
3.471 -7.412 6.287 10.000 81100.000
2.918 -7.469 5.875 10.000 81110.000
2.667 -7.206 5.693 10.000 81120.000
2.858 -6.813 5.853 10.000 81130.000
3.560 -6.141 6.007 10.000 81140.000
4.525 -5.506 5.851 10.000 81150.000
5.188 -5.193 5.465 10.000 81160.000
5.185 -4.596 5.492 10.000 81170.000
4.673 -4.280 5.525 10.000 81180.000
4.149 -3.718 6.524 10.000 81190.000
4.170 -3.579 6.974 10.000 81200.000
4.857 -3.722 7.012 10.000 81210.000
5.346 -4.046 7.012 10.000 81220.000
5.693 -4.649 6.426 10.000 81230.000
5.451 -4.106 6.418 10.000 81240.000
5.276 -3.098 6.409 10.000 81250.000
5.410 -1.735 6.497 20.000 81270.000
5.590 -0.203 6.533 10.000 81280.000
5.813 0.605 6.538 10.000 81290.000
5.928 1.077 6.622 10.000 81300.000
5.932 1.374 6.646 10.000 81310.000
5.884 1.733 6.758 10.000 81320.000
5.635 2.260 6.916 10.000 81330.000
5.427 2.659 6.998 10.000 81340.000
4.941 3.134 7.184 10.000 81350.000
4.462 3.375 7.335 10.000 81360.000
4.115 3.426 7.460 10.000 81370.000
3.500 3.538 7.532 10.000 81380.000
3.162 3.576 7.498 10.000 81390.000
2.621 3.713 7.484 10.000 81400.000
2.030 3.780 7.465 10.000 81410.000
1.707 3.785 7.498 10.000 81420.000
1.218 3.751 7.417 10.000 81430.000
0.933 3.620 7.316 10.000 81440.000
0.474 3.756 7.024 10.000 81450.000
-0.019 4.005 6.347 10.000 81460.000
-0.347 4.292 5.784 11.000 81471.000
-0.562 4.630 4.970 9.000 81480.000
-0.483 4.793 4.333 10.000 81490.000
-0.150 5.166 3.892 10.000 81500.000
0.229 5.734 3.258 10.000 81510.000
0.497 6.251 2.875 10.000 81520.000
0.761 6.730 2.272 10.000 81530.000
0.821 6.763 1.745 14.000 81544.000
0.833 6.603 1.412 6.000 81550.000
0.907 6.430 1.046 10.000 81560.000
0.986 6.296 0.900 10.000 81570.000
1.072 6.315 0.849 10.000 81580.000
1.237 6.210 0.823 10.000 81590.000
1.340 6.117 0.830 10.000 81600.000
1.584 5.872 1.125 10.000 81610.000
1.805 5.597 1.436 10.000 81620.000
1.752 5.353 2.138 10.000 81630.000
1.247 4.917 3.047 10.000 81640.000
0.600 4.632 3.670 10.000 81650.000
-0.050 4.266 4.604 10.000 81660.000
-0.215 4.103 5.181 10.000 81670.000
0.071 4.132 5.549 10.000 81680.000
0.670 4.194 5.777 10.000 81690.000
1.273 4.338 5.693 10.000 81700.000
1.735 4.374 5.643 10.000 81710.000
1.946 4.232 5.695 10.000 81720.000
1.845 4.058 5.889 10.000 81730.000
1.561 3.670 6.227 10.000 81740.000
1.125 3.280 6.473 10.000 81750.000
0.761 2.853 6.792 10.000 81760.000
0.529 2.501 7.292 10.000 81770.000
0.481 2.363 7.649 10.000 81780.000
0.363 2.130 8.212 10.000 81790.000
-0.019 2.094 8.702 10.000 81800.000
-0.533 1.984 9.011 10.000 81810.000
-1.237 1.798 9.399 10.000 81820.000
-1.872 1.704 9.581 10.000 81830.000
-2.207 1.529 9.787 10.000 81840.000
-2.456 1.304 9.797 10.000 81850.000
-2.516 1.156 9.727 10.000 81860.000
-2.506 1.063 9.378 10.000 81870.000
-2.351 1.067 8.901 10.000 81880.000
-2.200 1.211 8.458 10.000 81890.000
-2.015 1.606 8.171 10.000 81900.000
-1.900 1.946 8.164 10.000 81910.000
-2.298 1.951 8.269 10.000 81920.000
-2.892 1.572 8.157 13.000 81933.000
-3.519 0.943 7.888 7.000 81940.000
-3.806 -0.067 7.750 10.000 81950.000
-3.581 -0.742 7.498 10.000 81960.000
-3.332 -1.261 7.716 10.000 81970.000
-3.150 -1.709 8.202 10.000 81980.000
-3.308 -1.776 8.559 10.000 81990.000
-3.450 -1.766 8.894 10.000 82000.000
-3.500 -1.618 9.141 10.000 82010.000
-3.430 -1.699 9.303 10.000 82020.000
-3.076 -1.347 9.593 10.000 82030.000
-2.738 -1.072 9.904 10.000 82040.000
-2.817 -1.113 9.945 10.000 82050.000
-2.949 -0.995 9.801 10.000 82060.000
-3.124 -1.295 9.667 10.000 82070.000
-3.287 -1.836 9.533 10.000 82080.000
-3.033 -2.061 9.670 10.000 82090.000
-2.786 -2.858 9.718 10.000 82100.000
-2.688 -3.617 9.607 10.000 82110.000
-2.602 -4.134 9.497 10.000 82120.000
-2.602 -4.587 9.390 10.000 82130.000
-2.595 -4.467 9.370 10.000 82140.000
-2.554 -4.723 9.392 10.000 82150.000
-2.659 -4.718 9.581 10.000 82160.000
-2.679 -4.778 9.768 10.000 82170.000
-3.174 -5.341 9.950 10.000 82180.000
-3.797 -5.583 10.113 11.000 82191.000
-3.780 -6.193 9.844 9.000 82200.000
-4.003 -6.646 9.777 10.000 82210.000
-3.749 -6.596 9.715 10.000 82220.000
-4.108 -6.617 9.744 10.000 82230.000
-4.728 -6.742 10.160 10.000 82240.000
-5.109 -7.024 10.376 10.000 82250.000
-5.013 -7.685 10.553 10.000 82260.000
-4.304 -8.274 10.639 10.000 82270.000
-3.682 -8.518 10.371 10.000 82280.000
-3.301 -8.611 10.146 10.000 82290.000
-3.397 -8.327 9.959 10.000 82300.000
-3.672 -8.209 9.756 10.000 82310.000
-4.094 -8.226 9.782 10.000 82320.000
-4.345 -8.635 9.806 10.000 82330.000
-4.434 -9.129 9.804 10.000 82340.000
-4.343 -9.454 9.818 10.000 82350.000
-3.950 -9.868 9.785 10.000 82360.000
-3.277 -10.103 9.682 10.000 82370.000
-2.767 -10.254 9.605 10.000 82380.000
-2.149 -10.469 9.334 11.000 82391.000
-1.833 -10.596 9.112 9.000 82400.000
-1.932 -10.630 9.074 10.000 82410.000
-2.193 -10.721 9.275 10.000 82420.000
-2.561 -10.747 9.670 10.000 82430.000
-2.873 -10.862 10.129 10.000 82440.000
-2.978 -11.008 10.433 10.000 82450.000
-2.794 -11.010 10.374 10.000 82460.000
-2.535 -11.147 10.137 10.000 82470.000
-2.291 -11.348 9.641 13.000 82483.000
-2.047 -11.549 9.145 7.000 82490.000
-1.726 -11.619 8.453 10.000 82500.000
-1.479 -11.554 7.939 11.000 82511.000
-1.283 -11.022 7.568 9.000 82520.000
-1.086 -10.491 7.196 10.000 82530.000
-1.345 -10.062 7.381 10.000 82540.000
-1.879 -9.744 7.829 10.000 82550.000
-2.406 -9.739 8.327 10.000 82560.000
-2.806 -9.495 8.719 9.000 82569.000
-2.954 -9.366 8.877 11.000 82580.000
-2.784 -8.774 8.906 10.000 82590.000
-2.643 -7.960 8.813 10.000 82600.000
-2.628 -7.386 8.825 10.000 82610.000
-2.748 -6.943 8.865 10.000 82620.000
-3.090 -6.801 8.815 11.000 82631.000
-3.404 -6.883 8.887 9.000 82640.000
-3.411 -6.584 8.930 10.000 82650.000
-3.284 -6.153 8.944 10.000 82660.000
-3.040 -5.616 8.954 10.000 82670.000
-2.683 -4.953 9.165 10.000 82680.000
-2.633 -4.671 9.404 10.000 82690.000
-2.207 -4.228 9.485 10.000 82700.000
-1.719 -3.940 9.528 10.000 82710.000
-1.106 -3.646 9.385 10.000 82720.000
-0.193 -3.203 9.260 13.000 82733.000
0.342 -2.920 9.294 7.000 82740.000
0.758 -2.358 9.538 10.000 82750.000
0.938 -1.929 9.768 14.000 82764.000
0.775 -1.563 10.077 6.000 82770.000
0.509 -0.995 10.330 12.000 82782.000
0.363 -0.708 10.374 8.000 82790.000
0.136 -0.217 10.620 10.000 82800.000
0.052 0.435 10.670 10.000 82810.000
0.071 0.888 10.776 10.000 82820.000
0.002 1.778 10.893 10.000 82830.000
0.014 2.466 10.807 10.000 82840.000
-0.397 3.145 11.089 10.000 82850.000
-1.094 3.857 11.573 10.000 82860.000
-1.702 4.129 12.045 10.000 82870.000
-2.085 4.374 12.354 10.000 82880.000
-2.145 4.376 12.392 10.000 82890.000
-1.647 4.194 11.741 10.000 82900.000
-1.417 4.371 10.986 9.000 82909.000
-1.412 4.577 10.395 11.000 82920.000
-1.702 4.541 9.976 10.000 82930.000
-2.305 4.577 9.780 10.000 82940.000
-2.640 4.254 9.686 10.000 82950.000
-2.777 3.931 9.229 14.000 82964.000
-2.619 3.849 8.599 5.000 82969.000
-2.118 4.091 7.922 11.000 82980.000
-2.018 4.355 7.034 14.000 82994.000
-2.116 4.618 6.509 6.000 83000.000
-2.200 4.422 6.054 10.000 83010.000
-2.585 3.983 5.913 10.000 83020.000
-1.896 3.562 5.564 10.000 83030.000
-1.058 3.469 5.554 10.000 83040.000
-0.234 3.835 5.475 11.000 83051.000
0.067 4.271 6.189 9.000 83060.000
-0.622 4.570 6.828 10.000 83070.000
-1.460 4.541 7.127 10.000 83080.000
-2.087 4.635 6.718 10.000 83090.000
-2.193 4.659 5.516 10.000 83100.000
-1.556 4.647 4.410 10.000 83110.000
-0.754 4.371 2.913 10.000 83120.000
-0.162 3.974 2.126 10.000 83130.000
0.344 3.162 1.247 10.000 83140.000
0.426 2.485 0.766 10.000 83150.000
0.445 1.577 0.531 10.000 83160.000
0.840 0.397 0.397 10.000 83170.000
1.319 -0.368 0.354 10.000 83180.000
2.080 -0.962 0.502 10.000 83190.000
2.985 -0.670 0.859 10.000 83200.000
3.514 -0.105 1.115 10.000 83210.000
4.340 0.612 1.611 10.000 83220.000
4.884 1.158 1.915 10.000 83230.000
5.188 1.290 1.731 10.000 83240.000
5.406 1.582 1.982 10.000 83250.000
5.327 1.721 1.994 10.000 83260.000
5.422 1.869 2.094 10.000 83270.000
5.511 2.039 2.619 10.000 83280.000
5.573 1.790 3.122 10.000 83290.000
5.255 1.407 4.094 10.000 83300.000
4.762 1.015 4.977 10.000 83310.000
3.983 0.533 6.720 10.000 83320.000
3.145 0.418 8.267 10.000 83330.000
2.688 0.438 9.344 10.000 83340.000
2.279 0.464 10.465 10.000 83350.000
2.154 0.579 10.726 10.000 83360.000
1.778 0.356 10.666 10.000 83370.000
1.577 0.299 10.216 10.000 83380.000
1.328 0.234 9.722 10.000 83390.000
1.398 0.067 9.224 10.000 83400.000
1.891 0.129 8.829 10.000 83410.000
1.968 -0.107 9.071 10.000 83420.000
1.426 -0.184 9.239 10.000 83430.000
0.567 -0.158 9.411 10.000 83440.000
-0.627 0.150 9.679 10.000 83450.000
-1.448 0.804 9.301 10.000 83460.000
-1.651 1.297 8.997 10.000 83470.000
-1.620 1.778 8.779 10.000 83480.000
-1.254 1.977 8.465 10.000 83490.000
-1.067 1.817 8.805 10.000 83500.000
-1.151 1.632 9.296 10.000 83510.000
-1.470 1.460 9.701 10.000 83520.000
-1.929 1.110 10.369 10.000 83530.000
-2.341 0.909 10.783 10.000 83540.000
-2.073 1.173 10.936 10.000 83550.000
-1.812 1.302 10.977 10.000 83560.000
-1.410 1.608 10.754 10.000 83570.000
-1.156 1.716 10.381 10.000 83580.000
-1.312 1.383 10.117 10.000 83590.000
-1.216 0.861 9.914 10.000 83600.000
-1.613 0.234 9.976 10.000 83610.000
-1.862 -0.193 10.189 10.000 83620.000
-2.334 -0.584 10.840 10.000 83630.000
-2.504 -0.572 11.463 10.000 83640.000
-2.181 -0.454 11.820 10.000 83650.000
-1.254 -0.304 12.107 10.000 83660.000
-0.105 -0.191 11.956 10.000 83670.000
0.981 -0.308 11.554 10.000 83680.000
2.480 -0.428 10.951 10.000 83690.000
3.375 -0.581 10.417 10.000 83700.000
4.149 -1.074 10.168 10.000 83710.000
4.438 -1.417 10.251 10.000 83720.000
4.153 -1.491 10.850 10.000 83730.000
3.512 -1.695 11.714 10.000 83740.000
2.992 -1.558 12.294 10.000 83750.000
2.492 -1.999 12.725 10.000 83760.000
2.571 -2.784 12.808 10.000 83770.000
3.007 -3.440 12.627 10.000 83780.000
3.366 -4.505 12.332 10.000 83790.000
3.706 -4.994 12.186 10.000 83800.000
2.865 -5.576 12.452 10.000 83810.000
1.482 -6.050 12.919 10.000 83820.000
0.174 -6.114 13.498 10.000 83830.000
-1.108 -5.849 13.721 10.000 83840.000
-1.628 -5.410 13.565 10.000 83850.000
-1.074 -5.236 12.739 10.000 83860.000
-0.806 -5.528 11.942 10.000 83870.000
-0.562 -6.150 11.501 10.000 83880.000
-1.757 -7.084 11.417 10.000 83890.000
-3.612 -7.675 11.279 11.000 83901.000
-5.183 -7.800 11.111 9.000 83910.000
-6.655 -7.544 10.620 10.000 83920.000
-6.689 -6.976 9.773 10.000 83930.000
-6.967 -6.720 9.809 10.000 83940.000
-7.321 -6.342 10.034 10.000 83950.000
-7.773 -6.344 10.582 10.000 83960.000
-7.661 -5.738 10.979 10.000 83970.000
-7.173 -5.008 11.018 10.000 83980.000
-6.315 -4.072 10.855 10.000 83990.000
-5.348 -3.399 10.814 10.000 84000.000
-4.946 -3.335 10.924 10.000 84010.000
-4.311 -3.100 10.814 10.000 84020.000
-3.890 -3.373 10.639 10.000 84030.000
-3.579 -3.383 10.342 10.000 84040.000
-2.908 -3.004 10.070 10.000 84050.000
-2.470 -2.796 10.017 10.000 84060.000
-2.116 -2.387 10.275 10.000 84070.000
-1.771 -1.898 10.271 10.000 84080.000
-1.786 -1.798 10.242 10.000 84090.000
-2.102 -1.685 10.433 10.000 84100.000
-2.413 -1.594 10.390 10.000 84110.000
-3.100 -1.711 10.579 10.000 84120.000
-4.005 -1.968 10.946 10.000 84130.000
-4.608 -2.236 11.092 10.000 84140.000
-4.917 -2.315 11.178 10.000 84150.000
-4.450 -2.343 11.085 10.000 84160.000
-3.766 -2.233 10.814 10.000 84170.000
-3.110 -2.166 10.532 10.000 84180.000
-2.748 -2.288 10.309 10.000 84190.000
-3.095 -2.427 10.524 10.000 84200.000
-3.471 -2.726 10.833 10.000 84210.000
-3.818 -2.983 11.154 10.000 84220.000
-4.163 -3.466 11.494 10.000 84230.000
-4.189 -3.854 11.607 10.000 84240.000
-4.311 -4.122 11.666 10.000 84250.000
-4.331 -4.460 11.657 10.000 84260.000
-4.352 -4.570 11.628 10.000 84270.000
-4.558 -4.635 11.427 10.000 84280.000
-4.580 -4.683 11.094 10.000 84290.000
-4.704 -4.661 10.831 10.000 84300.000
-4.378 -4.826 10.479 10.000 84310.000
-3.869 -5.037 10.299 10.000 84320.000
-3.095 -4.752 10.089 10.000 84330.000
-2.765 -4.340 10.002 10.000 84340.000
-2.885 -3.742 10.005 10.000 84350.000
-3.394 -3.445 10.180 10.000 84360.000
-4.228 -3.620 10.477 10.000 84370.000
-4.151 -3.806 10.398 10.000 84380.000
-3.600 -3.787 10.338 10.000 84390.000
-2.659 -3.466 10.105 10.000 84400.000
-1.608 -2.961 9.888 10.000 84410.000
-1.024 -2.571 9.921 10.000 84420.000
-0.950 -2.255 9.943 10.000 84430.000
-1.058 -1.881 9.943 10.000 84440.000
-1.276 -1.692 9.928 10.000 84450.000
-1.283 -1.321 10.007 20.000 84470.000
-1.254 -1.082 10.079 10.000 84480.000
-1.007 -0.957 10.141 10.000 84490.000
-0.761 -0.833 10.204 10.000 84500.000
-0.682 -0.744 10.122 10.000 84510.000
-0.605 -0.790 10.058 12.000 84522.000
-0.565 -0.778 10.024 8.000 84530.000
-0.179 -0.629 9.854 10.000 84540.000
0.162 -0.627 9.734 10.000 84550.000
0.840 -0.234 9.519 14.000 84564.000
1.527 0.150 9.291 6.000 84570.000
1.869 0.399 9.200 10.000 84580.000
2.257 0.703 9.078 10.000 84590.000
2.461 1.067 8.884 20.000 84610.000
2.674 1.692 8.547 10.000 84620.000
2.887 2.317 8.209 10.000 84630.000
2.968 2.995 7.821 10.000 84640.000
2.784 3.404 7.534 10.000 84650.000
2.580 3.560 7.402 10.000 84660.000
2.375 3.878 7.120 10.000 84670.000
2.255 4.089 6.919 10.000 84680.000
2.276 4.388 6.703 10.000 84690.000
2.090 4.718 6.418 10.000 84700.000
1.905 4.886 6.284 10.000 84710.000
1.589 5.145 6.126 10.000 84720.000
1.450 5.245 5.928 10.000 84730.000
1.520 5.315 5.798 10.000 84740.000
1.826 5.465 5.528 10.000 84750.000
2.264 5.525 5.281 10.000 84760.000
2.494 5.762 5.193 10.000 84770.000
2.621 5.947 5.080 10.000 84780.000
2.511 6.050 5.109 10.000 84790.000
2.209 5.925 5.173 10.000 84800.000
1.915 5.645 5.185 10.000 84810.000
1.525 5.374 5.398 10.000 84820.000
1.048 5.142 5.705 10.000 84830.000
0.763 5.137 5.975 10.000 84840.000
0.629 5.015 6.373 10.000 84850.000
0.919 4.819 6.512 10.000 84860.000
1.295 4.584 6.557 10.000 84870.000
2.035 4.580 6.332 10.000 84880.000
2.624 4.692 5.980 10.000 84890.000
3.248 5.032 5.566 10.000 84900.000
3.943 5.367 5.135 10.000 84910.000
4.273 5.473 4.975 10.000 84920.000
4.460 5.585 4.941 10.000 84930.000
4.386 5.588 5.051 10.000 84940.000
4.022 5.607 5.181 10.000 84950.000
3.473 5.734 5.341 10.000 84960.000
3.069 5.853 5.374 10.000 84970.000
2.647 6.155 5.403 10.000 84980.000
2.624 6.576 5.343 10.000 84990.000
2.784 6.890 5.252 10.000 85000.000
3.129 7.228 5.049 10.000 85010.000
3.490 7.383 4.850 10.000 85020.000
3.651 7.462 4.618 10.000 85030.000
3.782 7.678 4.393 10.000 85040.000
3.730 7.869 4.280 10.000 85050.000
3.651 8.228 4.189 10.000 85060.000
3.596 8.532 4.218 10.000 85070.000
3.639 8.889 4.225 10.000 85080.000
3.804 9.334 4.175 10.000 85090.000
3.995 9.612 4.103 10.000 85100.000
4.292 9.880 4.007 10.000 85110.000
4.496 9.844 3.948 10.000 85120.000
4.577 9.720 3.945 10.000 85130.000
4.484 9.500 3.976 10.000 85140.000
4.285 9.289 4.031 10.000 85150.000
4.041 9.160 4.118 10.000 85160.000
3.758 8.961 4.273 10.000 85170.000
3.651 8.858 4.395 10.000 85180.000
3.359 8.657 4.572 10.000 85190.000
3.136 8.489 4.697 10.000 85200.000
2.485 8.245 4.699 10.000 85210.000
1.482 8.161 4.673 10.000 85220.000
0.663 8.176 4.592 10.000 85230.000
-0.131 8.444 4.455 10.000 85240.000
-0.459 8.858 4.371 10.000 85250.000
-0.253 9.040 4.450 10.000 85260.000
-0.067 8.810 4.323 10.000 85270.000
0.095 8.327 4.252 10.000 85280.000
0.124 7.570 4.005 10.000 85290.000
-0.301 6.833 3.751 10.000 85300.000
-0.708 6.507 3.703 10.000 85310.000
-1.300 6.145 3.749 10.000 85320.000
-1.757 6.057 3.969 10.000 85330.000
-2.006 5.954 3.979 10.000 85340.000
-2.126 6.021 3.818 10.000 85350.000
-2.061 6.124 3.564 10.000 85360.000
-1.606 6.526 3.193 10.000 85370.000
-1.086 6.995 2.906 10.000 85380.000
-0.617 7.453 2.631 10.000 85390.000
-1.168 8.027 1.709 10.000 85400.000
-2.109 8.303 0.905 10.000 85410.000
-6.902 10.398 -0.926 10.000 85420.000
-11.051 9.296 2.066 10.000 85430.000
-14.180 8.078 5.705 10.000 85440.000
-14.901 7.299 9.234 10.000 85450.000
-11.769 4.702 13.790 10.000 85460.000
-6.663 7.295 11.372 10.000 85470.000
0.287 10.919 7.592 10.000 85480.000
4.829 14.104 3.921 10.000 85490.000
9.478 16.780 -0.040 10.000 85500.000
11.429 17.305 -1.695 10.000 85510.000
11.343 14.125 -1.079 10.000 85520.000
9.583 9.313 -0.567 12.000 85532.000
7.716 5.008 0.237 8.000 85540.000
4.079 1.271 2.568 10.000 85550.000
-1.072 1.233 5.063 10.000 85560.000
-4.551 2.827 7.661 10.000 85570.000
-6.026 5.142 10.642 10.000 85580.000
-5.731 6.890 12.095 10.000 85590.000
-1.134 8.374 11.343 10.000 85600.000
3.596 10.400 9.622 10.000 85610.000
6.323 11.705 7.517 10.000 85620.000
7.489 12.236 5.664 10.000 85630.000
6.062 12.004 4.946 10.000 85640.000
3.665 10.067 5.279 10.000 85650.000
1.474 7.539 5.195 10.000 85660.000
0.845 5.784 4.860 10.000 85670.000
0.349 4.134 3.830 10.000 85680.000
0.912 3.663 2.880 10.000 85690.000
1.268 3.782 2.346 10.000 85700.000
1.786 4.125 2.030 10.000 85710.000
2.169 4.362 2.408 10.000 85720.000
2.434 5.185 2.801 10.000 85730.000
2.920 6.251 3.201 10.000 85740.000
3.246 7.094 3.383 10.000 85750.000
3.359 7.647 3.869 10.000 85760.000
3.366 7.599 4.180 10.000 85770.000
3.380 7.218 4.678 10.000 85780.000
4.017 6.849 5.209 10.000 85790.000
4.867 6.770 5.437 10.000 85800.000
5.681 6.888 5.449 10.000 85810.000
5.506 7.259 5.418 10.000 85820.000
4.709 7.618 5.353 10.000 85830.000
3.399 8.054 5.521 10.000 85840.000
2.126 8.293 5.904 10.000 85850.000
1.821 8.224 6.119 10.000 85860.000
1.853 8.080 6.189 10.000 85870.000
2.396 7.860 6.026 10.000 85880.000
3.129 7.702 5.887 10.000 85890.000
3.653 7.690 5.765 10.000 85900.000
3.679 7.603 5.647 9.000 85909.000
3.629 7.331 5.434 11.000 85920.000
3.390 6.995 5.197 9.000 85929.000
3.157 6.696 4.991 11.000 85940.000
3.088 6.545 4.927 10.000 85950.000
3.066 6.856 5.092 10.000 85960.000
3.081 7.223 5.377 9.000 85969.000
3.088 7.553 5.631 11.000 85980.000
3.236 7.627 5.726 10.000 85990.000
3.378 7.177 5.628 10.000 86000.000
3.483 6.672 5.410 10.000 86010.000
3.596 6.394 5.341 10.000 86020.000
3.567 6.373 5.430 10.000 86030.000
3.354 6.866 5.513 10.000 86040.000
3.023 7.283 5.595 10.000 86050.000
2.686 7.472 5.528 10.000 86060.000
2.525 7.486 5.523 10.000 86070.000
2.693 7.266 5.561 20.000 86090.000
2.851 7.223 5.657 10.000 86100.000
3.009 7.180 5.753 9.000 86109.000
3.004 7.244 5.758 11.000 86120.000
2.978 7.259 5.889 10.000 86130.000
3.078 7.173 5.966 10.000 86140.000
3.124 7.192 6.011 10.000 86150.000
3.155 7.278 6.086 10.000 86160.000
2.997 7.388 5.944 10.000 86170.000
2.877 7.422 5.702 10.000 86180.000
2.813 7.350 5.492 10.000 86190.000
2.834 7.156 5.365 10.000 86200.000
2.959 6.957 5.348 10.000 86210.000
2.928 7.038 5.442 20.000 86230.000
2.896 7.120 5.535 10.000 86240.000
2.710 7.182 5.463 10.000 86250.000
2.705 7.268 5.413 9.000 86259.000
2.817 7.151 5.353 11.000 86270.000
2.873 7.158 5.353 10.000 86280.000
2.997 7.307 5.434 10.000 86290.000
2.844 7.405 5.525 9.000 86299.000
2.726 7.422 5.568 11.000 86310.000
2.667 7.314 5.552 10.000 86320.000
2.676 7.211 5.552 10.000 86330.000
2.782 7.134 5.521 10.000 86340.000
2.885 7.141 5.559 10.000 86350.000
2.966 7.161 5.645 10.000 86360.000
2.978 7.175 5.714 9.000 86369.000
2.978 7.141 5.700 11.000 86380.000
2.966 7.050 5.695 10.000 86390.000
2.975 6.947 5.643 10.000 86400.000
2.985 6.921 5.626 10.000 86410.000
3.007 6.943 5.693 10.000 86420.000
2.961 7.060 5.748 10.000 86430.000
2.904 7.113 5.791 10.000 86440.000
2.846 7.089 5.798 10.000 86450.000
2.844 7.062 5.786 10.000 86460.000
2.887 6.995 5.755 10.000 86470.000
2.944 7.007 5.734 10.000 86480.000
2.849 7.089 5.681 10.000 86490.000
2.698 7.173 5.647 10.000 86500.000
2.631 6.890 5.631 10.000 86510.000
2.645 7.242 5.683 10.000 86520.000
2.813 7.524 5.767 10.000 86530.000
2.911 7.184 5.631 10.000 86540.000
2.925 7.211 5.477 10.000 86550.000
2.856 6.837 5.456 10.000 86560.000
2.789 6.406 5.415 10.000 86570.000
2.791 6.598 5.595 10.000 86580.000
2.875 6.830 5.738 10.000 86590.000
2.959 6.813 5.683 10.000 86600.000
2.930 6.847 5.657 10.000 86610.000
2.954 6.868 5.671 10.000 86620.000
2.896 6.849 5.722 10.000 86630.000
2.949 6.777 5.817 10.000 86640.000
3.138 6.756 5.920 10.000 86650.000
3.275 6.746 5.983 10.000 86660.000
3.366 6.775 6.119 10.000 86670.000
3.347 6.856 6.210 10.000 86680.000
3.083 7.000 6.272 10.000 86690.000
2.822 7.058 6.179 10.000 86700.000
2.607 7.077 6.011 10.000 86710.000
2.568 7.036 5.832 10.000 86720.000
2.748 6.890 5.664 10.000 86730.000
2.918 6.828 5.695 10.000 86740.000
3.062 6.739 5.746 10.000 86750.000
3.028 6.710 5.808 10.000 86760.000
3.035 6.703 5.841 10.000 86770.000
3.050 6.698 5.832 10.000 86780.000
3.023 6.754 5.786 10.000 86790.000
3.038 6.770 5.746 10.000 86800.000
3.011 6.766 5.734 10.000 86810.000
3.026 6.715 5.681 10.000 86820.000
3.055 6.655 5.676 10.000 86830.000
3.043 6.634 5.667 10.000 86840.000
2.992 6.660 5.638 10.000 86850.000
2.901 6.732 5.650 10.000 86860.000
2.829 6.792 5.652 10.000 86870.000
2.839 6.845 5.705 10.000 86880.000
2.887 6.849 5.777 10.000 86890.000
2.916 6.912 5.832 10.000 86900.000
2.978 6.962 5.865 10.000 86910.000
2.932 7.017 5.906 10.000 86920.000
2.973 7.082 5.975 10.000 86930.000
3.033 7.089 6.062 10.000 86940.000
3.112 7.019 6.090 10.000 86950.000
3.177 6.933 6.081 10.000 86960.000
3.155 6.837 6.042 10.000 86970.000
3.141 6.809 6.002 10.000 86980.000
3.107 6.856 6.019 10.000 86990.000
3.114 6.916 6.011 10.000 87000.000
3.143 6.895 5.983 10.000 87010.000
3.165 6.806 5.956 10.000 87020.000
3.244 6.749 5.923 10.000 87030.000
3.323 6.698 5.894 10.000 87040.000
3.308 6.744 5.748 10.000 87050.000
3.167 6.785 5.693 10.000 87060.000
2.968 6.794 5.645 10.000 87070.000
2.782 6.880 5.652 10.000 87080.000
2.741 6.928 5.753 10.000 87090.000
2.827 6.981 5.762 10.000 87100.000
2.911 7.010 5.738 10.000 87110.000
2.983 6.962 5.659 10.000 87120.000
2.904 7.000 5.681 10.000 87130.000
2.817 7.065 5.695 10.000 87140.000
2.734 7.153 5.743 10.000 87150.000
2.647 7.170 5.784 10.000 87160.000
2.638 7.125 5.770 10.000 87170.000
2.686 7.096 5.762 10.000 87180.000
2.760 7.046 5.688 10.000 87190.000
2.837 7.067 5.621 11.000 87201.000
2.932 7.043 5.561 9.000 87210.000
3.002 6.959 5.521 10.000 87220.000
3.045 6.897 5.547 10.000 87230.000
3.028 6.914 5.645 10.000 87240.000
2.992 6.976 5.736 10.000 87250.000
2.906 7.072 5.774 10.000 87260.000
2.865 7.134 5.810 10.000 87270.000
2.885 7.117 5.774 10.000 87280.000
2.942 7.096 5.705 10.000 87290.000
3.026 7.058 5.669 11.000 87301.000
3.007 7.048 5.698 8.000 87309.000
3.002 7.072 5.671 11.000 87320.000
2.959 7.101 5.679 10.000 87330.000
2.846 7.125 5.688 10.000 87340.000
2.837 7.187 5.686 9.000 87349.000
2.813 7.216 5.738 11.000 87360.000
2.822 7.218 5.681 9.000 87369.000
2.901 7.225 5.621 10.000 87379.000
2.837 7.165 5.544 11.000 87390.000
2.877 7.110 5.444 10.000 87400.000
2.885 7.082 5.453 10.000 87410.000
2.868 7.074 5.516 10.000 87420.000
2.949 7.101 5.544 10.000 87430.000
2.904 7.125 5.528 10.000 87440.000
2.892 7.103 5.554 10.000 87450.000
2.904 7.060 5.528 10.000 87460.000
2.928 7.022 5.540 10.000 87470.000
2.980 7.022 5.597 10.000 87480.000
2.999 7.067 5.612 10.000 87490.000
2.923 7.103 5.585 10.000 87500.000
2.834 7.134 5.521 10.000 87510.000
2.731 7.170 5.568 10.000 87520.000
2.688 7.216 5.585 10.000 87530.000
2.741 7.271 5.643 10.000 87540.000
2.808 7.242 5.659 10.000 87550.000
2.882 7.168 5.588 10.000 87560.000
2.928 7.132 5.583 10.000 87570.000
2.942 7.094 5.552 10.000 87580.000
2.942 7.139 5.561 10.000 87590.000
2.916 7.163 5.556 10.000 87600.000
2.858 7.139 5.516 10.000 87610.000
2.841 7.122 5.516 10.000 87620.000
2.815 7.108 5.525 10.000 87630.000
2.815 7.115 5.549 10.000 87640.000
2.844 7.139 5.576 10.000 87650.000
2.856 7.175 5.619 10.000 87660.000
2.877 7.208 5.652 10.000 87670.000
2.901 7.235 5.683 10.000 87680.000
2.896 7.244 5.712 10.000 87690.000
2.892 7.208 5.628 10.000 87700.000
2.863 7.165 5.580 10.000 87710.000
2.832 7.129 5.535 10.000 87720.000
2.808 7.125 5.504 10.000 87730.000
2.791 7.149 5.554 10.000 87740.000
2.798 7.184 5.571 10.000 87750.000
2.791 7.216 5.588 10.000 87760.000
2.777 7.216 5.590 10.000 87770.000
2.758 7.232 5.607 10.000 87780.000
2.738 7.235 5.607 10.000 87790.000
2.734 7.242 5.607 10.000 87800.000
2.729 7.223 5.580 10.000 87810.000
2.729 7.187 5.540 10.000 87820.000
2.707 7.184 5.583 10.000 87830.000
2.717 7.192 5.609 10.000 87840.000
2.726 7.225 5.662 10.000 87850.000
2.755 7.230 5.669 10.000 87860.000
2.806 7.211 5.607 10.000 87870.000
2.801 7.189 5.583 10.000 87880.000
2.810 7.151 5.616 10.000 87890.000
2.801 7.141 5.695 10.000 87900.000
2.750 7.180 5.530 10.000 87910.000
2.901 7.043 5.571 10.000 87920.000
3.038 6.924 5.554 16.000 87936.000
3.110 6.931 5.650 4.000 87940.000
3.222 6.890 5.990 10.000 87950.000
3.002 7.046 6.042 10.000 87960.000
2.822 7.220 6.057 10.000 87970.000
2.707 7.268 5.959 10.000 87980.000
2.683 7.302 5.863 10.000 87990.000
2.815 7.307 5.827 10.000 88000.000
2.849 7.302 5.877 10.000 88010.000
2.803 7.223 5.894 12.000 88022.000
2.667 7.158 5.908 11.000 88033.000
2.585 7.108 5.863 7.000 88040.000
2.624 7.053 5.762 10.000 88050.000
2.741 7.072 5.695 10.000 88060.000
2.877 7.010 5.652 10.000 88070.000
2.959 6.933 5.669 10.000 88080.000
2.971 6.880 5.707 10.000 88090.000
2.937 6.859 5.746 10.000 88100.000
2.885 6.919 5.760 10.000 88110.000
2.796 6.967 5.753 10.000 88120.000
2.715 6.986 5.731 10.000 88130.000
2.652 7.024 5.695 10.000 88140.000
2.583 7.036 5.650 10.000 88150.000
2.549 7.060 5.626 10.000 88160.000
2.549 7.065 5.623 10.000 88170.000
2.621 7.010 5.662 10.000 88180.000
2.700 6.981 5.710 10.000 88190.000
2.734 6.955 5.789 10.000 88200.000
2.734 6.947 5.846 10.000 88210.000
2.717 6.926 5.844 10.000 88220.000
2.734 6.885 5.825 10.000 88230.000
2.796 6.842 5.774 10.000 88240.000
2.853 6.828 5.774 10.000 88250.000
2.882 6.837 5.808 9.000 88259.000
2.846 6.883 5.813 11.000 88270.000
2.791 6.888 5.791 10.000 88280.000
