# Accelerometer Data File
# 
#
#
# sensor Vendor: Bosch
# sensor Name: BMA254
# sensor Resolution: 0.009576807m/sec^2; Max Range: 39.2; Min Delay: 10000 microseconds
# The sensor's attributes are the result hardware and the Android capabilities.
# It means that the Android may not utilize all features provided by the hardware.
#
# Some devices and Android versions save battery too much so the device may go to sleep.
# It just happens after couple of minutes from turning off the scree and it is easy to find it out.
#
# The following file provides the data from accelerometer in the m/s^2 format.
# The diff value is just a time delta between the samples
#
#
# data format:
# so we have 4 columns with values separated by the " "
# X Y Z time_from_previous_sample(ms)

# sensor speed set to:FASTEST
# units set to: m/sec^2
# gravity NOT filtered out
# Accuracy: HIGH
9.658 -3.150 5.999 10.000 63009.000
9.275 -2.260 5.961 10.000 63019.000
8.238 -1.400 6.514 10.000 63029.000
7.544 -0.962 6.797 10.000 63039.000
6.301 -0.165 7.271 10.000 63049.000
5.099 0.162 8.054 10.000 63059.000
4.434 0.840 8.334 11.000 63070.000
3.663 1.568 8.300 9.000 63079.000
3.440 1.936 8.075 10.000 63089.000
3.160 2.195 7.532 10.000 63099.000
2.774 1.865 6.758 10.000 63109.000
2.494 1.484 6.299 10.000 63119.000
1.970 1.106 5.916 10.000 63129.000
1.503 0.837 5.851 10.000 63139.000
0.993 1.209 5.983 10.000 63149.000
0.495 1.651 6.189 10.000 63159.000
0.241 2.092 6.318 10.000 63169.000
-0.215 2.164 6.718 11.000 63180.000
-0.407 1.867 7.062 9.000 63189.000
-0.883 1.419 7.524 10.000 63199.000
-1.161 0.924 7.726 10.000 63209.000
-1.235 0.797 7.656 12.000 63221.000
-1.017 0.711 7.824 8.000 63229.000
-0.490 0.768 8.085 10.000 63239.000
-0.162 0.873 8.607 10.000 63249.000
0.337 1.106 9.306 10.000 63259.000
0.684 1.479 9.476 14.000 63273.000
0.995 1.788 9.361 7.000 63280.000
1.328 2.164 8.980 10.000 63290.000
1.489 2.413 8.422 10.000 63300.000
1.582 2.552 8.295 10.000 63310.000
1.675 2.691 8.169 11.000 63321.000
1.170 2.839 8.525 9.000 63330.000
0.102 3.339 10.390 11.000 63341.000
-1.036 3.768 12.117 9.000 63350.000
-2.310 3.538 14.906 10.000 63360.000
-2.068 3.028 16.627 10.000 63370.000
-1.264 2.166 16.840 10.000 63380.000
0.342 1.881 16.165 10.000 63390.000
2.082 2.255 14.427 11.000 63401.000
2.841 3.141 12.315 8.000 63409.000
3.550 4.374 9.488 15.000 63424.000
3.457 5.030 7.548 5.000 63429.000
2.691 5.401 6.011 10.000 63439.000
1.671 5.777 5.992 12.000 63451.000
0.701 5.805 6.689 8.000 63459.000
-0.356 6.105 7.307 10.000 63469.000
-0.742 6.689 7.522 10.000 63479.000
-1.244 6.768 7.694 10.000 63489.000
-1.747 6.847 7.867 14.000 63503.000
-2.284 6.481 8.611 6.000 63509.000
-2.482 6.019 9.442 10.000 63519.000
-2.267 5.748 10.022 11.000 63530.000
-1.790 5.511 10.467 9.000 63539.000
-1.034 5.363 10.172 10.000 63549.000
-0.615 5.310 9.792 10.000 63559.000
-0.062 5.233 9.162 10.000 63569.000
0.138 5.264 8.614 14.000 63583.000
0.181 5.382 8.312 6.000 63589.000
-0.102 5.576 8.133 10.000 63599.000
-0.521 5.793 8.202 11.000 63610.000
-0.885 5.899 8.525 14.000 63624.000
-1.249 6.004 8.848 6.000 63630.000
-1.077 5.825 8.779 23.000 63653.000
-0.905 5.645 8.710 6.000 63659.000
-0.658 5.568 8.362 10.000 63669.000
-0.500 5.403 8.025 20.000 63689.000
-0.660 5.353 7.999 13.000 63702.000
-0.821 5.303 7.972 7.000 63709.000
-0.964 5.130 8.044 11.000 63720.000
-1.015 5.161 8.169 13.000 63733.000
-0.955 5.286 8.252 6.000 63739.000
-0.979 5.451 8.451 11.000 63750.000
-1.058 5.607 8.628 14.000 63764.000
-1.158 5.585 8.779 6.000 63770.000
-1.132 5.549 8.968 10.000 63780.000
-1.022 5.473 9.042 9.000 63789.000
-0.780 5.329 9.119 10.000 63799.000
-0.416 5.317 9.208 10.000 63809.000
-0.179 5.319 9.258 14.000 63823.000
0.062 5.262 9.459 11.000 63834.000
0.172 5.272 9.658 6.000 63840.000
0.150 5.142 10.014 10.000 63850.000
0.299 5.147 10.393 12.000 63862.000
0.442 5.212 10.620 8.000 63870.000
0.739 5.480 10.754 10.000 63880.000
1.063 5.817 10.682 10.000 63890.000
1.489 6.002 10.409 9.000 63899.000
2.092 5.947 9.923 10.000 63909.000
2.542 5.688 9.531 11.000 63920.000
2.887 5.286 8.911 10.000 63930.000
2.554 4.991 8.588 9.000 63939.000
2.044 4.936 8.477 10.000 63949.000
1.017 5.011 8.834 10.000 63959.000
0.095 5.228 9.418 11.000 63970.000
-0.442 5.573 9.837 10.000 63980.000
-0.933 6.160 10.010 9.000 63989.000
-0.907 6.617 9.715 11.000 64000.000
-0.440 7.623 9.169 9.000 64009.000
0.047 8.413 8.671 10.000 64019.000
0.275 8.499 8.599 11.000 64030.000
0.699 8.078 7.623 9.000 64039.000
0.682 7.108 6.897 10.000 64049.000
1.568 6.658 5.580 10.000 64059.000
2.992 7.015 3.655 11.000 64070.000
4.220 7.879 2.636 10.000 64080.000
5.202 8.851 1.367 9.000 64089.000
5.281 9.303 0.689 10.000 64099.000
4.850 9.234 0.416 10.000 64109.000
4.331 9.052 0.131 11.000 64120.000
4.058 8.762 0.095 10.000 64130.000
3.914 8.408 -0.038 9.000 64139.000
3.955 8.231 -0.148 11.000 64150.000
3.964 8.015 -0.220 9.000 64159.000
3.861 7.582 0.026 11.000 64170.000
3.629 7.213 0.371 10.000 64180.000
3.361 6.828 0.691 9.000 64189.000
3.213 6.593 0.986 10.000 64199.000
3.038 6.560 0.986 10.000 64209.000
2.669 6.349 1.003 11.000 64220.000
2.336 6.155 1.043 10.000 64230.000
1.953 5.908 1.300 9.000 64239.000
1.675 5.597 1.537 11.000 64250.000
1.592 5.463 1.757 9.000 64259.000
1.613 5.286 2.075 11.000 64270.000
1.685 5.161 2.178 10.000 64280.000
2.039 5.188 2.671 9.000 64289.000
2.719 5.260 3.124 11.000 64300.000
3.294 5.374 3.478 9.000 64309.000
3.866 5.501 3.720 13.000 64322.000
3.725 5.442 3.761 8.000 64330.000
3.258 5.336 3.842 10.000 64340.000
2.683 4.838 6.021 10.000 64350.000
2.111 4.328 8.312 12.000 64362.000
3.505 3.179 10.491 8.000 64370.000
5.403 1.699 10.527 10.000 64380.000
7.410 0.612 8.465 10.000 64390.000
9.081 0.117 5.243 10.000 64400.000
9.251 0.378 1.939 10.000 64410.000
8.058 2.293 0.900 10.000 64420.000
6.294 4.513 0.833 10.000 64430.000
4.865 6.141 1.927 10.000 64440.000
3.904 6.856 4.015 10.000 64450.000
3.801 6.248 5.980 10.000 64460.000
4.781 5.269 6.373 11.000 64471.000
5.619 5.442 6.047 9.000 64480.000
5.987 6.526 4.728 10.000 64490.000
5.839 7.829 3.869 10.000 64500.000
4.975 8.410 4.197 10.000 64510.000
4.252 7.841 5.243 10.000 64520.000
4.438 7.630 5.753 10.000 64530.000
5.142 7.201 5.803 10.000 64540.000
6.160 7.553 5.020 10.000 64550.000
6.349 7.651 4.441 10.000 64560.000
5.628 7.390 4.398 10.000 64570.000
4.826 7.096 4.642 10.000 64580.000
3.916 6.809 5.133 10.000 64590.000
4.364 6.912 5.188 10.000 64600.000
4.829 6.981 5.149 10.000 64610.000
5.374 7.084 4.824 10.000 64620.000
5.707 7.216 4.572 10.000 64630.000
5.358 7.156 4.594 10.000 64640.000
4.991 7.129 4.709 10.000 64650.000
4.680 7.141 4.800 10.000 64660.000
4.582 7.125 4.817 10.000 64670.000
4.656 7.223 4.639 10.000 64680.000
4.620 7.256 4.455 10.000 64690.000
4.529 7.252 4.295 10.000 64700.000
4.352 7.180 4.055 10.000 64710.000
4.156 7.048 3.969 10.000 64720.000
4.185 6.773 3.971 10.000 64730.000
4.297 6.811 4.244 10.000 64740.000
4.496 6.916 4.596 10.000 64750.000
4.424 6.964 4.520 10.000 64760.000
4.364 7.287 4.513 10.000 64770.000
4.220 7.297 4.235 10.000 64780.000
4.204 7.228 3.904 10.000 64790.000
4.458 7.216 4.003 12.000 64802.000
4.493 7.194 3.998 9.000 64811.000
4.467 7.089 4.113 8.000 64819.000
4.314 7.062 4.280 11.000 64830.000
4.307 7.010 4.338 9.000 64839.000
4.390 6.900 4.347 10.000 64849.000
4.556 6.916 4.216 10.000 64859.000
4.651 6.902 4.141 11.000 64870.000
4.601 6.914 4.177 10.000 64880.000
4.546 6.885 4.180 9.000 64889.000
4.472 6.813 4.204 10.000 64899.000
4.424 6.849 4.139 10.000 64909.000
4.319 6.890 4.149 10.000 64919.000
4.218 6.971 4.192 11.000 64930.000
4.129 7.132 4.288 9.000 64939.000
4.158 7.218 4.273 10.000 64949.000
4.244 7.299 4.185 10.000 64959.000
4.326 7.285 4.139 10.000 64969.000
4.395 7.192 4.041 11.000 64980.000
4.268 7.060 4.120 9.000 64989.000
4.259 7.022 4.197 10.000 64999.000
4.254 7.079 4.230 11.000 65010.000
4.381 7.206 4.201 10.000 65020.000
4.630 7.369 4.137 10.000 65030.000
4.730 7.357 4.027 10.000 65040.000
4.786 7.264 3.983 10.000 65050.000
4.709 7.101 4.003 10.000 65060.000
4.642 7.043 4.079 10.000 65070.000
4.637 7.156 4.199 10.000 65080.000
4.678 7.350 4.252 10.000 65090.000
4.714 7.457 4.218 10.000 65100.000
4.740 7.460 4.127 10.000 65110.000
4.582 7.414 4.144 10.000 65120.000
4.572 7.316 4.132 10.000 65130.000
4.568 7.304 4.206 10.000 65140.000
4.656 7.295 4.302 10.000 65150.000
4.898 7.244 4.295 10.000 65160.000
4.841 7.275 4.388 10.000 65170.000
4.821 7.285 4.314 10.000 65180.000
4.709 7.292 4.218 10.000 65190.000
4.489 7.292 4.209 10.000 65200.000
4.446 7.297 4.146 10.000 65210.000
4.364 7.323 4.252 10.000 65220.000
4.295 7.338 4.268 10.000 65230.000
4.333 7.359 4.199 10.000 65240.000
4.393 7.278 4.165 10.000 65250.000
4.405 7.280 4.089 10.000 65260.000
4.405 7.295 4.101 10.000 65270.000
4.314 7.266 4.091 10.000 65280.000
4.175 7.307 4.027 10.000 65290.000
4.129 7.285 4.036 10.000 65300.000
4.139 7.283 3.998 10.000 65310.000
4.240 7.323 3.981 10.000 65320.000
4.290 7.352 4.039 10.000 65330.000
4.292 7.388 4.070 10.000 65340.000
4.240 7.405 4.149 10.000 65350.000
4.206 7.352 4.206 10.000 65360.000
4.223 7.311 4.189 10.000 65370.000
4.323 7.235 4.204 19.000 65389.000
4.405 7.175 4.053 12.000 65401.000
4.410 7.141 3.950 9.000 65410.000
4.414 7.108 3.847 10.000 65420.000
4.297 7.165 3.847 12.000 65432.000
4.285 7.170 3.931 8.000 65440.000
4.331 7.218 3.988 12.000 65452.000
4.302 7.244 4.027 8.000 65460.000
4.299 7.225 4.060 11.000 65471.000
4.211 7.242 4.175 10.000 65481.000
4.323 7.173 4.012 9.000 65490.000
4.510 7.125 3.869 12.000 65502.000
4.769 6.957 3.739 9.000 65511.000
4.721 6.964 3.842 10.000 65521.000
4.472 7.058 4.223 11.000 65532.000
4.153 7.321 4.723 9.000 65541.000
3.778 7.666 5.075 9.000 65550.000
3.818 7.848 5.049 11.000 65561.000
4.288 7.730 4.836 9.000 65570.000
4.826 7.443 4.503 11.000 65581.000
5.401 7.089 4.134 10.000 65591.000
5.315 6.880 4.244 11.000 65602.000
4.800 6.971 4.541 8.000 65610.000
4.398 7.177 4.797 11.000 65621.000
3.960 7.450 5.090 9.000 65630.000
4.302 7.405 4.893 10.000 65640.000
4.580 7.364 4.661 12.000 65652.000
4.745 7.208 4.469 8.000 65660.000
4.865 6.959 4.158 12.000 65672.000
4.754 6.871 4.003 9.000 65681.000
4.685 6.773 3.885 10.000 65691.000
4.560 6.854 3.940 9.000 65700.000
4.481 7.029 4.115 13.000 65713.000
4.417 7.235 4.292 7.000 65720.000
4.381 7.319 4.390 13.000 65733.000
4.400 7.223 4.316 8.000 65741.000
4.458 7.141 4.369 10.000 65751.000
4.501 7.029 4.419 11.000 65762.000
4.596 7.029 4.436 8.000 65770.000
4.630 6.907 4.469 11.000 65781.000
4.625 6.770 4.376 9.000 65790.000
4.546 6.710 4.434 11.000 65801.000
4.410 6.665 4.601 9.000 65810.000
4.376 6.770 4.714 12.000 65822.000
4.295 6.797 4.752 8.000 65830.000
4.288 6.746 4.639 11.000 65841.000
4.288 6.816 4.685 10.000 65851.000
4.335 6.828 4.611 11.000 65862.000
4.431 6.919 4.611 9.000 65871.000
4.493 6.950 4.580 11.000 65882.000
4.548 6.861 4.390 9.000 65891.000
4.503 6.909 4.498 9.000 65900.000
4.505 6.883 4.398 13.000 65913.000
4.541 6.916 4.328 7.000 65920.000
4.556 6.919 4.378 11.000 65931.000
4.582 6.813 4.290 9.000 65940.000
4.532 6.897 4.462 10.000 65950.000
4.436 6.924 4.551 12.000 65962.000
4.362 6.981 4.520 8.000 65970.000
4.278 7.031 4.556 11.000 65981.000
4.223 6.967 4.539 9.000 65990.000
4.261 6.945 4.596 11.000 66001.000
4.292 6.928 4.671 9.000 66010.000
4.333 6.919 4.678 12.000 66022.000
4.331 6.912 4.611 9.000 66031.000
4.548 7.105 4.278 19.000 66050.000
4.663 7.094 4.036 11.000 66061.000
4.778 7.082 3.794 22.000 66083.000
4.711 7.041 4.086 7.000 66090.000
4.376 6.813 4.654 10.000 66100.000
4.170 6.945 5.137 9.000 66109.000
3.964 7.077 5.621 11.000 66120.000
4.005 7.196 5.542 9.000 66129.000
4.070 7.230 5.394 12.000 66141.000
4.115 7.105 5.221 10.000 66151.000
4.173 6.983 5.008 9.000 66160.000
4.158 6.900 4.977 11.000 66171.000
4.120 6.902 5.015 10.000 66181.000
4.003 6.878 5.109 8.000 66189.000
3.873 6.852 5.243 11.000 66200.000
3.708 6.799 5.372 10.000 66210.000
3.500 6.751 5.468 11.000 66221.000
3.371 6.730 5.509 10.000 66231.000
3.282 6.797 5.449 10.000 66241.000
3.426 6.868 4.843 14.000 66255.000
3.612 6.936 4.271 4.000 66259.000
3.986 6.952 4.010 10.000 66269.000
4.319 6.880 3.849 10.000 66279.000
4.271 6.837 4.271 10.000 66289.000
4.223 6.794 4.692 10.000 66299.000
4.106 6.873 4.742 11.000 66310.000
3.974 6.924 4.774 10.000 66320.000
4.077 6.967 4.695 10.000 66330.000
4.103 7.015 4.599 9.000 66339.000
3.943 6.969 4.601 11.000 66350.000
3.797 6.952 4.623 9.000 66359.000
3.639 6.952 4.711 11.000 66370.000
3.557 6.947 4.817 12.000 66382.000
3.581 6.964 4.977 7.000 66389.000
3.617 7.036 5.092 10.000 66399.000
3.665 7.091 5.140 10.000 66409.000
3.763 7.141 5.085 11.000 66420.000
3.825 7.192 4.936 10.000 66430.000
3.995 7.031 4.900 9.000 66439.000
4.034 7.058 4.910 10.000 66449.000
4.022 7.089 5.023 10.000 66459.000
3.957 7.132 5.102 11.000 66470.000
3.818 7.287 5.092 10.000 66480.000
3.811 7.256 5.037 9.000 66489.000
3.785 7.201 4.984 10.000 66499.000
3.811 7.134 4.965 10.000 66509.000
3.749 7.137 5.015 10.000 66519.000
3.696 7.144 5.051 11.000 66530.000
3.663 7.175 5.085 9.000 66539.000
3.639 7.204 5.078 10.000 66549.000
3.658 7.206 5.023 10.000 66559.000
3.634 7.218 4.934 11.000 66570.000
3.538 7.225 4.855 10.000 66580.000
3.433 7.235 4.817 10.000 66590.000
3.339 7.249 4.793 9.000 66599.000
3.313 7.261 4.862 10.000 66609.000
3.359 7.278 4.922 10.000 66619.000
3.416 7.297 4.975 10.000 66629.000
3.462 7.311 5.013 10.000 66639.000
3.483 7.321 5.015 10.000 66649.000
3.471 7.338 4.972 10.000 66659.000
3.447 7.352 4.936 13.000 66672.000
3.397 7.345 4.922 8.000 66680.000
3.337 7.331 4.898 9.000 66689.000
3.375 7.295 4.996 10.000 66699.000
3.438 7.261 5.032 10.000 66709.000
3.526 7.249 5.046 10.000 66719.000
3.579 7.280 5.039 11.000 66730.000
3.541 7.326 4.910 9.000 66739.000
3.478 7.369 4.843 10.000 66749.000
3.394 7.376 4.728 10.000 66759.000
3.347 7.340 4.635 10.000 66769.000
3.347 7.256 4.639 11.000 66780.000
3.418 7.184 4.594 9.000 66789.000
3.512 7.149 4.596 11.000 66800.000
3.541 7.187 4.654 10.000 66810.000
3.548 7.273 4.659 10.000 66820.000
3.478 7.350 4.654 10.000 66830.000
3.385 7.400 4.649 10.000 66840.000
3.356 7.376 4.589 10.000 66850.000
3.356 7.390 4.699 10.000 66860.000
3.485 7.395 4.829 10.000 66870.000
3.639 7.426 4.958 10.000 66880.000
3.737 7.460 4.951 10.000 66890.000
3.806 7.455 4.774 10.000 66900.000
3.569 7.438 4.747 10.000 66910.000
3.438 7.424 4.766 10.000 66920.000
3.361 7.407 4.922 10.000 66930.000
3.323 7.424 5.061 10.000 66940.000
3.466 7.460 5.090 10.000 66950.000
3.404 7.546 5.080 10.000 66960.000
3.349 7.608 4.984 10.000 66970.000
3.256 7.637 4.905 19.000 66989.000
3.201 7.594 4.783 12.000 67001.000
3.246 7.498 4.654 9.000 67010.000
3.277 7.479 4.685 12.000 67022.000
3.308 7.460 4.716 8.000 67030.000
3.327 7.501 4.752 11.000 67041.000
3.294 7.517 4.769 10.000 67051.000
3.268 7.481 4.711 9.000 67060.000
3.253 7.474 4.711 11.000 67071.000
3.213 7.479 4.750 10.000 67081.000
3.292 7.491 4.781 10.000 67091.000
3.406 7.484 4.860 10.000 67101.000
3.509 7.448 4.881 10.000 67111.000
3.600 7.438 4.912 10.000 67121.000
3.552 7.429 4.927 10.000 67131.000
3.469 7.438 4.893 10.000 67141.000
3.385 7.445 4.817 10.000 67151.000
3.313 7.426 4.730 12.000 67163.000
3.318 7.448 4.733 7.000 67170.000
3.232 7.536 4.718 13.000 67183.000
3.145 7.627 4.747 8.000 67191.000
3.126 7.611 4.733 10.000 67201.000
3.107 7.611 4.733 11.000 67212.000
3.179 7.544 4.750 8.000 67220.000
3.284 7.477 4.752 11.000 67231.000
3.323 7.517 4.797 9.000 67240.000
3.354 7.479 4.745 10.000 67250.000
3.342 7.498 4.726 13.000 67263.000
3.296 7.517 4.721 8.000 67271.000
3.284 7.541 4.745 10.000 67281.000
3.275 7.603 4.807 10.000 67291.000
3.344 7.536 4.802 10.000 67301.000
3.385 7.484 4.843 11.000 67312.000
3.392 7.426 4.855 8.000 67320.000
3.418 7.400 4.855 12.000 67332.000
3.409 7.445 4.888 9.000 67341.000
3.435 7.431 4.850 10.000 67351.000
3.447 7.436 4.800 11.000 67362.000
3.440 7.410 4.762 8.000 67370.000
3.390 7.390 4.759 13.000 67383.000
3.332 7.417 4.783 7.000 67390.000
3.244 7.448 4.821 12.000 67402.000
3.213 7.424 4.776 9.000 67411.000
3.224 7.393 4.695 10.000 67421.000
3.251 7.354 4.752 11.000 67432.000
3.253 7.412 4.843 9.000 67441.000
3.198 7.524 5.018 11.000 67452.000
3.236 7.603 5.068 8.000 67460.000
3.260 7.690 4.979 11.000 67471.000
3.306 7.630 4.841 11.000 67482.000
3.371 7.551 4.752 8.000 67490.000
3.342 7.505 4.788 14.000 67504.000
3.301 7.455 4.872 6.000 67510.000
3.239 7.467 4.936 13.000 67523.000
3.157 7.498 4.951 7.000 67530.000
3.086 7.493 4.996 11.000 67541.000
3.026 7.493 4.994 10.000 67551.000
3.136 7.429 4.991 10.000 67561.000
3.217 7.307 4.977 10.000 67571.000
3.289 7.220 4.932 11.000 67582.000
3.287 7.151 4.915 9.000 67591.000
3.184 7.110 4.932 11.000 67602.000
3.110 7.208 4.953 8.000 67610.000
3.057 7.340 4.927 12.000 67622.000
3.078 7.455 4.872 9.000 67631.000
3.229 7.544 4.709 10.000 67641.000
3.380 7.551 4.553 11.000 67652.000
3.430 7.479 4.491 8.000 67660.000
3.483 7.412 4.417 12.000 67672.000
3.406 7.371 4.450 8.000 67680.000
3.224 7.230 4.520 12.000 67692.000
3.038 7.189 4.704 18.000 67710.000
2.916 7.151 4.833 10.000 67720.000
2.794 7.113 4.963 10.000 67730.000
2.782 7.184 4.989 9.000 67739.000
2.820 7.290 4.955 11.000 67750.000
2.791 7.388 4.989 9.000 67759.000
2.717 7.508 5.037 11.000 67770.000
2.638 7.618 5.152 10.000 67780.000
2.655 7.671 5.212 9.000 67789.000
2.688 7.730 5.281 10.000 67799.000
2.767 7.769 5.336 10.000 67809.000
2.817 7.826 5.341 10.000 67819.000
2.806 7.852 5.300 12.000 67831.000
2.786 7.862 5.341 9.000 67840.000
2.719 7.821 5.396 10.000 67850.000
2.681 7.762 5.501 9.000 67859.000
2.590 7.671 5.628 11.000 67870.000
2.410 7.603 5.738 10.000 67880.000
2.279 7.587 5.834 9.000 67889.000
2.059 7.663 5.781 11.000 67900.000
1.891 7.771 5.707 9.000 67909.000
1.850 7.869 5.193 11.000 67920.000
2.061 7.788 4.838 10.000 67930.000
2.360 7.613 4.632 9.000 67939.000
3.119 7.192 4.371 11.000 67950.000
3.110 7.237 4.620 29.000 67979.000
2.849 7.462 4.709 10.000 67989.000
2.782 7.632 4.783 10.000 67999.000
2.497 7.884 4.910 10.000 68009.000
2.932 7.663 4.893 10.000 68019.000
3.253 7.443 4.920 12.000 68031.000
3.380 7.278 4.960 8.000 68039.000
3.126 7.311 4.996 10.000 68049.000
2.873 7.398 5.046 10.000 68059.000
2.734 7.484 5.054 10.000 68069.000
2.619 7.565 5.061 10.000 68079.000
2.643 7.613 5.075 10.000 68089.000
2.686 7.613 5.061 10.000 68099.000
2.683 7.613 5.054 10.000 68109.000
2.657 7.618 5.046 10.000 68119.000
2.619 7.606 5.073 10.000 68129.000
2.561 7.589 5.114 10.000 68139.000
2.595 7.572 5.070 10.000 68149.000
2.614 7.505 5.063 10.000 68159.000
2.645 7.455 5.023 10.000 68169.000
2.736 7.438 5.030 10.000 68179.000
2.774 7.455 5.075 10.000 68189.000
2.827 7.522 5.085 10.000 68199.000
2.822 7.553 5.087 10.000 68209.000
2.758 7.551 5.042 10.000 68219.000
2.695 7.527 5.020 10.000 68229.000
2.652 7.479 5.008 10.000 68239.000
2.667 7.467 5.003 10.000 68249.000
2.729 7.445 4.972 10.000 68259.000
2.796 7.412 4.955 10.000 68269.000
2.808 7.453 4.979 10.000 68279.000
2.815 7.548 5.049 10.000 68289.000
2.774 7.654 5.145 10.000 68299.000
2.698 7.721 5.178 10.000 68309.000
2.647 7.692 5.123 10.000 68319.000
2.602 7.608 5.023 10.000 68329.000
2.552 7.534 4.934 10.000 68339.000
2.537 7.498 4.908 11.000 68350.000
2.600 7.515 4.967 9.000 68359.000
2.717 7.522 4.944 10.000 68369.000
2.839 7.520 4.908 11.000 68380.000
2.882 7.522 4.862 9.000 68389.000
2.858 7.517 4.769 11.000 68400.000
2.779 7.527 4.800 9.000 68409.000
2.695 7.558 4.869 10.000 68419.000
2.691 7.584 4.948 11.000 68430.000
2.738 7.599 5.063 9.000 68439.000
2.820 7.601 5.082 10.000 68449.000
2.906 7.582 5.063 10.000 68459.000
2.935 7.582 5.027 10.000 68469.000
2.911 7.594 4.955 11.000 68480.000
2.825 7.594 4.948 9.000 68489.000
2.779 7.580 4.960 11.000 68500.000
2.791 7.546 4.989 9.000 68509.000
2.808 7.529 5.035 11.000 68520.000
2.853 7.532 5.070 10.000 68530.000
2.880 7.568 5.106 9.000 68539.000
2.904 7.615 5.094 10.000 68549.000
2.923 7.647 5.066 10.000 68559.000
2.887 7.637 5.001 10.000 68569.000
2.827 7.587 4.941 11.000 68580.000
2.770 7.524 4.929 9.000 68589.000
2.743 7.510 4.944 10.000 68599.000
2.772 7.536 4.994 11.000 68610.000
2.825 7.563 4.979 9.000 68619.000
2.861 7.560 4.967 11.000 68630.000
2.865 7.510 4.929 9.000 68639.000
2.870 7.481 4.872 10.000 68649.000
2.853 7.474 4.855 10.000 68659.000
2.808 7.510 4.841 10.000 68669.000
2.746 7.553 4.886 11.000 68680.000
2.683 7.575 4.951 9.000 68689.000
2.705 7.587 4.975 10.000 68699.000
2.784 7.544 4.958 10.000 68709.000
2.880 7.493 4.881 11.000 68720.000
2.935 7.390 4.860 10.000 68730.000
2.906 7.297 4.879 9.000 68739.000
2.829 7.311 4.797 10.000 68749.000
2.846 7.448 4.558 10.000 68759.000
2.904 7.637 4.264 10.000 68769.000
2.868 7.814 4.460 11.000 68780.000
2.868 7.924 4.793 9.000 68789.000
2.770 7.821 5.216 10.000 68799.000
2.736 7.745 5.465 10.000 68809.000
2.796 7.680 5.224 11.000 68820.000
2.887 7.515 4.946 10.000 68830.000
2.983 7.441 4.735 9.000 68839.000
2.978 7.371 4.738 10.000 68849.000
3.004 7.319 4.721 11.000 68860.000
2.940 7.338 4.759 13.000 68873.000
2.875 7.357 4.797 11.000 68884.000
3.004 7.369 4.714 5.000 68889.000
3.102 7.364 4.649 10.000 68899.000
3.222 7.422 4.740 10.000 68909.000
3.342 7.479 4.831 11.000 68920.000
2.956 7.656 4.908 10.000 68930.000
2.856 7.738 4.920 9.000 68939.000
2.794 7.785 4.757 10.000 68949.000
2.736 7.692 4.702 10.000 68959.000
3.026 7.455 4.745 11.000 68970.000
2.949 7.429 4.857 10.000 68980.000
2.815 7.496 4.922 9.000 68989.000
2.676 7.704 4.879 11.000 69000.000
2.549 7.841 4.843 9.000 69009.000
2.592 7.809 4.817 10.000 69019.000
2.693 7.685 4.838 11.000 69030.000
2.820 7.587 4.869 9.000 69039.000
2.935 7.560 4.893 10.000 69049.000
2.925 7.606 4.924 11.000 69060.000
2.880 7.666 4.967 10.000 69070.000
2.808 7.699 5.001 10.000 69080.000
2.760 7.728 5.068 9.000 69089.000
2.748 7.738 5.114 10.000 69099.000
2.794 7.728 5.111 10.000 69109.000
2.837 7.709 5.104 11.000 69120.000
2.856 7.694 5.063 10.000 69130.000
2.863 7.680 4.977 9.000 69139.000
2.825 7.661 4.927 11.000 69150.000
2.789 7.651 4.881 9.000 69159.000
2.779 7.639 4.869 10.000 69169.000
2.782 7.627 4.903 10.000 69179.000
2.822 7.623 4.929 10.000 69189.000
2.846 7.625 4.917 10.000 69199.000
2.844 7.630 4.872 10.000 69209.000
2.782 7.666 4.805 10.000 69219.000
2.705 7.704 4.745 11.000 69230.000
2.604 7.704 4.754 9.000 69239.000
2.557 7.675 4.776 10.000 69249.000
2.568 7.615 4.819 10.000 69259.000
2.640 7.560 4.841 10.000 69269.000
2.722 7.568 4.841 11.000 69280.000
2.750 7.603 4.829 9.000 69289.000
2.722 7.663 4.824 10.000 69299.000
2.633 7.718 4.841 10.000 69309.000
2.576 7.706 4.869 10.000 69319.000
2.561 7.666 4.886 10.000 69329.000
2.604 7.601 4.896 10.000 69339.000
2.705 7.548 4.908 11.000 69350.000
2.806 7.532 4.898 10.000 69360.000
2.844 7.548 4.900 10.000 69370.000
2.856 7.582 4.939 10.000 69380.000
2.810 7.603 4.975 10.000 69390.000
2.779 7.620 5.032 10.000 69400.000
2.791 7.599 5.023 10.000 69410.000
2.829 7.560 4.977 10.000 69420.000
2.839 7.503 4.934 10.000 69430.000
2.834 7.450 4.869 10.000 69440.000
2.774 7.503 4.917 10.000 69450.000
2.726 7.529 4.948 10.000 69460.000
2.707 7.575 4.977 10.000 69470.000
2.712 7.556 4.953 10.000 69480.000
2.748 7.465 4.884 10.000 69490.000
2.765 7.443 4.869 10.000 69500.000
2.762 7.445 4.865 10.000 69510.000
2.736 7.513 4.912 10.000 69520.000
2.700 7.563 4.967 10.000 69530.000
2.671 7.570 4.984 10.000 69540.000
2.681 7.532 4.975 10.000 69550.000
2.688 7.493 4.922 10.000 69560.000
2.705 7.472 4.862 10.000 69570.000
2.693 7.479 4.853 10.000 69580.000
2.698 7.496 4.869 10.000 69590.000
2.705 7.513 4.929 10.000 69600.000
2.712 7.508 4.989 10.000 69610.000
2.748 7.474 4.999 10.000 69620.000
2.726 7.467 5.001 10.000 69630.000
2.712 7.472 4.996 10.000 69640.000
2.698 7.498 4.991 10.000 69650.000
2.676 7.505 4.984 10.000 69660.000
2.676 7.498 4.975 10.000 69670.000
2.676 7.460 4.975 10.000 69680.000
2.628 7.410 5.104 10.000 69690.000
2.588 7.378 5.236 10.000 69700.000
2.557 7.331 5.078 10.000 69710.000
2.839 7.287 4.726 10.000 69720.000
3.169 7.256 4.244 10.000 69730.000
3.378 7.285 4.280 10.000 69740.000
3.576 7.331 4.606 10.000 69750.000
3.157 7.539 5.109 9.000 69759.000
2.837 7.757 5.374 10.000 69769.000
2.638 7.915 5.123 11.000 69780.000
2.511 7.924 4.948 9.000 69789.000
2.710 7.788 4.762 13.000 69802.000
2.810 7.642 4.812 7.000 69809.000
2.971 7.501 4.869 14.000 69823.000
3.086 7.467 4.857 16.000 69839.000
3.155 7.462 4.848 20.000 69859.000
3.169 7.548 4.778 14.000 69873.000
3.174 7.635 4.740 11.000 69884.000
3.153 7.762 4.695 5.000 69889.000
3.107 7.809 4.656 10.000 69899.000
3.117 7.766 4.678 10.000 69909.000
3.349 7.520 4.647 20.000 69929.000
3.100 7.398 4.762 10.000 69939.000
2.882 7.438 4.843 11.000 69950.000
2.664 7.479 4.924 9.000 69959.000
2.473 7.661 5.008 21.000 69980.000
2.762 7.718 4.946 9.000 69989.000
3.040 7.711 4.944 10.000 69999.000
3.318 7.704 4.941 11.000 70010.000
3.260 7.649 4.972 9.000 70019.000
3.246 7.613 4.958 21.000 70040.000
3.107 7.651 5.025 9.000 70049.000
2.978 7.639 5.027 20.000 70069.000
2.992 7.659 4.857 11.000 70080.000
2.964 7.659 4.733 10.000 70090.000
3.064 7.548 4.606 9.000 70099.000
3.155 7.489 4.544 10.000 70109.000
3.095 7.536 4.723 10.000 70119.000
3.028 7.584 4.850 10.000 70129.000
2.978 7.618 4.888 10.000 70139.000
2.937 7.639 4.948 10.000 70149.000
2.949 7.613 4.896 10.000 70159.000
2.968 7.587 4.896 10.000 70169.000
3.028 7.539 4.879 10.000 70179.000
3.078 7.503 4.841 10.000 70189.000
3.141 7.481 4.843 10.000 70199.000
3.193 7.462 4.845 10.000 70209.000
3.205 7.465 4.865 10.000 70219.000
3.191 7.462 4.862 10.000 70229.000
