# Accelerometer Data File
# 
#
#
# sensor Vendor: Bosch
# sensor Name: BMA254
# sensor Resolution: 0.009576807m/sec^2; Max Range: 39.2; Min Delay: 10000 microseconds
# The sensor's attributes are the result hardware and the Android capabilities.
# It means that the Android may not utilize all features provided by the hardware.
#
# Some devices and Android versions save battery too much so the device may go to sleep.
# It just happens after couple of minutes from turning off the scree and it is easy to find it out.
#
# The following file provides the data from accelerometer in the m/s^2 format.
# The diff value is just a time delta between the samples
#
#
# data format:
# so we have 4 columns with values separated by the " "
# X Y Z time_from_previous_sample(ms)

# sensor speed set to:FASTEST
# units set to: m/sec^2
# gravity NOT filtered out
# Accuracy: HIGH
-0.524 -11.355 5.054 10.000 78900.000
-0.105 -11.528 4.924 10.000 78910.000
-0.229 -11.760 4.745 10.000 78920.000
-0.651 -11.745 4.750 10.000 78930.000
-0.684 -11.487 4.577 10.000 78940.000
-0.478 -11.070 4.364 10.000 78950.000
-0.110 -10.472 3.809 10.000 78960.000
0.517 -10.029 3.567 10.000 78970.000
0.756 -9.830 3.502 10.000 78980.000
1.426 -9.279 3.349 10.000 78990.000
1.934 -8.911 3.538 10.000 79000.000
2.614 -8.736 3.177 10.000 79010.000
3.229 -8.714 2.650 10.000 79020.000
3.414 -9.045 2.212 10.000 79030.000
3.696 -9.715 1.534 10.000 79040.000
3.730 -10.208 1.130 10.000 79050.000
3.840 -10.737 1.084 10.000 79060.000
3.926 -11.200 1.067 10.000 79070.000
3.914 -11.322 1.290 10.000 79080.000
4.180 -10.912 1.417 10.000 79090.000
4.632 -10.153 1.376 10.000 79100.000
5.109 -9.461 1.307 10.000 79110.000
5.803 -9.026 1.091 10.000 79120.000
6.220 -9.121 0.972 10.000 79130.000
6.253 -9.504 0.696 10.000 79140.000
6.090 -9.730 0.553 10.000 79150.000
5.710 -9.698 0.555 10.000 79160.000
5.497 -9.595 0.622 10.000 79170.000
5.468 -9.366 0.818 10.000 79180.000
5.856 -9.330 0.617 10.000 79190.000
6.210 -9.217 0.134 10.000 79200.000
6.397 -9.176 -0.414 10.000 79210.000
6.495 -8.949 -1.134 10.000 79220.000
6.445 -8.652 -1.680 10.000 79230.000
6.428 -8.432 -1.944 10.000 79240.000
6.224 -8.446 -2.147 10.000 79250.000
6.110 -8.647 -2.178 10.000 79260.000
5.992 -8.880 -2.118 10.000 79270.000
6.011 -8.635 -2.128 10.000 79280.000
6.217 -8.157 -2.197 10.000 79290.000
6.495 -7.383 -2.267 10.000 79300.000
6.703 -6.612 -2.336 10.000 79310.000
6.998 -6.320 -2.319 10.000 79320.000
7.455 -6.157 -2.367 10.000 79330.000
7.841 -6.289 -2.415 10.000 79340.000
8.451 -6.457 -2.614 10.000 79350.000
8.851 -6.655 -2.961 10.000 79360.000
9.088 -6.725 -3.244 10.000 79370.000
9.399 -6.830 -3.737 10.000 79380.000
9.485 -6.900 -4.079 10.000 79390.000
9.404 -6.964 -4.328 10.000 79400.000
8.992 -6.895 -4.551 10.000 79410.000
8.506 -6.789 -4.563 10.000 79420.000
7.127 -6.469 -4.254 10.000 79430.000
5.904 -6.119 -3.907 9.000 79439.000
4.304 -5.659 -3.335 11.000 79450.000
2.135 -5.111 -2.456 10.000 79460.000
0.859 -4.778 -1.898 10.000 79470.000
-1.185 -4.101 -1.280 10.000 79480.000
-2.523 -3.667 -0.914 9.000 79489.000
-4.345 -2.779 -0.258 10.000 79499.000
-6.945 -1.738 1.410 10.000 79509.000
-8.777 -1.041 3.019 10.000 79519.000
-10.864 -0.732 5.039 11.000 79530.000
-12.265 -1.065 6.112 9.000 79539.000
-12.887 -1.551 6.172 10.000 79549.000
-13.888 -1.900 6.133 10.000 79559.000
-14.633 -1.862 5.683 10.000 79569.000
-14.796 -1.965 5.367 11.000 79580.000
-14.472 -2.389 4.544 10.000 79590.000
-13.771 -2.949 3.818 10.000 79600.000
-12.763 -3.440 2.619 10.000 79610.000
-11.971 -3.691 1.637 10.000 79620.000
-11.429 -3.234 0.893 10.000 79630.000
-10.860 -2.494 -0.090 10.000 79640.000
-10.596 -1.824 -0.600 10.000 79650.000
-10.335 -0.914 -1.156 10.000 79660.000
-10.096 -0.411 -1.417 11.000 79671.000
-9.885 -0.191 -1.438 9.000 79680.000
-9.710 -0.074 -1.501 10.000 79690.000
-9.533 -0.196 -1.517 10.000 79700.000
-9.744 -0.306 -1.580 10.000 79710.000
-9.753 -0.483 -1.776 10.000 79720.000
-9.727 -0.557 -1.932 10.000 79730.000
-9.200 -1.221 -2.312 10.000 79740.000
-8.499 -1.877 -2.671 10.000 79750.000
-7.752 -2.456 -3.129 10.000 79760.000
-7.283 -2.779 -3.397 10.000 79770.000
-7.314 -2.513 -3.440 10.000 79780.000
-7.582 -2.329 -3.296 10.000 79790.000
-7.508 -2.214 -2.980 10.000 79800.000
-7.156 -2.355 -2.853 10.000 79810.000
-6.720 -2.882 -2.537 10.000 79820.000
-6.047 -3.327 -2.408 10.000 79830.000
-6.076 -3.734 -1.788 10.000 79840.000
-6.883 -3.962 -0.811 10.000 79850.000
-7.773 -3.804 -0.023 10.000 79860.000
-9.351 -3.167 0.742 10.000 79870.000
-10.817 -2.509 1.077 10.000 79880.000
-10.888 -1.917 0.792 10.000 79890.000
-10.302 -1.158 0.301 10.000 79900.000
-9.028 -0.878 -0.167 10.000 79910.000
-8.228 -0.488 -0.332 10.000 79920.000
-8.492 -0.416 0.146 10.000 79930.000
-9.414 -0.512 0.830 10.000 79940.000
-10.278 0.201 2.245 10.000 79950.000
-10.668 0.804 3.356 10.000 79960.000
-10.223 2.422 4.206 10.000 79970.000
-8.724 4.539 4.577 10.000 79980.000
-7.283 5.846 4.218 10.000 79990.000
-6.035 6.751 3.940 10.000 80000.000
-5.176 6.847 3.543 10.000 80010.000
-6.095 6.165 3.773 10.000 80020.000
-7.857 4.651 3.624 10.000 80030.000
-9.425 3.541 3.394 10.000 80040.000
-9.904 2.602 3.184 10.000 80050.000
-10.175 1.972 2.880 10.000 80060.000
-9.603 2.173 2.954 10.000 80070.000
-9.490 2.149 3.462 10.000 80080.000
-10.467 1.953 3.950 10.000 80090.000
-10.699 1.740 3.869 10.000 80100.000
-10.884 1.434 3.861 10.000 80110.000
-10.608 1.352 3.421 10.000 80120.000
-10.000 1.704 2.810 10.000 80130.000
-9.619 2.044 2.715 10.000 80140.000
-10.812 2.173 3.294 10.000 80150.000
-11.616 2.173 3.615 10.000 80160.000
-12.753 1.740 4.106 10.000 80170.000
-12.818 0.751 4.707 10.000 80180.000
-12.655 0.325 4.888 10.000 80190.000
-12.880 0.028 5.329 10.000 80200.000
-13.086 0.263 5.202 10.000 80210.000
-14.365 1.053 4.965 10.000 80220.000
-12.885 1.165 4.627 10.000 80230.000
-12.579 1.209 4.941 13.000 80243.000
-12.291 0.720 5.822 10.000 80253.000
-12.478 0.737 6.421 7.000 80260.000
-14.125 1.173 6.789 10.000 80270.000
-13.170 1.462 6.107 10.000 80280.000
-11.544 1.745 5.805 10.000 80290.000
-9.445 1.522 5.786 10.000 80300.000
-8.188 0.950 5.961 10.000 80310.000
-8.360 0.593 6.536 10.000 80320.000
-9.588 0.208 6.615 10.000 80330.000
-10.247 0.112 6.687 10.000 80340.000
-10.062 0.366 6.564 10.000 80350.000
-9.406 1.347 6.746 10.000 80360.000
-8.401 2.568 6.866 10.000 80370.000
-7.965 3.500 6.993 10.000 80380.000
-7.620 4.460 6.715 10.000 80390.000
-7.747 4.692 6.133 10.000 80400.000
-8.152 4.369 6.028 10.000 80410.000
-8.370 4.259 6.215 10.000 80420.000
-8.497 4.120 6.806 10.000 80430.000
-8.585 3.940 7.618 10.000 80440.000
-8.360 4.113 8.130 10.000 80450.000
-8.449 4.436 8.492 10.000 80460.000
-8.384 4.876 8.908 20.000 80480.000
-8.078 5.305 9.076 10.000 80490.000
-7.639 5.640 9.373 10.000 80500.000
-7.074 5.612 9.528 10.000 80510.000
-6.567 5.652 9.414 10.000 80520.000
-6.339 5.746 9.327 10.000 80530.000
-6.354 6.629 9.157 10.000 80540.000
-6.756 7.113 9.097 10.000 80550.000
-7.254 7.410 9.253 10.000 80560.000
-7.793 8.027 9.971 10.000 80570.000
-8.221 7.948 10.644 10.000 80580.000
-8.032 8.465 11.494 10.000 80590.000
-8.556 8.197 12.148 10.000 80600.000
-9.040 7.608 12.239 10.000 80610.000
-9.102 6.856 11.920 10.000 80620.000
-7.984 6.452 10.826 10.000 80630.000
-6.153 6.833 9.928 10.000 80640.000
-3.706 7.115 9.059 10.000 80650.000
-1.680 7.560 8.599 10.000 80660.000
-0.471 6.873 8.037 13.000 80673.000
1.278 6.002 6.849 7.000 80680.000
2.413 5.228 5.633 10.000 80690.000
3.363 4.563 4.565 10.000 80700.000
3.720 4.486 4.089 10.000 80710.000
2.949 4.654 4.254 10.000 80720.000
1.853 4.639 4.077 10.000 80730.000
0.940 4.517 3.751 10.000 80740.000
0.062 3.859 3.342 10.000 80750.000
0.265 2.944 2.614 10.000 80760.000
0.648 2.576 1.831 20.000 80780.000
1.031 2.207 1.048 10.000 80790.000
0.854 2.126 0.134 10.000 80800.000
-0.193 1.786 -0.380 10.000 80810.000
-1.096 1.082 -0.497 10.000 80820.000
-2.205 0.040 -0.428 10.000 80830.000
-2.698 -0.543 0.153 20.000 80850.000
-2.597 -0.210 0.876 10.000 80860.000
-2.497 0.122 1.599 10.000 80870.000
-1.982 1.120 2.382 10.000 80880.000
-1.352 2.027 2.904 10.000 80890.000
-0.940 2.473 3.186 10.000 80900.000
-0.435 2.750 3.732 10.000 80910.000
-0.138 2.700 4.031 10.000 80920.000
-0.359 2.341 4.742 10.000 80930.000
-0.888 1.860 5.607 10.000 80940.000
-1.510 1.546 6.208 10.000 80950.000
-2.339 1.185 6.983 10.000 80960.000
-2.853 1.015 7.311 10.000 80970.000
-2.930 1.046 7.534 10.000 80980.000
-2.420 1.175 7.762 10.000 80990.000
-1.704 1.352 7.814 10.000 81000.000
-1.113 1.405 8.051 10.000 81010.000
-0.998 1.379 8.305 10.000 81020.000
-1.470 1.254 8.554 10.000 81030.000
-2.032 1.295 8.487 10.000 81040.000
-2.470 1.460 8.236 10.000 81050.000
-2.296 1.513 7.977 10.000 81060.000
-2.487 1.122 7.783 10.000 81070.000
-2.588 0.567 7.905 10.000 81080.000
-2.537 -0.565 7.975 10.000 81090.000
-2.753 -1.584 7.987 10.000 81100.000
-1.865 -2.013 7.702 10.000 81110.000
-1.446 -2.473 7.852 10.000 81120.000
-1.177 -2.355 8.056 10.000 81130.000
-1.142 -2.171 8.372 10.000 81140.000
-3.344 -2.408 9.291 20.000 81160.000
-4.896 -2.391 10.711 10.000 81170.000
-6.447 -2.375 12.131 10.000 81180.000
-6.232 -1.786 14.144 10.000 81190.000
-3.519 -1.003 15.188 10.000 81200.000
-0.988 -0.442 15.296 10.000 81210.000
0.864 -0.605 14.860 10.000 81220.000
1.230 -1.312 13.160 16.000 81236.000
0.600 -1.939 12.059 4.000 81240.000
-0.002 -2.873 10.867 10.000 81250.000
0.071 -3.083 10.218 10.000 81260.000
-0.775 -3.806 10.726 10.000 81270.000
-2.999 -3.375 11.662 20.000 81290.000
-5.267 -2.619 12.356 10.000 81300.000
-7.534 -1.862 13.050 10.000 81310.000
-8.145 -0.653 12.978 10.000 81320.000
-7.479 0.002 12.543 10.000 81330.000
-6.797 0.639 12.440 10.000 81340.000
-6.833 0.380 12.117 10.000 81350.000
-7.651 0.086 11.961 10.000 81360.000
-8.453 -1.379 11.757 10.000 81370.000
-8.640 -2.195 11.484 10.000 81380.000
-8.109 -2.116 11.432 10.000 81390.000
-7.575 -2.006 11.221 10.000 81400.000
-6.909 -1.695 10.888 11.000 81411.000
-6.859 -2.032 10.625 9.000 81420.000
-6.624 -2.420 10.402 10.000 81430.000
-6.392 -2.839 10.338 10.000 81440.000
-6.007 -2.791 10.436 10.000 81450.000
-5.477 -2.705 10.785 10.000 81460.000
-5.133 -2.568 11.094 10.000 81470.000
-4.386 -2.415 11.374 10.000 81480.000
-3.840 -2.360 11.597 10.000 81490.000
-3.059 -2.293 11.451 10.000 81500.000
-2.176 -1.752 11.317 10.000 81510.000
-1.695 -1.228 11.212 10.000 81520.000
-1.379 -0.821 11.042 10.000 81530.000
-1.441 -0.464 10.989 10.000 81540.000
-1.656 -0.811 10.807 10.000 81550.000
-2.252 -1.268 11.015 10.000 81560.000
-2.683 -1.608 11.288 10.000 81570.000
-3.375 -1.912 11.705 10.000 81580.000
-4.187 -1.972 12.291 12.000 81592.000
-4.618 -1.922 12.488 8.000 81600.000
-4.991 -2.011 12.605 10.000 81610.000
-5.104 -2.135 12.579 10.000 81620.000
-5.142 -2.296 12.667 13.000 81633.000
-5.267 -2.123 12.878 7.000 81640.000
-5.449 -1.812 13.168 10.000 81650.000
-5.667 -1.486 13.464 10.000 81660.000
-5.511 -1.256 13.589 12.000 81672.000
-5.269 -1.359 13.591 8.000 81680.000
-4.314 -1.300 13.421 10.000 81690.000
-3.323 -1.254 13.244 10.000 81700.000
-2.343 -0.727 12.911 12.000 81712.000
-2.159 0.086 12.591 8.000 81720.000
-2.688 0.737 12.442 10.000 81730.000
-3.969 1.525 12.643 10.000 81740.000
-5.516 1.948 13.005 10.000 81750.000
-6.023 1.977 13.182 10.000 81760.000
-5.702 2.243 12.610 10.000 81770.000
-4.630 2.372 11.688 10.000 81780.000
-3.675 2.334 10.716 10.000 81790.000
-3.260 2.595 10.230 25.000 81815.000
-3.440 2.743 10.450 5.000 81820.000
-3.620 2.892 10.670 10.000 81830.000
-3.086 3.215 10.766 13.000 81843.000
-2.147 3.356 10.218 7.000 81850.000
-1.443 3.373 9.713 10.000 81860.000
-0.667 3.404 9.217 10.000 81870.000
-0.488 3.428 8.896 10.000 81880.000
-0.320 3.445 8.937 10.000 81890.000
0.119 3.414 8.755 10.000 81900.000
0.488 3.368 8.564 10.000 81910.000
1.007 3.349 8.147 10.000 81920.000
1.431 3.327 7.699 10.000 81930.000
1.472 3.268 7.388 10.000 81940.000
1.393 3.131 7.000 10.000 81950.000
1.163 2.968 6.837 10.000 81960.000
1.118 3.098 6.581 10.000 81970.000
1.182 3.313 6.411 10.000 81980.000
1.496 3.854 6.373 10.000 81990.000
1.742 4.429 6.268 9.000 81999.000
1.805 4.711 6.256 10.000 82009.000
1.896 5.142 6.141 10.000 82019.000
1.757 5.377 6.033 10.000 82029.000
1.685 5.578 5.992 11.000 82040.000
1.628 5.892 6.016 9.000 82049.000
1.541 6.057 6.143 10.000 82059.000
1.663 6.239 6.148 10.000 82069.000
1.862 6.344 6.069 11.000 82080.000
2.047 6.337 5.925 10.000 82090.000
2.166 6.117 5.671 9.000 82099.000
2.178 5.827 5.477 10.000 82109.000
2.003 5.461 5.233 10.000 82119.000
1.910 5.204 4.922 11.000 82130.000
1.881 5.161 4.721 9.000 82139.000
1.838 5.353 4.623 10.000 82149.000
1.711 5.717 4.807 10.000 82159.000
1.503 5.971 5.058 10.000 82169.000
1.211 6.062 5.473 12.000 82181.000
0.933 5.918 5.784 9.000 82190.000
0.787 5.645 6.054 10.000 82200.000
0.608 5.295 6.296 10.000 82210.000
0.512 5.109 6.375 10.000 82220.000
0.517 5.025 6.392 10.000 82230.000
0.584 5.051 6.301 10.000 82240.000
0.742 5.346 6.162 20.000 82260.000
0.900 5.640 6.023 10.000 82270.000
0.854 5.726 5.932 10.000 82280.000
0.670 5.801 5.853 10.000 82290.000
0.428 5.683 5.851 10.000 82300.000
0.169 5.568 5.786 14.000 82314.000
0.014 5.559 5.736 6.000 82320.000
0.062 5.573 5.573 10.000 82330.000
0.150 5.583 5.372 10.000 82340.000
0.395 5.880 5.236 20.000 82360.000
0.639 6.177 5.099 10.000 82370.000
0.885 6.449 5.063 10.000 82380.000
1.235 6.555 4.989 10.000 82390.000
1.446 6.370 4.912 10.000 82400.000
1.719 6.215 4.809 10.000 82410.000
1.999 6.277 4.754 10.000 82420.000
2.135 6.512 4.776 10.000 82430.000
2.308 6.876 4.649 10.000 82440.000
2.403 7.235 4.493 13.000 82453.000
2.425 7.388 4.290 7.000 82460.000
2.432 7.546 4.039 10.000 82470.000
2.403 7.575 3.936 10.000 82480.000
2.489 7.568 3.730 10.000 82490.000
2.746 7.489 3.315 20.000 82510.000
2.961 7.331 2.966 10.000 82520.000
3.177 7.173 2.616 10.000 82530.000
3.014 7.005 2.600 10.000 82540.000
2.585 6.931 2.954 10.000 82550.000
2.212 6.931 3.292 10.000 82560.000
1.960 6.962 3.799 10.000 82570.000
1.987 7.015 4.132 10.000 82580.000
2.298 7.115 4.302 10.000 82590.000
2.585 7.302 4.467 10.000 82600.000
2.750 7.457 4.462 10.000 82610.000
2.597 7.587 4.383 10.000 82620.000
2.255 7.647 4.304 10.000 82630.000
1.857 7.551 4.374 9.000 82639.000
1.513 7.383 4.924 10.000 82649.000
1.486 7.242 5.549 10.000 82659.000
1.508 6.950 6.212 11.000 82670.000
1.362 6.615 6.744 10.000 82680.000
1.163 6.351 6.794 9.000 82689.000
0.955 6.112 6.900 10.000 82699.000
0.699 6.023 6.967 10.000 82709.000
0.730 6.160 7.017 10.000 82719.000
0.754 6.430 6.916 11.000 82730.000
0.787 6.677 6.761 9.000 82739.000
0.914 6.964 6.414 10.000 82749.000
1.000 7.139 6.071 10.000 82759.000
1.218 7.096 5.793 11.000 82770.000
1.472 7.007 5.425 10.000 82780.000
1.632 6.878 5.248 9.000 82789.000
1.800 6.744 4.958 10.000 82799.000
1.843 6.694 4.754 10.000 82809.000
1.776 6.531 4.714 10.000 82819.000
1.283 6.074 5.114 11.000 82830.000
0.782 5.621 5.626 9.000 82839.000
-0.251 4.625 6.782 10.000 82849.000
-0.007 3.943 8.255 10.000 82859.000
0.663 3.555 9.287 10.000 82869.000
3.007 4.357 9.124 10.000 82879.000
5.884 5.702 8.317 10.000 82889.000
7.065 6.754 6.684 10.000 82899.000
7.546 7.620 5.152 11.000 82910.000
6.354 7.297 4.814 9.000 82919.000
4.769 7.656 4.809 11.000 82930.000
3.677 8.154 5.243 10.000 82940.000
2.966 9.193 5.688 20.000 82960.000
2.255 10.232 6.133 9.000 82969.000
2.078 10.048 5.614 10.000 82979.000
2.056 9.662 5.169 11.000 82990.000
2.353 8.920 4.611 9.000 82999.000
2.729 8.226 4.158 10.000 83009.000
2.964 8.073 4.338 10.000 83019.000
2.968 8.207 4.161 10.000 83029.000
2.899 8.329 4.113 10.000 83039.000
2.750 8.403 3.960 10.000 83049.000
2.489 8.554 3.744 10.000 83059.000
2.264 8.645 3.821 20.000 83079.000
2.126 8.717 3.833 10.000 83089.000
1.987 8.789 3.845 10.000 83099.000
2.013 8.714 3.809 11.000 83110.000
2.114 8.621 3.742 9.000 83119.000
2.202 8.559 3.610 11.000 83130.000
2.260 8.552 3.555 9.000 83139.000
2.331 8.631 3.512 20.000 83159.000
2.327 8.607 3.507 10.000 83169.000
2.322 8.583 3.502 11.000 83180.000
2.355 8.499 3.433 9.000 83189.000
2.322 8.398 3.462 10.000 83199.000
2.351 8.422 3.469 10.000 83209.000
2.360 8.451 3.414 10.000 83219.000
2.363 8.485 3.347 11.000 83230.000
2.324 8.513 3.347 9.000 83239.000
2.212 8.453 3.409 10.000 83249.000
2.118 8.389 3.533 10.000 83259.000
2.085 8.348 3.660 10.000 83269.000
2.092 8.312 3.720 11.000 83280.000
2.238 8.504 3.600 9.000 83289.000
2.403 8.619 3.466 10.000 83299.000
2.509 8.710 3.330 10.000 83309.000
2.566 8.611 3.239 10.000 83319.000
2.537 8.346 3.270 10.000 83329.000
2.595 8.204 3.457 10.000 83339.000
2.557 8.231 3.464 10.000 83349.000
2.566 8.446 3.426 10.000 83359.000
2.537 8.633 3.311 10.000 83369.000
2.329 8.614 2.925 11.000 83380.000
2.217 8.427 2.719 9.000 83389.000
2.106 8.192 2.786 10.000 83399.000
2.035 7.987 2.930 11.000 83410.000
2.164 8.190 3.172 9.000 83419.000
2.319 8.331 3.457 10.000 83429.000
2.473 8.520 3.469 10.000 83439.000
2.602 8.623 3.476 10.000 83449.000
2.604 8.475 3.514 10.000 83459.000
2.576 8.437 3.466 10.000 83469.000
2.595 8.343 3.380 11.000 83480.000
2.638 8.336 3.299 9.000 83489.000
2.671 8.293 3.303 10.000 83499.000
2.710 8.202 3.351 10.000 83509.000
2.681 8.145 3.469 10.000 83519.000
2.674 8.269 3.679 11.000 83530.000
2.676 8.429 3.804 9.000 83539.000
2.671 8.631 3.849 10.000 83549.000
2.636 8.738 3.780 10.000 83559.000
2.578 8.664 3.617 11.000 83570.000
2.463 8.449 3.406 10.000 83580.000
2.355 8.192 3.275 9.000 83589.000
2.243 8.104 3.296 10.000 83599.000
2.214 8.202 3.339 10.000 83609.000
2.243 8.441 3.430 11.000 83620.000
2.281 8.635 3.421 10.000 83630.000
2.375 8.777 3.342 10.000 83640.000
2.341 8.590 3.177 9.000 83649.000
2.284 8.437 3.090 10.000 83659.000
2.217 8.329 3.105 10.000 83669.000
2.202 8.372 3.217 11.000 83680.000
2.324 8.513 3.371 9.000 83689.000
2.470 8.621 3.445 10.000 83699.000
2.626 8.583 3.438 10.000 83709.000
2.729 8.394 3.332 11.000 83720.000
2.700 8.310 3.268 10.000 83730.000
2.540 8.319 3.215 9.000 83739.000
2.370 8.475 3.244 10.000 83749.000
2.195 8.645 3.335 10.000 83759.000
2.059 8.753 3.409 10.000 83769.000
2.202 8.662 3.373 11.000 83780.000
2.418 8.513 3.363 9.000 83789.000
2.638 8.350 3.292 10.000 83799.000
2.715 8.303 3.201 10.000 83809.000
2.499 8.365 3.335 10.000 83819.000
2.212 8.485 3.442 11.000 83830.000
1.908 8.693 3.615 9.000 83839.000
1.747 8.786 3.806 10.000 83849.000
1.884 8.894 3.634 10.000 83859.000
2.080 8.786 3.462 10.000 83869.000
2.293 8.590 3.224 10.000 83879.000
2.425 8.339 3.275 11.000 83890.000
2.403 8.068 3.562 9.000 83899.000
2.319 8.214 3.813 10.000 83909.000
2.308 8.427 3.938 10.000 83919.000
2.377 8.695 3.775 11.000 83930.000
2.540 8.851 3.339 9.000 83939.000
2.789 8.750 2.961 10.000 83949.000
2.966 8.583 2.710 10.000 83959.000
3.141 8.489 2.619 11.000 83970.000
3.222 8.508 2.801 10.000 83980.000
3.129 8.623 2.999 14.000 83994.000
2.942 8.652 3.122 5.000 83999.000
2.758 8.607 3.083 10.000 84009.000
2.537 8.662 3.069 11.000 84020.000
2.408 8.676 3.016 10.000 84030.000
2.346 8.693 3.035 12.000 84042.000
2.279 8.525 3.145 8.000 84050.000
2.248 8.257 3.232 10.000 84060.000
2.202 8.336 3.196 10.000 84070.000
2.252 8.331 3.167 10.000 84080.000
2.308 8.511 3.047 10.000 84090.000
2.300 8.664 3.114 10.000 84100.000
2.308 8.470 3.303 10.000 84110.000
2.291 8.611 3.440 10.000 84120.000
2.319 8.717 3.545 10.000 84130.000
2.410 8.848 3.464 10.000 84140.000
2.487 8.836 3.246 10.000 84150.000
2.518 8.657 3.078 10.000 84160.000
2.499 8.487 2.920 11.000 84171.000
2.458 8.389 2.918 9.000 84180.000
2.432 8.434 3.052 10.000 84190.000
2.406 8.547 3.236 11.000 84201.000
2.418 8.650 3.342 9.000 84210.000
2.451 8.681 3.292 10.000 84220.000
2.439 8.631 3.222 10.000 84230.000
2.427 8.513 3.102 10.000 84240.000
2.334 8.473 3.191 10.000 84250.000
2.257 8.508 3.284 10.000 84260.000
2.226 8.626 3.397 10.000 84270.000
2.226 8.729 3.447 10.000 84280.000
2.274 8.791 3.390 10.000 84290.000
2.286 8.722 3.332 10.000 84300.000
2.293 8.628 3.318 10.000 84310.000
2.269 8.549 3.366 10.000 84320.000
2.276 8.520 3.385 10.000 84330.000
2.264 8.508 3.404 10.000 84340.000
2.257 8.520 3.380 10.000 84350.000
2.252 8.559 3.390 10.000 84360.000
2.217 8.547 3.428 10.000 84370.000
2.243 8.559 3.462 10.000 84380.000
2.257 8.549 3.459 11.000 84391.000
2.269 8.513 3.423 8.000 84399.000
2.264 8.544 3.416 10.000 84409.000
2.236 8.590 3.409 10.000 84419.000
2.243 8.659 3.433 11.000 84430.000
2.272 8.647 3.406 9.000 84439.000
2.317 8.568 3.351 10.000 84449.000
2.334 8.482 3.289 10.000 84459.000
2.327 8.394 3.232 10.000 84469.000
2.305 8.425 3.246 11.000 84480.000
2.238 8.422 3.325 9.000 84489.000
2.200 8.427 3.411 10.000 84499.000
2.173 8.451 3.488 10.000 84509.000
2.166 8.456 3.490 10.000 84519.000
2.205 8.494 3.428 11.000 84530.000
2.243 8.489 3.359 9.000 84539.000
2.269 8.465 3.299 10.000 84549.000
2.262 8.401 3.325 10.000 84559.000
2.252 8.367 3.416 10.000 84569.000
2.243 8.377 3.514 10.000 84579.000
2.236 8.451 3.584 10.000 84589.000
2.236 8.547 3.620 10.000 84599.000
2.243 8.578 3.576 10.000 84609.000
2.267 8.561 3.538 10.000 84619.000
2.288 8.480 3.529 10.000 84629.000
2.317 8.389 3.485 11.000 84640.000
2.334 8.365 3.450 10.000 84650.000
2.334 8.389 3.409 10.000 84660.000
2.310 8.441 3.406 10.000 84670.000
2.279 8.504 3.438 10.000 84680.000
2.272 8.523 3.507 10.000 84690.000
2.274 8.506 3.545 10.000 84700.000
2.300 8.461 3.545 10.000 84710.000
2.300 8.422 3.598 10.000 84720.000
2.284 8.394 3.620 10.000 84730.000
2.240 8.465 3.687 10.000 84740.000
2.212 8.525 3.737 10.000 84750.000
2.209 8.578 3.734 10.000 84760.000
2.217 8.561 3.713 10.000 84770.000
2.250 8.487 3.694 10.000 84780.000
2.269 8.425 3.691 10.000 84790.000
2.274 8.394 3.706 10.000 84800.000
2.269 8.432 3.739 10.000 84810.000
2.209 8.427 3.694 10.000 84820.000
2.114 8.418 3.605 10.000 84830.000
2.032 8.377 3.500 10.000 84840.000
2.056 8.262 3.392 10.000 84850.000
2.126 8.183 3.347 10.000 84860.000
2.375 8.164 3.490 10.000 84870.000
2.552 8.293 3.679 10.000 84880.000
2.624 8.497 3.871 10.000 84890.000
2.564 8.669 3.969 10.000 84900.000
2.358 8.734 3.871 10.000 84910.000
2.224 8.650 3.727 10.000 84920.000
2.176 8.516 3.603 10.000 84930.000
2.260 8.413 3.572 10.000 84940.000
2.346 8.362 3.550 12.000 84952.000
2.406 8.315 3.526 8.000 84960.000
2.379 8.317 3.483 10.000 84970.000
2.243 8.319 3.517 10.000 84980.000
2.106 8.322 3.591 10.000 84990.000
1.963 8.362 3.768 10.000 85000.000
1.908 8.465 3.866 10.000 85010.000
1.963 8.568 3.888 10.000 85020.000
2.094 8.604 3.830 10.000 85030.000
2.231 8.513 3.624 10.000 85040.000
2.279 8.360 3.497 10.000 85050.000
2.276 8.228 3.411 10.000 85060.000
2.197 8.164 3.404 10.000 85070.000
2.128 8.262 3.538 11.000 85081.000
2.087 8.391 3.715 8.000 85089.000
2.097 8.499 3.852 10.000 85099.000
2.154 8.566 3.892 10.000 85109.000
2.231 8.556 3.840 11.000 85120.000
2.250 8.492 3.792 10.000 85130.000
2.248 8.501 3.775 9.000 85139.000
2.197 8.552 3.854 10.000 85149.000
2.190 8.576 3.931 10.000 85159.000
2.212 8.623 3.960 11.000 85170.000
